1731948466.5187595,2.5,0.0
1731948466.5189817,2.5,0.0
1731948466.5377617,2.5,0.0
1731948466.557195,2.5,0.0
1731948466.5804493,2.5,0.0
1731948466.5968208,2.5,0.0
1731948466.6175785,2.5,0.0
1731948466.6370564,2.5,0.0
1731948466.656819,2.5,0.0
1731948466.6768286,2.5,0.0
1731948466.6973777,2.5,0.0
1731948466.7172892,2.5,0.0
1731948466.7369983,2.5,0.0
1731948466.7581956,2.5,0.0
1731948466.7790213,2.5,0.0
1731948466.7981143,2.5,0.0
1731948466.8167677,2.5,0.0
1731948466.8380225,2.5,0.0
1731948466.8611212,2.5,0.0
1731948466.8775764,2.5,0.0
1731948466.8969858,2.5,0.0
1731948466.9180892,2.5,0.0
1731948466.937146,2.5,0.0
1731948466.9626045,2.5,0.0
1731948466.9793227,2.5,0.0
1731948466.999064,2.5,0.0
1731948467.0169775,2.5,0.0
1731948467.0388176,2.5,0.0
1731948467.0570703,2.5,0.0
1731948467.0784862,2.5,0.16
1731948467.098607,2.5,0.16
1731948467.1172512,2.5,0.16
1731948467.1372366,2.5,0.29
1731948467.1582856,2.5,0.29
1731948467.177706,2.5,0.39
1731948467.1982863,2.5,0.39
1731948467.217472,2.5,0.39
1731948467.238185,2.5,0.47
1731948467.2571187,2.5,0.47
1731948467.2768223,2.5,0.54
1731948467.2969365,2.5,0.54
1731948467.317547,2.5,0.54
1731948467.3370092,2.5,0.58
1731948467.357818,2.5,0.58
1731948467.3777852,2.5,0.62
1731948467.3972306,2.5,0.62
1731948467.4174812,2.5,0.62
1731948467.4375834,2.5,0.65
1731948467.4583068,2.5,0.65
1731948467.477586,2.5,0.67
1731948467.498428,2.5,0.67
1731948467.517242,2.5,0.67
1731948467.5380769,2.5,0.69
1731948467.5569184,2.5,0.69
1731948467.5775127,2.5,0.69
1731948467.597064,-2.5,0.7
1731948467.616968,-2.5,0.7
1731948467.6383436,-2.5,0.7
1731948467.6604886,-2.5,0.7
1731948467.6800885,-2.5,0.7
1731948467.6987004,-2.5,0.7
1731948467.7174716,-2.5,0.7
1731948467.739871,-2.5,0.7
1731948467.7574537,-2.5,0.7
1731948467.7780333,-2.5,0.7
1731948467.7983575,-2.5,0.7
1731948467.8183255,-2.5,0.7
1731948467.8372304,-2.5,0.7
1731948467.8576393,-2.5,0.7
1731948467.8771791,-2.5,0.7
1731948467.8971035,-2.5,0.7
1731948467.9171834,-2.5,0.7
1731948467.9370806,-2.5,0.7
1731948467.9571872,-2.5,0.7
1731948467.9779527,-2.5,0.7
1731948467.9976795,-2.5,0.7
1731948468.0180275,-2.5,0.7
1731948468.037213,2.5,0.7
1731948468.057177,2.5,0.7
1731948468.0772176,2.5,0.7
1731948468.0971856,2.5,0.7
1731948468.1210964,2.5,0.7
1731948468.1369328,2.5,0.7
1731948468.156876,2.5,0.7
1731948468.177927,2.5,0.7
1731948468.1978712,2.5,0.7
1731948468.2172008,2.5,0.7
1731948468.23741,2.5,0.7
1731948468.257145,2.5,0.7
1731948468.2772036,2.5,0.7
1731948468.2972488,2.5,0.7
1731948468.317528,2.5,0.7
1731948468.337271,2.5,0.7
1731948468.3574233,2.5,0.7
1731948468.3775358,2.5,0.7
1731948468.3973312,2.5,0.7
1731948468.4174697,2.5,0.7
1731948468.4373405,2.5,0.7
1731948468.4578962,2.5,0.7
1731948468.479558,2.5,0.7
1731948468.4972653,2.5,0.7
1731948468.5171275,2.5,0.7
1731948468.5374882,2.5,0.7
1731948468.557842,2.5,0.7
1731948468.5775278,2.5,0.7
1731948468.5973105,2.5,0.7
1731948468.6178262,2.5,0.7
1731948468.6372626,2.5,0.7
1731948468.6574152,2.5,0.7
1731948468.6774657,2.5,0.7
1731948468.6968648,2.5,0.7
1731948468.7179391,2.5,0.7
1731948468.7368505,2.5,0.7
1731948468.7600405,2.5,0.7
1731948468.7780733,2.5,0.7
1731948468.7973845,2.5,0.7
1731948468.8185196,2.5,0.7
1731948468.840344,2.5,0.7
1731948468.860402,2.5,0.7
1731948468.879137,2.5,0.7
1731948468.9015996,2.5,0.7
1731948468.917818,2.5,0.7
1731948468.9376357,2.5,0.7
1731948468.9620876,2.5,0.7
1731948468.978729,2.5,0.7
1731948468.9976387,2.5,0.7
1731948469.0210404,2.5,0.7
1731948469.040011,2.5,0.7
1731948469.0623994,2.5,0.7
1731948469.0792093,2.5,0.7
1731948469.0987017,2.5,0.7
1731948469.1180518,2.5,0.7
1731948469.1383204,2.5,0.7
1731948469.1590533,2.5,0.7
1731948469.1785438,2.5,0.7
1731948469.1980486,2.5,0.7
1731948469.2170625,2.5,0.7
1731948469.237608,2.5,0.7
1731948469.2586446,2.5,0.7
1731948469.277244,2.5,0.7
1731948469.297749,2.5,0.7
1731948469.3179805,2.5,0.7
1731948469.3402553,2.5,0.7
1731948469.3610551,2.5,0.7
1731948469.3777633,2.5,0.7
1731948469.3978846,2.5,0.7
1731948469.4178083,2.5,0.7
1731948469.4373255,2.5,0.7
1731948469.4574966,2.5,0.7
1731948469.4775658,2.5,0.7
1731948469.4988682,2.5,0.7
1731948469.5171087,2.5,0.7
1731948469.5382497,2.5,0.7
1731948469.5586464,2.5,0.7
1731948469.5771108,2.5,0.7
1731948469.5971315,2.5,0.7
1731948469.6175907,2.5,0.7
1731948469.6370661,2.5,0.7
1731948469.6586223,2.5,0.7
1731948469.6774285,2.5,0.7
1731948469.6969237,2.5,0.7
1731948469.717161,2.5,0.7
1731948469.7375119,2.5,0.7
1731948469.7572565,2.5,0.7
1731948469.77723,2.5,0.7
1731948469.797723,2.5,0.7
1731948469.817648,2.5,0.7
1731948469.8373253,2.5,0.7
1731948469.8594954,2.5,0.7
1731948469.884656,2.5,0.7
1731948469.8988044,2.5,0.7
1731948469.9177978,2.5,0.7
1731948469.9375887,2.5,0.7
1731948469.9568968,2.5,0.7
1731948469.9776862,2.5,0.7
1731948469.9976208,2.5,0.7
1731948470.0169165,2.5,0.7
1731948470.0377946,2.5,0.7
1731948470.058376,2.5,0.7
1731948470.0805202,2.5,0.7
1731948470.0970552,2.5,0.7
1731948470.1179318,2.5,0.7
1731948470.137575,2.5,0.7
1731948470.1597466,2.5,0.7
1731948470.1787004,2.5,0.7
1731948470.2003937,2.5,0.7
1731948470.2187314,2.5,0.7
1731948470.238781,2.5,0.7
1731948470.2589223,2.5,0.7
1731948470.2785418,2.5,0.7
1731948470.29717,2.5,0.7
1731948470.317555,2.5,0.7
1731948470.3371003,2.5,0.7
1731948470.3574715,2.5,0.7
1731948470.377993,2.5,0.7
1731948470.397876,2.5,0.7
1731948470.41758,2.5,0.7
1731948470.4384527,2.5,0.7
1731948470.460282,2.5,0.7
1731948470.4778047,2.5,0.7
1731948470.497372,2.5,0.7
1731948470.5178537,2.5,0.7
1731948470.537362,2.5,0.7
1731948470.5581381,2.5,0.7
1731948470.578718,2.5,0.7
1731948470.5970387,2.5,0.7
1731948470.6170363,2.5,0.7
1731948470.637576,2.5,0.7
1731948470.6578045,2.5,0.7
1731948470.6774,2.5,0.7
1731948470.6979718,2.5,0.7
1731948470.7169406,2.5,0.7
1731948470.7380965,2.5,0.7
1731948470.757872,2.5,0.7
1731948470.7773113,2.5,0.7
1731948470.7981238,2.5,0.7
1731948470.8173726,2.5,0.7
1731948470.8368168,2.5,-0.7
1731948470.8621097,2.5,-0.7
1731948470.8781104,2.5,-0.7
1731948470.8973625,2.5,-0.7
1731948470.9182968,2.5,-0.7
1731948470.9379947,2.5,-0.7
1731948470.959408,2.5,-0.7
1731948470.9775946,2.5,-0.7
1731948470.9985752,2.5,-0.7
1731948471.017125,2.5,-0.7
1731948471.0378687,2.5,-0.7
1731948471.057896,2.5,-0.7
1731948471.078995,2.5,-0.7
1731948471.097345,2.5,-0.7
1731948471.1188953,2.5,-0.7
1731948471.1377044,2.5,-0.7
1731948471.1602726,2.5,-0.7
1731948471.1770062,2.5,-0.7
1731948471.2015214,2.5,-0.7
1731948471.217537,2.5,-0.7
1731948471.2371912,2.5,-0.7
1731948471.2580016,2.5,-0.7
1731948471.2768776,2.5,-0.7
1731948471.2988267,2.5,-0.7
1731948471.318814,2.5,-0.7
1731948471.3384345,2.5,-0.7
1731948471.3590026,2.5,-0.7
1731948471.3783243,2.5,-0.7
1731948471.3984528,2.5,-0.7
1731948471.418808,2.5,-0.7
1731948471.4373693,2.5,-0.7
1731948471.4579325,2.5,-0.7
1731948471.4770453,2.5,-0.7
1731948471.497791,2.5,-0.7
1731948471.5176883,2.5,-0.7
1731948471.537629,2.5,-0.7
1731948471.5577085,2.5,-0.7
1731948471.5777206,2.5,-0.7
1731948471.5984576,2.5,-0.7
1731948471.621226,2.5,-0.7
1731948471.6380975,2.5,-0.7
1731948471.6589947,2.5,-0.7
1731948471.6773367,2.5,-0.7
1731948471.697513,2.5,-0.7
1731948471.71814,2.5,-0.7
1731948471.7376115,2.5,-0.7
1731948471.7598329,2.5,-0.7
1731948471.7774246,2.5,-0.7
1731948471.797252,2.5,-0.7
1731948471.8174243,2.5,-0.7
1731948471.837927,2.5,-0.7
1731948471.858339,2.5,-0.7
1731948471.8775625,2.5,-0.7
1731948471.8984144,2.5,-0.7
1731948471.9175198,2.5,-0.7
1731948471.937531,2.5,-0.7
1731948471.9581747,2.5,-0.7
1731948471.9775872,2.5,-0.7
1731948471.9991922,2.5,-0.7
1731948472.0172777,2.5,-0.7
1731948472.037481,2.5,-0.7
1731948472.059243,2.5,-0.7
1731948472.0771785,2.5,-0.7
1731948472.097353,2.5,-0.7
1731948472.1179767,2.5,-0.7
1731948472.1383028,2.5,-0.7
1731948472.1574268,2.5,-0.7
1731948472.17772,2.5,-0.7
1731948472.1976252,2.5,-0.7
1731948472.2172265,2.5,-0.7
1731948472.2390227,2.5,-0.7
1731948472.2604153,2.5,-0.7
1731948472.2771554,2.5,-0.7
1731948472.297145,2.5,-0.7
1731948472.3178537,2.5,-0.7
1731948472.3378859,2.5,-0.7
1731948472.3575373,2.5,-0.7
1731948472.3781836,2.5,-0.7
1731948472.3977458,2.5,-0.7
1731948472.418409,2.5,-0.7
1731948472.4383748,2.5,-0.7
1731948472.4585707,2.5,-0.7
1731948472.4786384,2.5,-0.7
1731948472.4978619,2.5,-0.7
1731948472.5187356,2.5,-0.7
1731948472.5404654,2.5,-0.7
1731948472.55712,2.5,-0.7
1731948472.5771084,2.5,-0.7
1731948472.597697,2.5,-0.7
1731948472.6172454,2.5,-0.7
1731948472.6375546,2.5,-0.7
1731948472.6586568,2.5,-0.7
1731948472.6777754,2.5,-0.7
1731948472.6973557,2.5,-0.7
1731948472.7193882,2.5,-0.7
1731948472.7391114,2.5,-0.7
1731948472.7607522,2.5,-0.7
1731948472.7781644,2.5,-0.7
1731948472.7972667,2.5,-0.7
1731948472.817428,2.5,-0.7
1731948472.838551,2.5,-0.7
1731948472.8572774,2.5,-0.7
1731948472.8791156,2.5,-0.7
1731948472.8976483,2.5,-0.7
1731948472.9172206,2.5,-0.7
1731948472.9372091,2.5,-0.7
1731948472.9580462,2.5,-0.7
1731948472.9780908,2.5,-0.7
1731948472.997144,2.5,-0.7
1731948473.0180407,2.5,-0.7
1731948473.0396059,2.5,-0.7
1731948473.0574987,2.5,-0.7
1731948473.0771363,2.5,-0.7
1731948473.0995193,2.5,-0.7
1731948473.1173217,2.5,-0.7
1731948473.137606,2.5,-0.7
1731948473.158487,2.5,-0.7
1731948473.177898,2.5,-0.7
1731948473.1974318,2.5,-0.7
1731948473.2203455,2.5,-0.7
1731948473.2400656,2.5,-0.7
1731948473.2571783,2.5,-0.7
1731948473.2773502,2.5,-0.7
1731948473.2974102,2.5,-0.7
1731948473.3172283,2.5,-0.7
1731948473.3372304,2.5,-0.7
1731948473.357085,2.5,-0.7
1731948473.377081,2.5,-0.7
1731948473.401071,2.5,-0.7
1731948473.4175413,2.5,-0.7
1731948473.4376729,2.5,-0.7
1731948473.4575222,2.5,-0.7
1731948473.4806216,2.5,-0.7
1731948473.498072,2.5,-0.7
1731948473.5284185,2.5,-0.7
1731948473.540679,2.5,-0.7
1731948473.5588493,2.5,-0.7
1731948473.5805423,2.5,-0.7
1731948473.5973685,2.5,-0.7
1731948473.6179147,2.5,-0.7
1731948473.6376724,2.5,-0.7
1731948473.6571329,2.5,-0.7
1731948473.6783173,2.5,-0.7
1731948473.6979282,2.5,-0.7
1731948473.7184873,2.5,-0.7
1731948473.7369165,2.5,-0.7
1731948473.7588303,2.5,-0.7
1731948473.777152,2.5,-0.7
1731948473.797376,2.5,-0.7
1731948473.8172953,2.5,-0.7
1731948473.8371727,2.5,-0.7
1731948473.856948,2.5,-0.7
1731948473.8772743,2.5,-0.7
1731948473.8992655,2.5,-0.7
1731948473.917121,2.5,-0.7
1731948473.9380224,2.5,-0.7
1731948473.9584322,2.5,-0.7
1731948473.9782624,2.5,-0.7
1731948474.0002692,2.5,-0.7
1731948474.017405,2.5,-0.7
1731948474.0383978,2.5,-0.7
1731948474.0578656,2.5,-0.7
1731948474.0789094,2.5,-0.7
1731948474.0978944,2.5,-0.7
1731948474.117198,2.5,-0.7
1731948474.1372223,2.5,-0.7
1731948474.1579125,2.5,-0.7
1731948474.1778796,2.5,-0.7
1731948474.197499,2.5,-0.7
1731948474.2182157,2.5,-0.7
1731948474.2388744,2.5,-0.7
1731948474.2584531,2.5,-0.7
1731948474.2774076,2.5,-0.7
1731948474.300588,2.5,-0.7
1731948474.3169444,2.5,-0.7
1731948474.3369436,2.5,-0.7
1731948474.360162,2.5,-0.7
1731948474.376963,2.5,-0.7
1731948474.3980305,2.5,-0.7
1731948474.4168692,2.5,-0.7
1731948474.4370258,2.5,-0.7
1731948474.4571688,2.5,-0.7
1731948474.4767382,2.5,-0.7
1731948474.4968443,2.5,-0.7
1731948474.516837,2.5,-0.7
1731948474.5377867,2.5,-0.7
1731948474.5573363,2.5,-0.7
1731948474.5769398,2.5,-0.7
1731948474.598395,2.5,-0.7
1731948474.617791,2.5,-0.7
1731948474.6395254,2.5,-0.7
1731948474.657289,2.5,-0.7
1731948474.6777365,2.5,-0.7
1731948474.6975825,2.5,-0.7
1731948474.7178826,2.5,-0.7
1731948474.7371333,2.5,-0.7
1731948474.7569566,2.5,-0.7
1731948474.7783556,2.5,-0.7
1731948474.8001575,2.5,-0.7
1731948474.8178544,2.5,-0.7
1731948474.8371909,2.5,-0.7
1731948474.8575907,2.5,-0.7
1731948474.8768642,2.5,-0.7
1731948474.8971417,2.5,-0.7
1731948474.917462,2.5,-0.7
1731948474.9387922,2.5,-0.7
1731948474.9596884,2.5,-0.7
1731948474.9774244,2.5,-0.7
1731948474.997068,2.5,-0.7
1731948475.0184612,2.5,-0.7
1731948475.0376294,2.5,-0.7
1731948475.0576606,2.5,-0.7
1731948475.0769794,2.5,-0.7
1731948475.0970137,2.5,-0.7
1731948475.1194127,2.5,-0.7
1731948475.1373851,2.5,-0.7
1731948475.1577787,2.5,-0.7
1731948475.1837504,2.5,-0.7
1731948475.1968834,2.5,-0.7
1731948475.2175922,2.5,-0.7
1731948475.2377033,2.5,-0.7
1731948475.2568707,2.5,-0.7
1731948475.2773304,2.5,-0.7
1731948475.2969446,2.5,-0.7
1731948475.3170297,2.5,-0.7
1731948475.3375595,2.5,-0.7
1731948475.357242,2.5,-0.7
1731948475.3767662,2.5,-0.7
1731948475.39775,2.5,-0.7
1731948475.4186816,2.5,-0.7
1731948475.437573,2.5,-0.7
1731948475.4615386,2.5,-0.7
1731948475.4773126,2.5,-0.7
1731948475.4978907,2.5,-0.7
1731948475.5181808,2.5,-0.7
1731948475.538132,2.5,-0.7
1731948475.55974,2.5,-0.7
1731948475.5791564,2.5,-0.7
1731948475.5970404,2.5,-0.7
1731948475.6169367,2.5,-0.7
1731948475.6375115,2.5,-0.7
1731948475.6587543,2.5,-0.7
1731948475.67798,2.5,-0.7
1731948475.697241,2.5,-0.7
1731948475.7172241,2.5,-0.7
1731948475.7372646,2.5,-0.7
1731948475.7594397,2.5,-0.7
1731948475.7776535,2.5,-0.7
1731948475.797207,2.5,-0.7
1731948475.8172047,2.5,-0.7
1731948475.8370516,2.5,-0.7
1731948475.8570795,2.5,-0.7
1731948475.8771262,2.5,-0.7
1731948475.8972416,2.5,-0.7
1731948475.917152,2.5,-0.7
1731948475.938042,2.5,-0.7
1731948475.9595027,2.5,-0.7
1731948475.9774306,2.5,-0.7
1731948475.9999945,2.5,-0.7
1731948476.0185924,2.5,-0.7
1731948476.0395215,2.5,-0.7
1731948476.0585694,2.5,-0.7
1731948476.0772245,2.5,-0.7
1731948476.09751,2.5,-0.7
1731948476.1172075,2.5,-0.7
1731948476.137673,2.5,-0.7
1731948476.1602864,2.5,-0.7
1731948476.1773558,2.5,-0.7
1731948476.1981409,2.5,-0.7
1731948476.2173626,2.5,-0.7
1731948476.236899,2.5,-0.7
1731948476.2606053,2.5,-0.7
1731948476.278456,2.5,-0.7
1731948476.2975123,2.5,-0.7
1731948476.3174293,2.5,-0.7
1731948476.338156,2.5,-0.7
1731948476.3581386,2.5,-0.7
1731948476.378768,2.5,-0.7
1731948476.3969796,2.5,-0.7
1731948476.4174428,2.5,-0.7
1731948476.4389846,2.5,-0.7
1731948476.45737,2.5,-0.7
1731948476.4792714,2.5,-0.7
1731948476.497601,2.5,-0.7
1731948476.5173569,2.5,-0.7
1731948476.537552,2.5,-0.7
1731948476.55682,2.5,-0.7
1731948476.5769184,2.5,-0.7
1731948476.5982544,2.5,-0.7
1731948476.6190226,2.5,-0.7
1731948476.6395547,2.5,-0.7
1731948476.659068,2.5,-0.7
1731948476.6803894,2.5,-0.7
1731948476.698133,2.5,-0.7
1731948476.7171535,2.5,-0.7
1731948476.7370086,2.5,-0.7
1731948476.7663798,2.5,-0.7
1731948476.779759,2.5,-0.7
1731948476.797871,2.5,-0.7
1731948476.8177567,2.5,-0.7
1731948476.8374696,2.5,-0.7
1731948476.8581812,2.5,-0.7
1731948476.87709,2.5,-0.7
1731948476.897613,2.5,-0.7
1731948476.9172897,2.5,-0.7
1731948476.9375954,2.5,-0.7
1731948476.9590812,2.5,-0.7
1731948476.9778924,2.5,-0.7
1731948476.9980168,2.5,-0.7
1731948477.018468,2.5,-0.7
1731948477.0370288,2.5,-0.7
1731948477.058682,2.5,-0.7
1731948477.0782824,2.5,-0.7
1731948477.1030679,2.5,-0.7
1731948477.119666,2.5,-0.7
1731948477.1373413,2.5,-0.7
1731948477.1589131,2.5,-0.7
1731948477.1785624,2.5,-0.7
1731948477.1990712,2.5,-0.7
1731948477.2179945,2.5,-0.7
1731948477.236879,2.5,-0.7
1731948477.2577004,2.5,-0.7
1731948477.2776802,2.5,-0.7
1731948477.297869,2.5,-0.7
1731948477.3177109,2.5,-0.7
1731948477.3373265,2.5,-0.7
1731948477.3599546,2.5,-0.7
1731948477.378316,2.5,-0.7
1731948477.3969972,2.5,-0.7
1731948477.417408,2.5,-0.7
1731948477.4372005,2.5,-0.7
1731948477.4577608,2.5,-0.7
1731948477.4784825,2.5,-0.7
1731948477.4979322,2.5,-0.7
1731948477.5176797,2.5,-0.7
1731948477.5379987,2.5,-0.7
1731948477.55878,2.5,-0.7
1731948477.577453,2.5,-0.7
1731948477.597219,2.5,-0.7
1731948477.617328,2.5,-0.7
1731948477.6376233,2.5,-0.7
1731948477.66469,2.5,-0.7
1731948477.681446,2.5,-0.7
1731948477.6981027,2.5,-0.7
1731948477.7173872,2.5,-0.7
1731948477.7369308,2.5,-0.7
1731948477.7573242,2.5,-0.7
1731948477.7771747,2.5,-0.7
1731948477.7975583,2.5,-0.7
1731948477.8172662,2.5,-0.7
1731948477.8372898,2.5,-0.7
1731948477.8600254,2.5,-0.7
1731948477.8807096,2.5,-0.7
1731948477.8977234,2.5,-0.7
1731948477.9190044,2.5,-0.7
1731948477.9398527,2.5,-0.7
1731948477.9578629,2.5,-0.7
