1731946715.172159,0.0,0.0,0.0
1731946715.1728153,0.0,0.0,0.0
1731946715.1816716,0.0,0.0,0.0
1731946715.203871,0.0,0.0,0.0
1731946715.2314036,0.0,0.0,0.0
1731946715.2459078,0.0,0.0,0.0
1731946715.2634168,0.0,0.0,0.0
1731946715.2880414,0.0,0.0,0.0
1731946715.303509,0.0,0.0,0.0
1731946715.3274064,0.0,0.0,0.0
1731946715.342698,0.0,0.0,0.0
1731946715.3625758,0.0,0.0,0.0
1731946715.3822715,0.0,0.0,0.0
1731946715.402187,0.0,0.0,0.0
1731946715.4220994,0.0,0.0,0.0
1731946715.442577,0.0,0.0,0.0
1731946715.4616432,0.0,0.0,0.0
1731946715.4814558,0.0,0.0,0.0
1731946715.5030859,0.0,0.0,0.0
1731946715.5251598,0.0,0.0,0.0
1731946715.5434446,0.0,0.0,0.0
1731946715.562932,0.0,0.0,0.0
1731946715.5817819,0.0,0.0,0.0
1731946715.6021945,0.0,0.0,0.0
1731946715.6217759,0.0,0.0,0.0
1731946715.6423032,0.0,0.0,0.0
1731946715.662496,0.0,0.0,0.0
1731946715.6820257,0.0,0.0,0.0
1731946715.7018144,0.0,0.0,0.0
1731946715.7219222,0.0,0.0,0.0
1731946715.7420282,0.0,0.0,0.0
1731946715.7630646,0.0,0.0,0.0
1731946715.7840807,0.0,0.0,0.0
1731946715.804868,0.0,0.0,0.0
1731946715.8278663,0.0,0.0,0.0
1731946715.842865,0.0,0.0,0.0
1731946715.8626795,0.0,0.0,0.0
1731946715.8821774,0.0,0.0,0.0
1731946715.9021199,0.0,0.0,0.0
1731946715.922445,0.0,0.0,0.0
1731946715.942439,0.0,0.0,0.0
1731946715.9655418,0.0,0.0,0.0
1731946715.9821227,0.0,0.0,0.0
1731946716.001928,0.0,0.0,0.0
1731946716.0217729,0.0,0.0,0.0
1731946716.0427902,0.0,0.0,0.0
1731946716.0619426,0.0,0.0,0.0
1731946716.0821486,0.0,0.0,0.0
1731946716.1024668,0.0,0.0,0.0
1731946716.1273475,0.0,0.0,0.0
1731946716.143189,0.0,0.0,0.0
1731946716.161941,0.0,0.0,0.0
1731946716.1831052,0.0,0.0,0.0
1731946716.2022603,0.0,0.0,0.0
1731946716.2276754,0.0,0.0,0.0
1731946716.244608,0.0,0.0,0.0
1731946716.2627206,0.0,0.0,0.0
1731946716.2821014,0.0,0.0,0.0
1731946716.302238,0.0,0.0,0.0
1731946716.3224146,0.0,0.0,0.0
1731946716.3477397,0.0,0.0,0.0
1731946716.3621895,0.0,0.0,0.0
1731946716.382166,0.0,0.0,0.0
1731946716.4021592,0.0,0.0,0.0
1731946716.4221127,0.0,0.0,0.0
1731946716.4419475,0.0,0.0,0.0
1731946716.4619203,0.0,0.0,0.0
1731946716.482073,0.0,0.0,0.0
1731946716.502176,0.0,0.0,0.0
1731946716.5220108,0.0,0.0,0.0
1731946716.5433517,0.0,0.0,0.0
1731946716.561772,0.0,0.0,0.0
1731946716.5829973,0.0,0.0,0.0
1731946716.6068623,0.0,0.0,0.0
1731946716.6274214,0.0,0.0,0.0
1731946716.6500633,0.0,0.0,0.0
1731946716.6767714,0.0,0.0,0.0
1731946716.6881928,0.0,0.0,0.0
1731946716.7104566,0.0,0.0,0.0
1731946716.7239478,0.0,0.0,0.0
1731946716.7432587,0.0,0.0,0.0
1731946716.762443,0.0,0.0,0.0
1731946716.7832654,0.0,0.0,0.0
1731946716.8087983,0.0,0.0,0.0
1731946716.8225362,0.0,0.0,0.0
1731946716.8419955,0.0,0.0,0.0
1731946716.8626819,0.0,0.0,0.0
1731946716.8816388,0.0,0.0,0.0
1731946716.9022331,0.0,0.0,0.0
1731946716.9225447,0.0,0.0,0.0
1731946716.94212,0.0,0.0,0.0
1731946716.9629803,0.0,0.0,0.0
1731946716.9820511,0.0,0.0,0.0
1731946717.0028722,0.0,0.0,0.0
1731946717.0224633,0.0,0.0,0.0
1731946717.0429156,0.0,0.0,0.0
1731946717.0619886,0.0,0.0,0.0
1731946717.081681,0.0,0.0,0.0
1731946717.108151,0.0,0.0,0.0
1731946717.1224766,0.0,0.0,0.0
1731946717.14202,0.0,0.0,0.0
1731946717.1621504,0.0,0.0,0.0
1731946717.1828847,0.0,0.0,0.0
1731946717.2064326,0.0,0.0,0.0
1731946717.222637,0.0,0.0,0.0
1731946717.2430565,0.0,0.0,0.0
1731946717.262767,0.0,0.0,0.0
1731946717.2823453,0.0,0.0,0.0
1731946717.3016706,0.0,0.0,0.0
1731946717.3230078,0.0,0.0,0.0
1731946717.3423584,0.0,0.0,0.0
1731946717.361971,0.0,0.0,0.0
1731946717.3827243,0.0,0.0,0.0
1731946717.402696,0.0,0.0,0.0
1731946717.4229126,0.0,0.0,0.0
1731946717.4424224,0.0,0.0,0.0
1731946717.461868,0.0,0.0,0.0
1731946717.4816928,0.0,0.0,0.0
1731946717.5024137,0.0,0.0,0.0
1731946717.521975,0.0,0.0,0.0
1731946717.5413845,0.0,0.0,0.0
1731946717.5621288,0.0,0.0,0.0
1731946717.581486,0.0,0.0,0.0
1731946717.6018033,0.0,0.0,0.0
1731946717.6252677,0.0,0.0,0.0
1731946717.641931,0.0,0.0,0.0
1731946717.662742,0.0,0.0,0.0
1731946717.685179,0.0,0.0,0.0
1731946717.702045,0.0,0.0,0.0
1731946717.7218635,0.0,0.0,0.0
1731946717.7420733,0.0,0.0,0.0
1731946717.7625027,0.0,0.0,0.0
1731946717.782068,0.0,0.0,0.0
1731946717.802471,0.0,0.0,0.0
1731946717.824009,0.0,0.0,0.0
1731946717.84421,0.0,0.0,0.0
1731946717.8625705,0.0,0.0,0.0
1731946717.882158,0.0,0.0,0.0
1731946717.9023294,0.0,0.0,0.0
1731946717.9252534,0.0,0.0,0.0
1731946717.9430592,0.0,0.0,0.0
1731946717.9621313,0.0,0.0,0.0
1731946717.982225,0.0,0.0,0.0
1731946718.0023863,0.0,0.0,0.0
1731946718.0221467,0.0,0.0,0.0
1731946718.0424182,0.0,0.0,0.0
1731946718.0617743,0.0,0.0,0.0
1731946718.0817409,0.0,0.0,0.0
1731946718.1016548,0.0,0.0,0.0
1731946718.1217349,0.0,0.0,0.0
1731946718.1425633,0.0,0.0,0.0
1731946718.1622412,0.0,0.0,0.0
1731946718.1820853,0.0,0.0,0.0
1731946718.2034059,0.0,0.0,0.0
1731946718.223847,0.0,0.0,0.0
1731946718.243488,0.0,0.0,0.0
1731946718.2623875,0.0,0.0,0.0
1731946718.2827764,0.0,0.0,0.0
1731946718.3030407,0.0,0.0,0.0
1731946718.325655,0.0,0.0,0.0
1731946718.3427284,0.0,0.0,0.0
1731946718.3616192,0.0,0.0,0.0
1731946718.3822298,0.0,0.0,0.0
1731946718.4030309,0.0,0.0,0.0
1731946718.424044,0.0,0.0,0.0
1731946718.4521873,0.0,0.0,0.0
1731946718.4657226,0.0,0.0,0.0
1731946718.4829047,0.0,0.0,0.0
1731946718.503082,0.0,0.0,0.0
1731946718.5227556,0.0,0.0,0.0
1731946718.5417874,0.0,0.0,0.0
1731946718.562586,0.0,0.0,0.0
1731946718.58186,0.0,0.0,0.0
1731946718.6053355,0.0,0.0,0.0
1731946718.6230853,0.0,0.0,0.0
1731946718.641959,0.0,0.0,0.0
1731946718.6619725,0.0,0.0,0.0
1731946718.682015,0.0,0.0,0.0
1731946718.702065,0.0,0.0,0.0
1731946718.7218342,0.0,0.0,0.0
1731946718.7418365,0.0,0.0,0.0
1731946718.761498,0.0,0.0,0.0
1731946718.7836745,0.0,0.0,0.0
1731946718.8019621,0.0,0.0,0.0
1731946718.82212,0.0,0.0,0.0
1731946718.842588,0.0,0.0,0.0
1731946718.8621914,0.0,0.0,0.0
1731946718.8824143,0.0,0.0,0.0
1731946718.9015813,0.0,0.0,0.0
1731946718.9222069,0.0,0.0,0.0
1731946718.9420245,0.0,0.0,0.0
1731946718.9640727,0.0,0.0,0.0
1731946718.9820762,0.0,0.0,0.0
1731946719.0023606,0.0,0.0,0.0
1731946719.0222409,0.0,0.0,0.0
1731946719.0427692,0.0,0.0,0.0
1731946719.0622437,0.0,0.0,0.0
1731946719.0835333,0.0,0.0,0.0
1731946719.1056647,0.0,0.0,0.0
1731946719.1242197,0.0,0.0,0.0
1731946719.1469033,0.0,0.0,0.0
1731946719.164734,0.0,0.0,0.0
1731946719.1826398,0.0,0.0,0.0
1731946719.2053864,0.0,0.0,0.0
1731946719.2254531,0.0,0.0,0.0
1731946719.247349,0.0,0.0,0.0
1731946719.2627087,0.0,0.0,0.0
1731946719.2829587,0.0,0.0,0.0
1731946719.303152,0.0,0.0,0.0
1731946719.3230252,0.0,0.0,0.0
1731946719.3445473,0.0,0.0,0.0
1731946719.3625014,0.0,0.0,0.0
1731946719.3821402,0.0,0.0,0.0
1731946719.4034855,0.0,0.0,0.0
1731946719.435919,0.0,0.0,0.0
1731946719.4583735,0.0,0.0,0.0
1731946719.4762952,0.0,0.0,0.0
1731946719.481931,0.0,0.0,0.0
1731946719.5046117,0.0,0.0,0.0
1731946719.5220711,0.0,0.0,0.0
1731946719.5420377,0.0,0.0,0.0
1731946719.5710516,0.0,0.0,0.0
1731946719.5876043,0.0,0.0,0.0
1731946719.6065228,0.0,0.0,0.0
1731946719.6230536,0.0,0.0,0.0
1731946719.6429281,0.0,0.0,0.0
1731946719.662267,0.0,0.0,0.0
1731946719.6817014,0.0,0.0,0.0
1731946719.7018843,0.0,0.0,0.0
1731946719.722105,0.0,0.0,0.0
1731946719.741926,0.0,0.0,0.0
1731946719.761559,0.0,0.0,0.0
1731946719.7826035,0.0,0.0,0.0
1731946719.8017552,0.0,0.0,0.0
1731946719.821547,0.0,0.0,0.0
1731946719.8420215,0.0,0.0,0.0
1731946719.862594,0.0,0.0,0.0
1731946719.8831806,0.0,0.0,0.0
1731946719.903216,0.0,0.0,0.0
1731946719.9244423,0.0,0.0,0.0
1731946719.9418347,0.0,0.0,0.0
1731946719.961579,0.0,0.0,0.0
1731946719.9816744,0.0,0.0,0.0
1731946720.0091715,0.0,0.0,0.0
1731946720.021606,0.0,0.0,0.0
1731946720.0423882,0.0,0.0,0.0
1731946720.0616739,0.0,0.0,0.0
