1732028308.0317028,-0.23,0.0
1732028308.031931,-0.23,0.0
1732028308.0519032,-0.18,0.16
1732028308.0743318,-0.18,0.16
1732028308.0938516,-0.18,0.16
1732028308.1148567,0.09,0.29
1732028308.1323483,0.09,0.29
1732028308.1519256,0.2,0.39
1732028308.172634,0.2,0.39
1732028308.1927264,0.2,0.39
1732028308.21204,0.25,0.47
1732028308.2319772,0.25,0.47
1732028308.2521625,0.29,0.53
1732028308.272152,0.29,0.53
1732028308.2920327,0.29,0.53
1732028308.3120534,0.31,0.58
1732028308.3319366,0.31,0.58
1732028308.3531413,0.32,0.62
1732028308.3738277,0.32,0.62
1732028308.3934643,0.32,0.62
1732028308.413967,0.32,0.64
1732028308.4324594,0.32,0.64
1732028308.4521327,0.33,0.67
1732028308.4726832,0.33,0.67
1732028308.4921293,0.33,0.67
1732028308.513759,0.33,0.68
1732028308.532676,0.33,0.68
1732028308.552313,0.33,0.69
1732028308.572364,0.33,0.69
1732028308.5922806,0.33,0.69
1732028308.6129918,0.33,0.7
1732028308.6325037,0.33,0.7
1732028308.6529744,0.33,0.7
1732028308.6758926,0.33,0.7
1732028308.6947215,0.33,0.7
1732028308.712827,0.32,0.7
1732028308.733021,0.32,0.7
1732028308.752497,0.32,0.7
1732028308.773266,0.32,0.7
1732028308.7939322,0.32,0.7
1732028308.8130624,0.32,0.7
1732028308.833964,0.32,0.7
1732028308.8527913,0.31,0.7
1732028308.8727665,0.31,0.7
1732028308.8952458,0.31,0.7
1732028308.9140608,0.31,0.7
1732028308.93395,0.31,0.7
1732028308.952913,0.3,0.7
1732028308.9719982,0.3,0.7
1732028308.995262,0.3,0.7
1732028309.0121028,0.3,0.7
1732028309.0332763,0.3,0.7
1732028309.0526223,0.29,0.7
1732028309.072002,0.29,0.7
1732028309.0942192,0.29,0.7
1732028309.1120057,0.29,0.7
1732028309.1339412,0.29,0.7
1732028309.1522126,0.29,0.7
1732028309.1722007,0.29,0.7
1732028309.1936731,0.29,0.7
1732028309.2140725,0.28,0.7
1732028309.2320876,0.28,0.7
1732028309.2520125,0.28,0.7
1732028309.2719934,0.28,0.7
1732028309.2944226,0.28,0.7
1732028309.3132315,0.27,0.7
1732028309.3347611,0.27,0.7
1732028309.3545096,0.27,0.7
1732028309.3796346,0.27,0.7
1732028309.3985064,0.27,0.7
1732028309.4128828,0.26,0.7
1732028309.4332805,0.26,0.7
1732028309.4525242,0.26,0.7
1732028309.474018,0.26,0.7
1732028309.4926157,0.26,0.7
1732028309.5120208,0.25,0.7
1732028309.5324533,0.25,0.7
1732028309.5534265,0.25,0.7
1732028309.5726461,0.25,0.7
1732028309.595768,0.25,0.7
1732028309.6132336,0.24,0.7
1732028309.6320636,0.24,0.7
1732028309.6531932,0.24,0.7
1732028309.6731555,0.24,0.7
1732028309.6925552,0.24,0.7
1732028309.7128382,0.23,0.7
1732028309.732523,0.23,0.7
1732028309.7537043,0.23,0.7
1732028309.773166,0.23,0.7
1732028309.7927601,0.23,0.7
1732028309.812688,0.23,0.7
1732028309.8321776,0.23,0.7
1732028309.8531556,0.22,0.7
1732028309.8721797,0.22,0.7
1732028309.8952775,0.22,0.7
1732028309.9153366,0.22,0.7
1732028309.9322438,0.22,0.7
1732028309.9521618,0.21,0.7
1732028309.9734125,0.21,0.7
1732028309.9921343,0.21,0.7
1732028310.012718,0.21,0.7
1732028310.0326655,0.21,0.7
1732028310.052034,0.2,0.7
1732028310.0732026,0.2,0.7
1732028310.093098,0.2,0.7
1732028310.1133847,0.2,0.7
1732028310.1328154,0.2,0.7
1732028310.1527426,0.19,0.7
1732028310.1728222,0.19,0.7
1732028310.1943996,0.19,0.7
1732028310.2132232,0.19,0.7
1732028310.2380142,0.19,0.7
1732028310.25255,0.19,0.7
1732028310.2726781,0.19,0.7
1732028310.2951763,0.19,0.7
1732028310.3125727,0.18,0.7
1732028310.3327134,0.18,0.7
1732028310.352532,0.18,0.7
1732028310.3723493,0.18,0.7
1732028310.3920257,0.18,0.7
1732028310.4121892,0.17,0.7
1732028310.4324954,0.17,0.7
1732028310.452222,0.17,0.7
1732028310.4722755,0.17,0.7
1732028310.492863,0.17,0.7
1732028310.513449,0.16,0.7
1732028310.5330722,0.16,0.7
1732028310.5529406,0.16,0.7
1732028310.5729346,0.16,0.7
1732028310.5925183,0.16,0.7
1732028310.6132743,0.15,0.7
1732028310.6326637,0.15,0.7
1732028310.6527038,0.15,0.7
1732028310.6729467,0.15,0.7
1732028310.6931603,0.15,0.7
1732028310.7120585,0.15,0.7
1732028310.7321756,0.15,0.7
1732028310.752393,0.14,0.7
1732028310.7729683,0.14,0.7
1732028310.7968066,0.14,0.7
1732028310.812584,0.14,0.7
1732028310.8328507,0.14,0.7
1732028310.8527813,0.13,0.7
1732028310.8723047,0.13,0.7
1732028310.8934526,0.13,0.7
1732028310.9133115,0.13,0.7
1732028310.9323428,0.13,0.7
1732028310.9552772,0.13,0.7
1732028310.972229,0.13,0.7
1732028310.9926527,0.13,0.7
1732028311.0129747,0.12,0.7
1732028311.0333128,0.12,0.7
1732028311.0546753,0.12,0.7
1732028311.0729804,0.12,0.7
1732028311.0962238,0.12,0.7
1732028311.112042,0.12,0.7
1732028311.1321566,0.12,0.7
1732028311.1520984,0.11,0.7
1732028311.1720543,0.11,0.7
1732028311.1931655,0.11,0.7
1732028311.2125757,0.11,0.7
1732028311.234223,0.11,0.7
1732028311.2523699,0.11,0.7
1732028311.2719216,0.11,0.7
1732028311.294442,0.11,0.7
1732028311.31246,0.1,0.7
1732028311.3338666,0.1,0.7
1732028311.3518813,0.1,0.7
1732028311.37353,0.1,0.7
1732028311.394091,0.1,0.7
1732028311.412077,0.1,0.7
1732028311.4321022,0.1,0.7
1732028311.4527514,0.09,0.7
1732028311.473047,0.09,0.7
1732028311.4975762,0.09,0.7
1732028311.5123038,0.09,0.7
1732028311.5324357,0.09,0.7
1732028311.5525556,0.09,0.7
1732028311.5724556,0.09,0.7
1732028311.5928948,0.09,0.7
1732028311.6129289,0.17,0.7
1732028311.6322076,0.17,0.7
1732028311.6520767,0.17,0.7
1732028311.6720166,0.17,0.7
1732028311.6935747,0.17,0.7
1732028311.7127678,0.17,0.7
1732028311.7326071,0.17,0.7
1732028311.7527595,0.17,0.7
1732028311.7730224,0.17,0.7
1732028311.7931216,0.17,0.7
1732028311.8124888,0.17,0.7
1732028311.8329284,0.17,0.7
1732028311.8527107,0.17,0.7
1732028311.8723865,0.17,0.7
1732028311.8927658,0.17,0.7
1732028311.912232,0.17,0.7
1732028311.9320762,0.17,0.7
1732028311.952599,0.17,0.7
1732028311.9727705,0.17,0.7
1732028311.994894,0.17,0.7
1732028312.0139673,0.17,0.7
1732028312.0328574,0.17,0.7
1732028312.0521064,0.17,0.7
1732028312.0722795,0.17,0.7
1732028312.092598,0.17,0.7
1732028312.11293,0.17,0.7
1732028312.1320183,0.17,0.7
1732028312.1523323,0.17,0.7
1732028312.1725268,0.17,0.7
1732028312.195527,0.16,0.7
1732028312.212995,0.17,0.7
1732028312.2324522,0.17,0.7
1732028312.2527092,0.17,0.7
1732028312.2733102,0.17,0.7
1732028312.2949204,0.17,0.7
1732028312.3132362,0.17,0.7
1732028312.333837,0.17,0.7
1732028312.352631,0.17,0.7
1732028312.373879,0.17,0.7
1732028312.392028,0.17,0.7
1732028312.4125514,0.17,0.7
1732028312.4330833,0.17,0.7
1732028312.4565592,0.17,0.7
1732028312.4720805,0.17,0.7
1732028312.4944656,0.17,0.7
1732028312.5123732,0.17,0.7
1732028312.5324905,0.17,0.7
1732028312.5527306,0.17,0.7
1732028312.5722616,0.17,0.7
1732028312.5958433,0.17,0.7
1732028312.6137247,0.17,0.7
1732028312.632697,0.17,0.7
1732028312.6522624,0.17,0.7
1732028312.6744294,0.17,0.7
1732028312.6932347,0.17,0.7
1732028312.7138724,0.17,0.7
1732028312.7328935,0.17,0.7
1732028312.7521346,0.17,0.7
1732028312.7730792,0.17,0.7
1732028312.79508,0.17,0.7
1732028312.8165386,0.17,0.7
1732028312.832172,0.17,0.7
1732028312.8521218,0.17,0.7
1732028312.8727643,0.17,0.7
1732028312.8920605,0.17,0.7
1732028312.9130788,0.17,0.7
1732028312.9320579,0.17,0.7
1732028312.9533806,0.17,0.7
1732028312.9747806,0.17,0.7
1732028312.9930067,0.17,0.7
1732028313.0123944,0.17,0.7
1732028313.0319777,0.17,0.7
1732028313.0524335,0.17,0.7
1732028313.0756383,0.17,0.7
1732028313.092582,0.17,0.7
1732028313.1136532,0.18,0.7
1732028313.1325374,0.18,0.7
1732028313.1526406,0.18,0.7
1732028313.1726022,0.18,0.7
1732028313.1926177,0.18,0.7
1732028313.212272,0.18,0.7
1732028313.2320747,0.18,0.7
1732028313.252028,0.18,0.7
1732028313.2722294,0.18,0.7
1732028313.2920341,0.18,0.7
1732028313.3132384,0.18,0.7
1732028313.3331196,0.18,0.7
1732028313.3523135,0.18,0.7
1732028313.3718894,0.18,0.7
1732028313.392779,0.18,0.7
1732028313.4122229,0.18,0.7
1732028313.4364514,0.18,0.7
1732028313.4519396,0.18,0.7
1732028313.4726229,0.18,0.7
1732028313.4924479,0.18,0.7
1732028313.5124357,0.18,0.7
1732028313.5321045,0.18,0.7
1732028313.5521693,0.18,0.7
1732028313.5733001,0.18,0.7
1732028313.5938787,0.18,0.7
1732028313.6125503,0.19,0.7
1732028313.6353242,0.19,0.7
1732028313.6527147,0.19,0.7
1732028313.6723595,0.19,0.7
1732028313.6923938,0.19,0.7
1732028313.7123804,0.19,0.7
1732028313.7323864,0.19,0.7
1732028313.7536123,0.19,0.7
1732028313.7730007,0.19,0.7
1732028313.7924645,0.19,0.7
1732028313.8124635,0.19,0.7
1732028313.8324842,0.19,0.7
1732028313.8526618,0.19,0.7
1732028313.873526,0.19,0.7
1732028313.8927715,0.19,0.7
1732028313.911968,0.19,0.7
1732028313.933776,0.19,0.7
1732028313.9557016,0.19,0.7
1732028313.9745913,0.19,0.7
1732028313.9921787,0.19,0.7
1732028314.0129323,0.19,0.7
1732028314.0320282,0.19,0.7
1732028314.05317,0.19,0.7
1732028314.0723464,0.19,0.7
1732028314.0944057,0.19,0.7
1732028314.111999,0.2,0.7
1732028314.132123,0.2,0.7
1732028314.1520157,0.2,0.7
1732028314.1728532,0.2,0.7
1732028314.193547,0.2,0.7
1732028314.2123046,0.2,0.7
1732028314.2328613,0.2,0.7
1732028314.2519855,0.2,0.7
1732028314.2721908,0.2,0.7
1732028314.2929688,0.2,0.7
1732028314.3122358,0.2,0.7
1732028314.3320384,0.2,0.7
1732028314.3520043,0.2,0.7
1732028314.3722007,0.2,0.7
1732028314.3920386,0.2,0.7
1732028314.4127228,0.2,0.7
1732028314.4321184,0.2,0.7
1732028314.45257,0.2,0.7
1732028314.472179,0.2,0.7
1732028314.4924328,0.2,0.7
1732028314.5146646,0.2,0.7
1732028314.5327978,0.2,0.7
1732028314.5525715,0.2,0.7
1732028314.572886,0.2,0.7
1732028314.5925026,0.2,0.7
1732028314.6122675,0.2,0.7
1732028314.632549,0.2,0.7
1732028314.6526613,0.21,0.7
1732028314.6726725,0.21,0.7
1732028314.6951087,0.21,0.7
1732028314.7127888,0.21,0.7
1732028314.732317,0.21,0.7
1732028314.7526278,0.21,0.7
1732028314.7726612,0.21,0.7
1732028314.795591,0.21,0.7
1732028314.8132646,0.21,0.7
1732028314.8326652,0.21,0.7
1732028314.8543997,0.21,0.7
1732028314.8728507,0.21,0.7
1732028314.894517,0.21,0.7
1732028314.9125783,0.21,0.7
1732028314.9326124,0.21,0.7
1732028314.9520857,0.21,0.7
1732028314.9737763,0.21,0.7
1732028314.9927084,0.21,0.7
1732028315.0120783,0.21,0.7
1732028315.0325274,0.21,0.7
1732028315.0527382,0.21,0.7
1732028315.0726216,0.21,0.7
1732028315.0925486,0.21,0.7
1732028315.112109,0.21,0.7
1732028315.132056,0.21,0.7
1732028315.1522152,0.21,0.7
1732028315.1720958,0.21,0.7
1732028315.193052,0.21,0.7
1732028315.2123106,0.21,0.7
1732028315.2320755,0.21,0.7
1732028315.2542553,0.21,0.7
1732028315.2719297,0.21,0.7
1732028315.29277,0.21,0.7
1732028315.312112,0.21,0.7
1732028315.3340805,0.21,0.7
1732028315.3519964,0.21,0.7
1732028315.3737135,0.21,0.7
1732028315.393188,0.21,0.7
1732028315.4127445,0.22,0.7
1732028315.4323657,0.22,0.7
1732028315.4521086,0.22,0.7
1732028315.4730732,0.22,0.7
1732028315.4935508,0.22,0.7
1732028315.5133646,0.22,0.7
1732028315.5330937,0.22,0.7
1732028315.552135,0.22,0.7
1732028315.572374,0.22,0.7
1732028315.5932453,0.22,0.7
1732028315.6128156,0.22,0.7
1732028315.6320386,0.22,0.7
1732028315.6520092,0.22,0.7
1732028315.6718595,0.22,0.7
1732028315.6935387,0.22,0.7
1732028315.71248,0.22,0.7
1732028315.7323081,0.22,0.7
1732028315.7520242,0.22,0.7
1732028315.7724733,0.22,0.7
1732028315.7926474,0.22,0.7
1732028315.8127635,0.22,0.7
1732028315.832175,0.22,0.7
1732028315.8528793,0.22,0.7
1732028315.8727071,0.22,0.7
1732028315.8926878,0.22,0.7
1732028315.9122772,0.22,0.7
1732028315.9320502,0.22,0.7
1732028315.9521472,0.22,0.7
1732028315.972787,0.22,0.7
1732028315.9948163,0.22,0.7
1732028316.0122125,0.22,0.7
1732028316.032264,0.22,0.7
1732028316.0525537,0.22,0.7
1732028316.0732973,0.22,0.7
1732028316.093127,0.22,0.7
1732028316.1127012,0.22,0.7
1732028316.132934,0.22,0.7
1732028316.1524653,0.22,0.7
1732028316.1727104,0.22,0.7
1732028316.1921744,0.22,0.7
1732028316.212251,0.22,0.7
1732028316.233158,0.22,0.7
1732028316.2536685,0.22,0.7
1732028316.2718995,0.22,0.7
1732028316.2932942,0.22,0.7
1732028316.312204,0.22,0.7
1732028316.3322055,0.22,0.7
1732028316.357008,0.22,0.7
1732028316.3721588,0.22,0.7
1732028316.3920057,0.22,0.7
1732028316.4123626,0.22,0.7
1732028316.4321918,0.22,0.7
1732028316.452104,0.22,0.7
1732028316.4720774,0.22,0.7
1732028316.4925365,0.22,0.7
1732028316.512,0.22,0.7
1732028316.5333579,0.22,0.7
1732028316.5519824,0.22,0.7
1732028316.5721624,0.22,0.7
1732028316.5935662,0.22,0.7
1732028316.6121547,0.22,0.7
1732028316.6348767,0.22,0.7
1732028316.652864,0.22,0.7
1732028316.672213,0.22,0.7
1732028316.6925304,0.22,0.7
1732028316.7121303,0.22,0.7
1732028316.7319496,0.22,0.7
1732028316.7521968,0.22,0.7
1732028316.7719476,0.22,0.7
1732028316.7925396,0.22,0.7
1732028316.812281,0.21,0.7
1732028316.832159,0.21,0.7
1732028316.852494,0.21,0.7
1732028316.8729115,0.21,0.7
1732028316.8929162,0.21,0.7
1732028316.9125638,0.21,0.7
1732028316.9323266,0.21,0.7
1732028316.952128,0.21,0.7
1732028316.972834,0.21,0.7
1732028316.9919324,0.21,0.7
1732028317.012363,0.21,0.7
1732028317.0336792,0.21,0.7
1732028317.0525854,0.21,0.7
1732028317.073063,0.21,0.7
1732028317.0921283,0.21,0.7
1732028317.1129365,0.21,0.7
1732028317.1330695,0.21,0.7
1732028317.1530597,0.21,0.7
1732028317.172875,0.21,0.7
1732028317.192276,0.21,0.7
1732028317.212977,0.21,0.7
1732028317.2338283,0.21,0.7
1732028317.252947,0.21,0.7
1732028317.2723615,0.21,0.7
1732028317.2921543,0.21,0.7
1732028317.3129954,0.21,0.7
1732028317.3322358,0.21,0.7
1732028317.3528638,0.21,0.7
1732028317.372087,0.21,0.7
1732028317.3921275,0.21,0.7
1732028317.412774,0.21,0.7
1732028317.4319317,0.21,0.7
1732028317.453318,0.21,0.7
1732028317.4720762,0.21,0.7
1732028317.4959636,0.21,0.7
1732028317.5124452,0.21,0.7
1732028317.5323868,0.21,0.7
1732028317.5521019,0.21,0.7
1732028317.573475,0.21,0.7
1732028317.5951664,0.21,0.7
1732028317.6123624,0.21,0.7
1732028317.632381,0.21,0.7
1732028317.6529346,0.21,0.7
1732028317.6720746,0.21,0.7
1732028317.6926699,0.21,0.7
1732028317.7124386,0.21,0.7
1732028317.7322628,0.21,0.7
1732028317.752579,0.2,0.7
1732028317.7728486,0.2,0.7
1732028317.7930195,0.2,0.7
1732028317.8122232,0.2,0.7
1732028317.8322504,0.2,0.7
1732028317.852156,0.2,0.7
1732028317.872172,0.2,0.7
1732028317.8921876,0.2,0.7
1732028317.9122677,0.2,0.7
1732028317.9329138,0.2,0.7
1732028317.9523187,0.2,0.7
1732028317.9724822,0.2,0.7
1732028317.9923775,0.2,0.7
1732028318.0123055,0.2,0.7
1732028318.0323339,0.2,0.7
1732028318.0540164,0.2,0.7
1732028318.072063,0.2,0.7
1732028318.0930114,0.2,0.7
1732028318.1125765,0.2,0.7
1732028318.133042,0.2,0.7
1732028318.1525257,0.2,0.7
1732028318.1733327,0.2,0.7
1732028318.1920621,0.2,0.7
1732028318.2119908,0.2,0.7
1732028318.232128,0.2,0.7
1732028318.2531302,0.2,0.7
1732028318.273214,0.2,0.7
1732028318.2941406,0.2,0.7
1732028318.3121154,0.2,0.7
1732028318.3322074,0.2,0.7
1732028318.352621,0.2,0.7
1732028318.3724315,0.2,0.7
1732028318.3933887,0.2,0.7
1732028318.411961,0.2,0.7
1732028318.4321623,0.2,0.7
1732028318.4607854,0.2,0.7
1732028318.4721165,0.2,0.7
1732028318.4921732,0.2,0.7
1732028318.512136,0.2,0.7
1732028318.5320773,0.2,0.7
1732028318.5521152,0.2,0.7
1732028318.5720732,0.2,0.7
1732028318.593473,0.2,0.7
1732028318.6120505,0.2,0.7
1732028318.6324823,0.2,0.7
1732028318.6534562,0.19,0.7
1732028318.6720245,0.19,0.7
1732028318.695088,0.19,0.7
1732028318.7123451,0.19,0.7
1732028318.7319539,0.19,0.7
1732028318.7519417,0.19,0.7
1732028318.7728405,0.19,0.7
1732028318.7928972,0.19,0.7
1732028318.8128417,0.19,0.7
1732028318.8321185,0.19,0.7
1732028318.8522944,0.19,0.7
1732028318.872051,0.19,0.7
1732028318.8921442,0.19,0.7
1732028318.913628,0.19,0.7
1732028318.9336905,0.19,0.7
1732028318.9535966,0.19,0.7
1732028318.974561,0.19,0.7
1732028318.9941525,0.19,0.7
1732028319.0150611,0.19,0.7
1732028319.033464,0.19,0.7
1732028319.051972,0.19,0.7
1732028319.0737383,0.19,0.7
1732028319.0930018,0.19,0.7
1732028319.1125228,0.19,0.7
1732028319.1321082,0.19,0.7
1732028319.1520827,0.19,0.7
1732028319.1721609,0.19,0.7
1732028319.1950445,0.19,0.7
1732028319.2131767,0.19,0.7
1732028319.2350175,0.19,0.7
1732028319.2523377,0.19,0.7
1732028319.27225,0.19,0.7
1732028319.2926779,0.19,0.7
1732028319.3126032,0.19,0.7
1732028319.3321831,0.19,0.7
1732028319.3528423,0.19,0.7
1732028319.3731136,0.19,0.7
1732028319.3949735,0.19,0.7
1732028319.4119751,0.19,0.7
1732028319.4320486,0.19,0.7
1732028319.4520373,0.19,0.7
1732028319.472027,0.19,0.7
1732028319.4941733,0.19,0.7
1732028319.5123522,0.19,0.7
1732028319.5329158,0.19,0.7
1732028319.5526197,0.19,0.7
1732028319.5721483,0.19,0.7
1732028319.592887,0.19,0.7
1732028319.611991,0.19,0.7
1732028319.6328173,0.19,0.7
1732028319.6525452,0.19,0.7
1732028319.6730926,0.19,0.7
1732028319.6937656,0.19,0.7
1732028319.7127311,0.19,0.7
1732028319.7323856,0.19,0.7
1732028319.7529638,0.19,0.7
1732028319.773022,0.19,0.7
1732028319.793718,0.19,0.7
1732028319.813044,0.19,0.7
1732028319.832662,0.19,0.7
1732028319.8526947,0.19,0.7
1732028319.8719163,0.19,0.7
1732028319.893229,0.19,0.7
1732028319.9132485,0.19,0.7
1732028319.9331455,0.19,0.7
1732028319.953082,0.19,0.7
1732028319.9727316,0.19,0.7
1732028319.9920926,0.19,0.7
1732028320.0123656,0.18,0.7
1732028320.0321093,0.18,0.7
1732028320.0530288,0.18,0.7
1732028320.0728433,0.18,0.7
1732028320.0924091,0.18,0.7
1732028320.1147246,0.18,0.7
1732028320.1324015,0.18,0.7
1732028320.1526194,0.18,0.7
1732028320.1726286,0.18,0.7
1732028320.1935217,0.18,0.7
1732028320.2121518,0.18,0.7
1732028320.2321677,0.18,0.7
1732028320.2520826,0.18,0.7
1732028320.272122,0.18,0.7
1732028320.2951553,0.18,0.7
1732028320.312172,0.18,0.7
1732028320.3321295,0.18,0.7
1732028320.3529053,0.18,0.7
1732028320.372094,0.18,0.7
1732028320.392617,0.18,0.7
1732028320.4121728,0.18,0.7
1732028320.4324799,0.18,0.7
1732028320.4530187,0.18,0.7
1732028320.4722028,0.18,0.7
1732028320.4929428,0.18,0.7
1732028320.5128887,0.18,0.7
1732028320.5342848,0.18,0.7
1732028320.552677,0.18,0.7
1732028320.5725603,0.18,0.7
1732028320.5931902,0.18,0.7
1732028320.6148055,0.18,0.7
1732028320.632579,0.18,0.7
1732028320.6546836,0.18,0.7
1732028320.6790264,0.18,0.7
1732028320.694704,0.18,0.7
1732028320.7123458,0.18,0.7
1732028320.7332444,0.18,0.7
1732028320.755273,0.18,0.7
1732028320.7724295,0.18,0.7
1732028320.7931814,0.18,0.7
1732028320.8126428,0.18,0.7
1732028320.8325672,0.18,0.7
1732028320.852576,0.18,0.7
1732028320.8723776,0.18,0.7
1732028320.894634,0.18,0.7
1732028320.912576,0.18,0.7
1732028320.932729,0.18,0.7
1732028320.9520435,0.18,0.7
1732028320.9729614,0.18,0.7
1732028320.994396,0.18,0.7
1732028321.0130496,0.18,0.7
1732028321.0323987,0.18,0.7
1732028321.0523934,0.18,0.7
1732028321.0722697,0.18,0.7
1732028321.0940297,0.18,0.7
1732028321.112659,0.18,0.7
1732028321.1326494,0.18,0.7
1732028321.1527739,0.18,0.7
1732028321.172595,0.18,0.7
1732028321.1953595,0.18,0.7
1732028321.213106,0.18,0.7
1732028321.2334666,0.18,0.7
1732028321.2528932,0.18,0.7
1732028321.2721603,0.18,0.7
1732028321.2947755,0.18,0.7
1732028321.3120008,0.18,0.7
1732028321.3322053,0.18,0.7
1732028321.3535948,0.18,0.7
1732028321.372077,0.18,0.7
1732028321.394788,0.18,0.7
1732028321.4140184,0.18,0.7
1732028321.43371,0.18,0.7
1732028321.4523282,0.18,0.7
1732028321.4720504,0.18,0.7
1732028321.4946792,0.19,0.7
1732028321.5135672,0.19,0.7
1732028321.532684,0.19,0.7
1732028321.5540485,0.19,0.7
1732028321.5720632,0.19,0.7
1732028321.5945702,0.19,0.7
1732028321.612097,0.19,0.7
1732028321.6320977,0.19,0.7
1732028321.6524847,0.19,0.7
1732028321.672204,0.19,0.7
1732028321.69257,0.19,0.7
1732028321.7123492,0.19,0.7
1732028321.732632,0.19,0.7
1732028321.7520106,0.19,0.7
1732028321.7725465,0.19,0.7
1732028321.793777,0.19,0.7
1732028321.8123252,0.19,0.7
1732028321.8320892,0.19,0.7
1732028321.852451,0.19,0.7
1732028321.8724363,0.19,0.7
1732028321.8942838,0.19,0.7
1732028321.9119248,0.19,0.7
1732028321.932529,0.19,0.7
1732028321.9526274,0.19,0.7
1732028321.9727864,0.19,0.7
1732028321.9932754,0.19,0.7
1732028322.012986,0.19,0.7
1732028322.0334964,0.19,0.7
1732028322.052529,0.19,0.7
1732028322.0723956,0.19,0.7
1732028322.094726,0.19,0.7
1732028322.1120021,0.19,0.7
1732028322.1329653,0.19,0.7
1732028322.1521304,0.19,0.7
1732028322.1720166,0.19,0.7
1732028322.1926842,0.19,0.7
1732028322.2119858,0.19,0.7
1732028322.2320852,0.19,0.7
1732028322.2520728,0.19,0.7
1732028322.2719884,0.19,0.7
1732028322.294918,0.19,0.7
1732028322.3133137,0.19,0.7
1732028322.33285,0.19,0.7
1732028322.3519967,0.19,0.7
1732028322.3726041,0.19,0.7
1732028322.392192,0.19,0.7
1732028322.412016,0.19,0.7
1732028322.4320157,0.19,0.7
1732028322.4521117,0.19,0.7
1732028322.4731102,0.19,0.7
1732028322.492551,0.19,0.7
1732028322.5120075,0.19,0.7
1732028322.532667,0.19,0.7
1732028322.5521038,0.19,0.7
1732028322.572352,0.19,0.7
1732028322.5959408,0.19,0.7
1732028322.6130493,0.19,0.7
1732028322.632267,0.19,0.7
1732028322.653283,0.19,0.7
1732028322.6727734,0.19,0.7
1732028322.69346,0.19,0.7
1732028322.7140343,0.19,0.7
1732028322.7360637,0.19,0.7
1732028322.7527666,0.19,0.7
1732028322.7728112,0.19,0.7
1732028322.7920957,0.19,0.7
1732028322.8120823,0.19,0.7
1732028322.8330245,0.19,0.7
1732028322.8534827,0.19,0.7
1732028322.8736567,0.19,0.7
1732028322.893797,0.19,0.7
1732028322.9122257,0.19,0.7
1732028322.9321384,0.19,0.7
1732028322.9525216,0.19,0.7
1732028322.9746444,0.19,0.7
1732028322.9923441,0.19,0.7
1732028323.0127718,0.19,0.7
1732028323.032767,0.19,0.7
1732028323.0525794,0.19,0.7
1732028323.0756297,0.19,0.7
1732028323.09239,0.19,0.7
1732028323.1125863,0.19,0.7
1732028323.1322322,0.19,0.7
1732028323.152634,0.19,0.7
1732028323.1722043,0.2,0.7
1732028323.193043,0.2,0.7
1732028323.2123506,0.2,0.7
1732028323.233645,0.2,0.7
1732028323.2523062,0.2,0.7
1732028323.2721887,0.2,0.7
1732028323.2926924,0.2,0.7
1732028323.3122802,0.2,0.7
1732028323.3319676,0.2,0.7
1732028323.3520684,0.2,0.7
1732028323.3722434,0.2,0.7
1732028323.3957465,0.2,0.7
1732028323.4135938,0.2,0.7
1732028323.432804,0.2,0.7
1732028323.45202,0.2,0.7
1732028323.4728792,0.2,0.7
1732028323.493963,0.2,0.7
1732028323.5129223,0.2,0.7
1732028323.5329363,0.2,0.7
1732028323.5519311,0.2,0.7
1732028323.5720239,0.2,0.7
1732028323.5928586,0.2,0.7
1732028323.6120822,0.2,0.7
1732028323.6321898,0.2,0.7
1732028323.6522384,0.2,0.7
1732028323.6728718,0.2,0.7
1732028323.69197,0.2,0.7
1732028323.7120006,0.2,0.7
1732028323.733191,0.2,0.7
1732028323.7526808,0.2,0.7
1732028323.7735403,0.2,0.7
1732028323.7921185,0.2,0.7
1732028323.8119485,0.2,0.7
1732028323.8320582,0.2,0.7
1732028323.8519,0.2,0.7
1732028323.8732724,0.2,0.7
1732028323.8932402,0.2,0.7
1732028323.9121833,0.2,0.7
1732028323.932083,0.2,0.7
1732028323.9523385,0.2,0.7
1732028323.972339,0.2,0.7
1732028323.9938252,0.2,0.7
1732028324.0125597,0.2,0.7
1732028324.0319421,0.2,0.7
1732028324.0519376,0.2,0.7
1732028324.0719733,0.2,0.7
1732028324.0925186,0.2,0.7
1732028324.1120112,0.2,0.7
1732028324.1325269,0.2,0.7
1732028324.1523573,0.2,0.7
1732028324.1719906,0.2,0.7
1732028324.1947393,0.2,0.7
1732028324.213206,0.2,0.7
1732028324.2321324,0.2,0.7
1732028324.2521348,0.2,0.7
1732028324.273152,0.2,0.7
1732028324.2938337,0.2,0.7
1732028324.3133066,0.2,0.7
1732028324.3340218,0.2,0.7
1732028324.3519664,0.2,0.7
1732028324.3718379,0.2,0.7
1732028324.392284,0.2,0.7
1732028324.4125748,0.2,0.7
1732028324.432676,0.2,0.7
1732028324.4527109,0.2,0.7
1732028324.4727447,0.2,0.7
1732028324.4927893,0.2,0.7
1732028324.5131106,0.21,0.7
1732028324.5351634,0.21,0.7
1732028324.5526733,0.21,0.7
1732028324.5723317,0.21,0.7
1732028324.5931454,0.21,0.7
1732028324.6121068,0.21,0.7
1732028324.6337485,0.21,0.7
1732028324.6520588,0.21,0.7
1732028324.6724663,0.21,0.7
1732028324.6920414,0.21,0.7
1732028324.7128232,0.21,0.7
1732028324.7330568,0.21,0.7
1732028324.7520695,0.21,0.7
1732028324.7742991,0.21,0.7
1732028324.7927103,0.21,0.7
1732028324.812674,0.21,0.7
1732028324.8326287,0.21,0.7
1732028324.8526418,0.21,0.7
1732028324.873312,0.21,0.7
1732028324.8926055,0.21,0.7
1732028324.9131446,0.21,0.7
1732028324.9325771,0.21,0.7
1732028324.9538102,0.21,0.7
1732028324.97221,0.21,0.7
1732028324.9931242,0.21,0.7
1732028325.0121753,0.21,0.7
1732028325.0322363,0.21,0.7
1732028325.052614,0.21,0.7
1732028325.073116,0.21,0.7
1732028325.0933447,0.21,0.7
1732028325.112252,0.21,0.7
1732028325.1319628,0.21,0.7
1732028325.1522052,0.21,0.7
1732028325.1747913,0.21,0.7
1732028325.1936579,0.21,0.7
1732028325.212327,0.21,0.7
1732028325.23212,0.21,0.7
1732028325.2522361,0.21,0.7
1732028325.2756534,0.21,0.7
1732028325.2926474,0.21,0.7
1732028325.3131247,0.21,0.7
1732028325.3351305,0.21,0.7
1732028325.3545828,0.21,0.7
1732028325.3729966,0.21,0.7
1732028325.3949,0.21,0.7
1732028325.4131808,0.21,0.7
1732028325.4326794,0.21,0.7
1732028325.4524972,0.21,0.7
1732028325.472318,0.21,0.7
1732028325.492148,0.21,0.7
1732028325.513241,0.21,0.7
1732028325.5326514,0.21,0.7
1732028325.5519974,0.21,0.7
1732028325.5735722,0.21,0.7
1732028325.5931044,0.21,0.7
1732028325.6121402,0.21,0.7
1732028325.6322196,0.21,0.7
1732028325.652161,0.21,0.7
1732028325.6721997,0.21,0.7
1732028325.6923888,0.21,0.7
1732028325.7125092,0.21,0.7
1732028325.7319238,0.21,0.7
1732028325.7526147,0.21,0.7
1732028325.77275,0.21,0.7
1732028325.7949336,0.21,0.7
1732028325.8127153,0.21,0.7
1732028325.8326817,0.21,0.7
1732028325.852697,0.21,0.7
1732028325.8720574,0.21,0.7
1732028325.8939636,0.21,0.7
1732028325.9121456,0.21,0.7
1732028325.932901,0.21,0.7
1732028325.9535306,0.21,0.7
1732028325.971946,0.21,0.7
1732028325.9996274,0.21,0.7
1732028326.0130541,0.21,0.7
1732028326.034998,0.21,0.7
1732028326.0520258,0.21,0.7
1732028326.0726957,0.21,0.7
1732028326.0969386,0.21,0.7
1732028326.1123424,0.21,0.7
1732028326.1321926,0.21,0.7
1732028326.1521556,0.21,0.7
1732028326.1721456,0.21,0.7
1732028326.1925821,0.21,0.7
1732028326.2121124,0.21,0.7
1732028326.2332783,0.21,0.7
1732028326.2531471,0.21,0.7
1732028326.2727306,0.21,0.7
1732028326.293671,0.21,0.7
1732028326.3123074,0.21,0.7
1732028326.3348727,0.21,0.7
1732028326.3529224,0.21,0.7
1732028326.372169,0.21,0.7
1732028326.3928618,0.21,0.7
1732028326.4121914,0.21,0.7
1732028326.4320498,0.21,0.7
1732028326.452045,0.21,0.7
1732028326.472349,0.21,0.7
1732028326.4934492,0.21,0.7
1732028326.5138075,0.21,0.7
1732028326.5320227,0.21,0.7
1732028326.5524487,0.21,0.7
1732028326.5719755,0.21,0.7
1732028326.5938518,0.21,0.7
1732028326.6119242,0.21,0.7
1732028326.6327872,0.21,0.7
1732028326.6519954,0.21,0.7
1732028326.6723158,0.21,0.7
1732028326.6942286,0.21,0.7
1732028326.7128782,0.21,0.7
1732028326.7321117,0.21,0.7
1732028326.7545075,0.21,0.7
1732028326.774489,0.21,0.7
1732028326.792165,0.21,0.7
1732028326.8121927,0.21,0.7
1732028326.8322215,0.21,0.7
1732028326.8540218,0.21,0.7
1732028326.8725438,0.21,0.7
1732028326.8931386,0.21,0.7
1732028326.9134083,0.21,0.7
1732028326.9343805,0.21,0.7
1732028326.9525099,0.21,0.7
1732028326.9724848,0.21,0.7
1732028326.9925456,0.21,0.7
1732028327.0122414,0.21,0.7
1732028327.033107,0.21,0.7
1732028327.0528665,0.21,0.7
1732028327.0724866,0.21,0.7
1732028327.0927486,0.21,0.7
1732028327.1124868,0.21,0.7
1732028327.1333685,0.21,0.7
1732028327.1524866,0.21,0.7
1732028327.1725295,0.21,0.7
1732028327.1928668,0.21,0.7
1732028327.2119389,0.22,0.7
1732028327.2321358,0.22,0.7
1732028327.2526667,0.22,0.7
1732028327.2720747,0.22,0.7
1732028327.2952013,0.22,0.7
1732028327.3130717,0.22,0.7
1732028327.3330083,0.22,0.7
1732028327.3525007,0.22,0.7
1732028327.372801,0.22,0.7
1732028327.3921468,0.22,0.7
1732028327.4126735,0.22,0.7
1732028327.4320307,0.22,0.7
1732028327.4519782,0.22,0.7
1732028327.4737313,0.22,0.7
1732028327.4955983,0.22,0.7
1732028327.5143476,0.22,0.7
1732028327.533086,0.22,0.7
1732028327.5531385,0.22,0.7
1732028327.5733328,0.22,0.7
1732028327.5926049,0.22,0.7
1732028327.615083,0.22,0.7
1732028327.63191,0.22,0.7
1732028327.653183,0.22,0.7
1732028327.674005,0.22,0.7
1732028327.69235,0.22,0.7
1732028327.7121794,0.22,0.7
1732028327.7324944,0.22,0.7
1732028327.7522519,0.22,0.7
1732028327.7731228,0.22,0.7
1732028327.7929773,0.22,0.7
1732028327.8119497,0.22,0.7
1732028327.8324838,0.22,0.7
1732028327.8529506,0.22,0.7
1732028327.8719776,0.22,0.7
1732028327.8929832,0.22,0.7
1732028327.9122088,0.22,0.7
1732028327.933495,0.22,0.7
1732028327.9530408,0.22,0.7
1732028327.972759,0.22,0.7
1732028327.992342,0.22,0.7
1732028328.0128138,0.22,0.7
1732028328.0333033,0.22,0.7
1732028328.055743,0.22,0.7
1732028328.0725431,0.22,0.7
1732028328.0961533,0.22,0.7
1732028328.1124308,0.22,0.7
1732028328.1324227,0.22,0.7
1732028328.153218,0.22,0.7
1732028328.172544,0.22,0.7
1732028328.1920776,0.22,0.7
1732028328.211943,0.22,0.7
1732028328.232627,0.22,0.7
1732028328.252784,0.22,0.7
1732028328.2722228,0.22,0.7
1732028328.29436,0.22,0.7
1732028328.3121505,0.22,0.7
1732028328.3336146,0.22,0.7
1732028328.352529,0.22,0.7
1732028328.3732173,0.22,0.7
1732028328.3920786,0.22,0.7
1732028328.412117,0.22,0.7
1732028328.4320495,0.22,0.7
1732028328.4520764,0.22,0.7
1732028328.471958,0.21,0.7
1732028328.4925222,0.22,0.7
1732028328.5134554,0.22,0.7
1732028328.5336955,0.22,0.7
1732028328.5530894,0.22,0.7
1732028328.5728884,0.22,0.7
1732028328.59233,0.22,0.7
1732028328.6133342,0.22,0.7
1732028328.6328294,0.22,0.7
1732028328.6525576,0.22,0.7
1732028328.6723511,0.22,0.7
1732028328.6929772,0.22,0.7
1732028328.7124877,0.21,0.7
1732028328.7326584,0.21,0.7
1732028328.7523367,0.21,0.7
1732028328.7723792,0.21,0.7
1732028328.7929633,0.21,0.7
1732028328.8125482,0.22,0.7
1732028328.8326952,0.22,0.7
1732028328.8524969,0.22,0.7
1732028328.8727376,0.22,0.7
1732028328.8927982,0.22,0.7
1732028328.9119828,0.22,0.7
1732028328.932226,0.22,0.7
1732028328.9521303,0.22,0.7
1732028328.9721653,0.22,0.7
1732028328.992252,0.22,0.7
1732028329.012005,0.21,0.7
1732028329.0320404,0.21,0.7
1732028329.052185,0.21,0.7
1732028329.0747833,0.21,0.7
1732028329.092989,0.21,0.7
1732028329.1121988,0.21,0.7
1732028329.1323237,0.21,0.7
1732028329.1521304,0.21,0.7
1732028329.1738405,0.22,0.7
1732028329.1929126,0.22,0.7
1732028329.2121556,0.22,0.7
1732028329.2320685,0.22,0.7
1732028329.2520533,0.22,0.7
1732028329.2722225,0.22,0.7
1732028329.292997,0.22,0.7
1732028329.312236,0.22,0.7
1732028329.331972,0.22,0.7
1732028329.3519058,0.22,0.7
1732028329.3718927,0.22,0.7
1732028329.3926513,0.22,0.7
1732028329.4122863,0.22,0.7
1732028329.4320016,0.22,0.7
1732028329.4520068,0.22,0.7
1732028329.4724422,0.21,0.7
1732028329.4954958,0.21,0.7
1732028329.5134952,0.21,0.7
1732028329.5329013,0.21,0.7
1732028329.5530539,0.21,0.7
1732028329.5720186,0.21,0.7
1732028329.5940728,0.21,0.7
1732028329.6123679,0.21,0.7
1732028329.632359,0.21,0.7
1732028329.652217,0.21,0.7
1732028329.6726422,0.21,0.7
1732028329.6919572,0.21,0.7
1732028329.7120543,0.21,0.7
1732028329.7320414,0.21,0.7
1732028329.752081,0.21,0.7
1732028329.778305,0.21,0.7
1732028329.7933896,0.21,0.7
1732028329.812469,0.21,0.7
1732028329.8324287,0.21,0.7
1732028329.8523674,0.21,0.7
1732028329.8723488,0.21,0.7
1732028329.8924057,0.21,0.7
1732028329.9133506,0.21,0.7
1732028329.932173,0.21,0.7
1732028329.951973,0.21,0.7
1732028329.9730194,0.21,0.7
1732028329.9944859,0.21,0.7
1732028330.0126777,0.21,0.7
1732028330.032363,0.21,0.7
1732028330.0557437,0.21,0.7
1732028330.0729332,0.21,0.7
1732028330.0959744,0.21,0.7
1732028330.114618,0.21,0.7
1732028330.1322515,0.21,0.7
1732028330.1533453,0.22,0.7
1732028330.1760085,0.22,0.7
1732028330.1944625,0.22,0.7
1732028330.212587,0.22,0.7
1732028330.232143,0.22,0.7
1732028330.2520168,0.22,0.7
1732028330.2721684,0.22,0.7
1732028330.2931035,0.22,0.7
1732028330.3129497,0.22,0.7
1732028330.332803,0.22,0.7
1732028330.3530412,0.22,0.7
1732028330.372009,0.22,0.7
1732028330.394724,0.22,0.7
1732028330.4160614,0.22,0.7
1732028330.4330294,0.22,0.7
1732028330.4525323,0.22,0.7
1732028330.4726658,0.22,0.7
1732028330.493983,0.22,0.7
1732028330.512917,0.22,0.7
1732028330.532088,0.22,0.7
1732028330.553298,0.22,0.7
1732028330.5722413,0.22,0.7
1732028330.5934062,0.22,0.7
1732028330.6123204,0.22,0.7
1732028330.6327157,0.22,0.7
1732028330.6528301,0.22,0.7
1732028330.672744,0.22,0.7
1732028330.6921613,0.22,0.7
1732028330.7125535,0.22,0.7
1732028330.7332067,0.22,0.7
1732028330.7525434,0.22,0.7
1732028330.7728252,0.22,0.7
1732028330.7955441,0.22,0.7
1732028330.812595,0.22,0.7
1732028330.832014,0.22,0.7
1732028330.8526843,0.22,0.7
1732028330.8726206,0.22,0.7
1732028330.8919828,0.22,0.7
1732028330.9130878,0.22,0.7
1732028330.9326215,0.22,0.7
1732028330.952458,0.22,0.7
1732028330.9727166,0.22,0.7
1732028330.9923987,0.22,0.7
1732028331.0122697,0.22,0.7
1732028331.0335531,0.22,0.7
1732028331.0520117,0.22,0.7
1732028331.0723305,0.22,0.7
1732028331.0926347,0.22,0.7
1732028331.1120853,0.22,0.7
1732028331.132479,0.22,0.7
1732028331.152582,0.22,0.7
1732028331.172739,0.22,0.7
1732028331.1929312,0.22,0.7
1732028331.212593,0.22,0.7
1732028331.231974,0.22,0.7
1732028331.252592,0.22,0.7
1732028331.2724051,0.22,0.7
1732028331.2924879,0.22,0.7
1732028331.3126414,0.22,0.7
1732028331.3334272,0.22,0.7
1732028331.352493,0.22,0.7
1732028331.3726468,0.22,0.7
1732028331.3929856,0.22,0.7
1732028331.4150343,0.22,0.7
1732028331.4375315,0.22,0.7
1732028331.4519844,0.22,0.7
1732028331.4720404,0.22,0.7
1732028331.4922514,0.22,0.7
1732028331.5131478,0.22,0.7
1732028331.5321581,0.22,0.7
1732028331.552015,0.22,0.7
1732028331.5720549,0.22,0.7
1732028331.592029,0.22,0.7
1732028331.613453,0.22,0.7
1732028331.632442,0.22,0.7
1732028331.6519668,0.22,0.7
1732028331.6725051,0.22,0.7
1732028331.69252,0.22,0.7
1732028331.712951,0.22,0.7
1732028331.7319849,0.22,0.7
1732028331.7521317,0.22,0.7
1732028331.7756145,0.22,0.7
1732028331.7920055,0.22,0.7
1732028331.813642,0.22,0.7
1732028331.8322291,0.22,0.7
1732028331.8519719,0.22,0.7
1732028331.8719878,0.22,0.7
1732028331.8940125,0.22,0.7
1732028331.9125986,0.22,0.7
1732028331.9331203,0.22,0.7
1732028331.952694,0.22,0.7
1732028331.972652,0.22,0.7
1732028331.992674,0.22,0.7
1732028332.0126204,0.22,0.7
1732028332.0324836,0.22,0.7
1732028332.0520241,0.22,0.7
1732028332.0720336,0.22,0.7
1732028332.0929434,0.22,0.7
1732028332.1120307,0.22,0.7
1732028332.1319907,0.22,0.7
1732028332.1520538,0.22,0.7
1732028332.1726565,0.22,0.7
1732028332.19196,0.22,0.7
1732028332.2125268,0.22,0.7
1732028332.233057,0.22,0.7
1732028332.2528894,0.22,0.7
1732028332.2719777,0.22,0.7
1732028332.295848,0.22,0.7
1732028332.3130171,0.22,0.7
1732028332.3328445,0.22,0.7
1732028332.3526988,0.22,0.7
1732028332.3721087,0.22,0.7
1732028332.3937767,0.22,0.7
1732028332.412763,0.22,0.7
1732028332.439076,0.22,0.7
1732028332.4528606,0.22,0.7
1732028332.472731,0.22,0.7
1732028332.4919324,0.22,0.7
1732028332.512671,0.22,0.7
1732028332.5330522,0.22,0.7
1732028332.552523,0.22,0.7
1732028332.5722263,0.22,0.7
1732028332.5923264,0.22,0.7
1732028332.6120846,0.22,0.7
1732028332.633432,0.22,0.7
1732028332.652073,0.22,0.7
1732028332.6721654,0.22,0.7
1732028332.6951325,0.22,0.7
1732028332.7119842,0.22,0.7
1732028332.732287,0.22,0.7
1732028332.7522116,0.22,0.7
1732028332.7719364,0.22,0.7
1732028332.792648,0.22,0.7
1732028332.813138,0.22,0.7
1732028332.832022,0.22,0.7
1732028332.8523982,0.22,0.7
1732028332.8724823,0.22,0.7
1732028332.8942559,0.22,0.7
1732028332.9131975,0.22,0.7
1732028332.9328835,0.22,0.7
1732028332.9525855,0.22,0.7
1732028332.9727871,0.22,0.7
1732028332.99347,0.22,0.7
1732028333.0124495,0.22,0.7
1732028333.0333703,0.22,0.7
1732028333.0526216,0.22,0.7
1732028333.0725396,0.22,0.7
1732028333.0920465,0.22,0.7
1732028333.113424,0.22,0.7
1732028333.131995,0.22,0.7
1732028333.1526592,0.22,0.7
1732028333.1727836,0.22,0.7
1732028333.1924765,0.22,0.7
1732028333.2125237,0.22,0.7
1732028333.2323134,0.22,0.7
1732028333.2524369,0.22,0.7
1732028333.2730145,0.22,0.7
1732028333.2936795,0.22,0.7
1732028333.3135962,0.22,0.7
1732028333.3321598,0.22,0.7
1732028333.3527899,0.22,0.7
1732028333.3730114,0.22,0.7
1732028333.3980803,0.22,0.7
1732028333.4220827,0.22,0.7
1732028333.4353504,0.22,0.7
1732028333.460019,0.22,0.7
1732028333.4814942,0.22,0.7
1732028333.493498,0.22,0.7
1732028333.5133793,0.22,0.7
1732028333.5328827,0.22,0.7
1732028333.5529578,0.22,0.7
1732028333.5743015,0.22,0.7
1732028333.5922856,0.22,0.7
1732028333.612029,0.22,0.7
1732028333.6329944,0.22,0.7
1732028333.6533525,0.22,0.7
1732028333.6819327,0.22,0.7
1732028333.694424,0.22,0.7
1732028333.715749,0.22,0.7
1732028333.733081,0.22,0.7
1732028333.7527559,0.22,0.7
1732028333.7728753,0.22,0.7
1732028333.7942317,0.22,0.7
1732028333.8129747,0.22,0.7
1732028333.833097,0.22,0.7
1732028333.8530009,0.22,0.7
1732028333.8729918,0.22,0.7
1732028333.8948562,0.22,0.7
1732028333.9130619,0.22,0.7
1732028333.9344952,0.22,0.7
1732028333.952622,0.22,0.7
1732028333.9723632,0.22,0.7
1732028333.9927206,0.22,0.7
1732028334.0120661,0.22,0.7
1732028334.0354228,0.22,0.7
1732028334.0538306,0.22,0.7
1732028334.0727715,0.22,0.7
1732028334.092577,0.22,0.7
1732028334.112775,0.22,0.7
1732028334.1325033,0.22,0.7
1732028334.1522741,0.22,0.7
1732028334.1724677,0.22,0.7
1732028334.1923103,0.22,0.7
1732028334.2127268,0.22,0.7
1732028334.233624,0.22,0.7
1732028334.2527256,0.22,0.7
1732028334.2720742,0.22,0.7
1732028334.292677,0.22,0.7
1732028334.3125865,0.22,0.7
1732028334.3320217,0.22,0.7
1732028334.3523128,0.22,0.7
1732028334.3747044,0.22,0.7
1732028334.3938403,0.22,0.7
1732028334.412212,0.22,0.7
1732028334.4328084,0.22,0.7
1732028334.4519608,0.22,0.7
1732028334.4727974,0.22,0.7
1732028334.4948874,0.22,0.7
1732028334.5134814,0.22,0.7
1732028334.5329225,0.22,0.7
1732028334.553137,0.22,0.7
1732028334.5724337,0.22,0.7
1732028334.5920596,0.22,0.7
1732028334.6125307,0.22,0.7
1732028334.6331394,0.22,0.7
1732028334.6529589,0.22,0.7
1732028334.672485,0.22,0.7
1732028334.6973236,0.22,0.7
1732028334.7137277,0.22,0.7
1732028334.7323103,0.22,0.7
1732028334.7578852,0.22,0.7
1732028334.772209,0.22,0.7
1732028334.7940705,0.22,0.7
1732028334.8133557,0.22,0.7
1732028334.8335152,0.22,0.7
1732028334.8541462,0.22,0.7
1732028334.8737714,0.22,0.7
1732028334.8930762,0.22,0.7
1732028334.9124553,0.22,0.7
1732028334.933558,0.22,0.7
1732028334.9635117,0.22,0.7
1732028334.9767785,0.22,0.7
1732028334.9960291,0.22,0.7
1732028335.0120294,0.22,0.7
1732028335.036831,0.22,0.7
1732028335.0547957,0.22,0.7
1732028335.0721693,0.22,0.7
1732028335.0941029,0.22,0.7
1732028335.11709,0.22,0.7
1732028335.1333454,0.22,0.7
1732028335.1522365,0.22,0.7
1732028335.1726632,0.22,0.7
1732028335.1925542,0.22,0.7
1732028335.212065,0.22,0.7
1732028335.232984,0.22,0.7
1732028335.2525487,0.22,0.7
1732028335.2733824,0.22,0.7
1732028335.292772,0.22,0.7
1732028335.3134315,0.22,0.7
1732028335.3330252,0.22,0.7
1732028335.3538392,0.22,0.7
1732028335.3726208,0.22,0.7
1732028335.392804,0.22,0.7
1732028335.413596,0.22,0.7
1732028335.4333575,0.22,0.7
1732028335.453163,0.22,0.7
1732028335.4750445,0.22,0.7
1732028335.4939778,0.22,0.7
1732028335.512089,0.22,0.7
1732028335.5322428,0.22,0.7
1732028335.553276,0.22,0.7
1732028335.5725908,0.22,0.7
1732028335.5940266,0.22,0.7
1732028335.6144392,0.22,0.7
1732028335.6319835,0.22,0.7
1732028335.6528575,0.22,0.7
1732028335.6725028,0.22,0.7
1732028335.6946397,0.22,0.7
1732028335.713356,0.22,0.7
1732028335.7324572,0.22,0.7
1732028335.752334,0.22,0.7
1732028335.778216,0.22,0.7
1732028335.793785,0.22,0.7
1732028335.812189,0.22,0.7
1732028335.8326347,0.22,0.7
1732028335.852543,0.22,0.7
1732028335.8721101,0.22,0.7
1732028335.8931482,0.22,0.7
1732028335.915904,0.22,0.7
1732028335.9337234,0.22,0.7
1732028335.9543943,0.22,0.7
1732028335.9721377,0.22,0.7
1732028335.9933524,0.22,0.7
1732028336.0136573,0.22,0.7
1732028336.032323,0.22,0.7
1732028336.0520847,0.22,0.7
1732028336.072527,0.22,0.7
1732028336.092036,0.22,0.7
1732028336.112061,0.22,0.7
1732028336.1329975,0.22,0.7
1732028336.1552978,0.22,0.7
1732028336.1728213,0.22,0.7
1732028336.1925905,0.22,0.7
1732028336.2124686,0.22,0.7
1732028336.2347968,0.22,0.7
1732028336.252435,0.22,0.7
1732028336.2727025,0.22,0.7
1732028336.2926326,0.22,0.7
1732028336.314982,0.22,0.7
1732028336.3331888,0.22,0.7
1732028336.3528929,0.22,0.7
1732028336.3729331,0.22,0.7
1732028336.3936896,0.22,0.7
1732028336.4127138,0.22,0.7
1732028336.4323707,0.22,0.7
1732028336.452636,0.22,0.7
1732028336.4749777,0.22,0.7
1732028336.4941688,0.22,0.7
1732028336.5120234,0.22,0.7
1732028336.5326524,0.22,0.7
1732028336.5522792,0.22,0.7
1732028336.5735135,0.22,0.7
1732028336.5920374,0.22,0.7
1732028336.61635,0.22,0.7
1732028336.6333015,0.22,0.7
1732028336.652775,0.22,0.7
1732028336.6721756,0.22,0.7
1732028336.6927984,0.22,0.7
1732028336.7119408,0.22,0.7
1732028336.7321055,0.22,0.7
1732028336.7524617,0.22,0.7
1732028336.7721252,0.22,0.7
1732028336.7923167,0.22,0.7
1732028336.8124902,0.22,0.7
1732028336.8328695,0.22,0.7
1732028336.8530846,0.22,0.7
1732028336.8731492,0.22,0.7
1732028336.892812,0.22,0.7
1732028336.9121034,0.22,0.7
1732028336.934696,0.22,0.7
1732028336.9545028,0.22,0.7
1732028336.9726744,0.22,0.7
1732028336.9960563,0.22,0.7
1732028337.0130095,0.22,0.7
1732028337.0322547,0.22,0.7
1732028337.0529838,0.22,0.7
1732028337.0722735,0.22,0.7
1732028337.0925255,0.22,0.7
1732028337.1121175,0.22,0.7
1732028337.1323018,0.22,0.7
1732028337.1526775,0.22,0.7
1732028337.172833,0.22,0.7
1732028337.193815,0.22,0.7
1732028337.215282,0.22,0.7
1732028337.2318833,0.22,0.7
1732028337.2524898,0.22,0.7
1732028337.273021,0.22,0.7
1732028337.2945373,0.22,0.7
1732028337.3125894,0.22,0.7
1732028337.3323717,0.22,0.7
1732028337.3529525,0.22,0.7
1732028337.3719923,0.22,0.7
1732028337.3919656,0.22,0.7
1732028337.412537,0.22,0.7
1732028337.432081,0.22,0.7
1732028337.4543629,0.22,0.7
1732028337.4725747,0.22,0.7
1732028337.4928763,0.22,0.7
1732028337.513071,0.22,0.7
1732028337.5334034,0.22,0.7
1732028337.5530484,0.22,0.7
1732028337.5723014,0.22,0.7
1732028337.5936036,0.22,0.7
1732028337.6122534,0.22,0.7
1732028337.6328905,0.22,0.7
1732028337.6520793,0.22,0.7
1732028337.6735601,0.22,0.7
1732028337.6960008,0.22,0.7
1732028337.7124531,0.22,0.7
1732028337.7328017,0.22,0.7
1732028337.753005,0.22,0.7
1732028337.7742913,0.22,0.7
1732028337.7929492,0.22,0.7
1732028337.8122575,0.22,0.7
1732028337.8321838,0.22,0.7
1732028337.852856,0.22,0.7
1732028337.8731549,0.22,0.7
1732028337.8930175,0.22,0.7
1732028337.9122036,0.22,0.7
1732028337.934209,0.22,0.7
1732028337.9530885,0.22,0.7
1732028337.9723225,0.22,0.7
1732028337.9928126,0.22,0.7
1732028338.0126605,0.22,0.7
1732028338.0340352,0.22,0.7
1732028338.0530896,0.22,0.7
1732028338.0726516,0.22,0.7
1732028338.093582,0.22,0.7
1732028338.1120214,0.22,0.7
1732028338.1342099,0.22,0.7
1732028338.1526287,0.22,0.7
1732028338.1732028,0.22,0.7
1732028338.1949358,0.22,0.7
1732028338.2140787,0.22,0.7
1732028338.232655,0.22,0.7
1732028338.2528033,0.22,0.7
1732028338.2738688,0.22,0.7
1732028338.294485,0.22,0.7
1732028338.311973,0.22,0.7
1732028338.3340616,0.22,0.7
1732028338.3530521,0.22,0.7
1732028338.3740144,0.22,0.7
1732028338.3935053,0.22,0.7
1732028338.4129126,0.22,0.7
1732028338.4321108,0.22,0.7
1732028338.4531858,0.22,0.7
1732028338.4721715,0.22,0.7
1732028338.4925914,0.22,0.7
1732028338.5158691,0.22,0.7
1732028338.5324855,0.22,0.7
1732028338.5567415,0.22,0.7
1732028338.5725465,0.22,0.7
1732028338.5932941,0.22,0.7
1732028338.6152391,0.22,0.7
1732028338.6338544,0.22,0.7
1732028338.653196,0.22,0.7
1732028338.6758878,0.22,0.7
1732028338.6949866,0.22,0.7
1732028338.7179725,0.22,0.7
1732028338.7356336,0.22,0.7
1732028338.7532358,0.22,0.7
1732028338.7750435,0.22,0.7
1732028338.7922044,0.22,0.7
1732028338.8125513,0.22,0.7
1732028338.8328319,0.22,0.7
1732028338.8527143,0.22,0.7
1732028338.8719501,0.22,0.7
1732028338.894586,0.22,0.7
1732028338.912808,0.22,0.7
1732028338.9334843,0.22,0.7
1732028338.9544725,0.22,0.7
1732028338.9732733,0.22,0.7
1732028338.9944584,0.22,0.7
1732028339.0124779,0.22,0.7
1732028339.0333238,0.22,0.7
1732028339.0528235,0.22,0.7
1732028339.0724542,0.22,0.7
1732028339.093648,0.22,0.7
1732028339.1123984,0.22,0.7
1732028339.1334848,0.22,0.7
1732028339.1528864,0.22,0.7
1732028339.1724863,0.22,0.7
1732028339.1953623,0.22,0.7
1732028339.212279,0.22,0.7
1732028339.232088,0.22,0.7
1732028339.252689,0.22,0.7
1732028339.272679,0.22,0.7
1732028339.2926712,0.22,0.7
1732028339.3125575,0.22,0.7
1732028339.3321142,0.22,0.7
1732028339.353104,0.22,0.7
1732028339.3720453,0.22,0.7
1732028339.3949604,0.22,0.7
1732028339.4126322,0.22,0.7
1732028339.4326355,0.22,0.7
1732028339.45316,0.22,0.7
1732028339.4725163,0.22,0.7
1732028339.4926705,0.22,0.7
1732028339.5126245,0.22,0.7
1732028339.5324526,0.22,0.7
1732028339.5522947,0.22,0.7
1732028339.5719213,0.22,0.7
1732028339.5935054,0.22,0.7
1732028339.6125655,0.22,0.7
1732028339.6322763,0.22,0.7
1732028339.6520398,0.22,0.7
1732028339.6720715,0.22,0.7
1732028339.6937463,0.22,0.7
1732028339.71677,0.22,0.7
1732028339.733979,0.22,0.7
1732028339.7522378,0.22,0.7
1732028339.772856,0.22,0.7
1732028339.793613,0.22,0.7
1732028339.812298,0.22,0.7
1732028339.8351302,0.22,0.7
1732028339.8520508,0.22,0.7
1732028339.8723595,0.22,0.7
1732028339.8919685,0.22,0.7
1732028339.9121404,0.22,0.7
1732028339.9332361,0.22,0.7
1732028339.9525888,0.22,0.7
1732028339.9725423,0.22,0.7
1732028339.9940486,0.22,0.7
1732028340.0125914,0.22,0.7
1732028340.0326407,0.22,0.7
1732028340.0538185,0.22,0.7
1732028340.072926,0.22,0.7
1732028340.0935109,0.22,0.7
1732028340.1127157,0.22,0.7
1732028340.1339498,0.22,0.7
1732028340.1526365,0.22,0.7
1732028340.1730783,0.22,0.7
1732028340.1920114,0.22,0.7
1732028340.2126567,0.22,0.7
1732028340.233067,0.22,0.7
1732028340.2525392,0.22,0.7
1732028340.2729757,0.22,0.7
1732028340.2935274,0.22,0.7
1732028340.312724,0.22,0.7
1732028340.3333511,0.22,0.7
1732028340.3533094,0.22,0.7
1732028340.37244,0.22,0.7
1732028340.3927474,0.22,0.7
1732028340.4151223,0.22,0.7
1732028340.4323878,0.22,0.7
1732028340.4527483,0.22,0.7
1732028340.472818,0.22,0.7
1732028340.4934902,0.22,0.7
1732028340.5120964,0.22,0.7
1732028340.5328436,0.22,0.7
1732028340.5519457,0.22,0.7
1732028340.5724564,0.22,0.7
1732028340.5933764,0.22,0.7
1732028340.611942,0.22,0.7
1732028340.6327868,0.22,0.7
1732028340.6522236,0.22,0.7
1732028340.6723394,0.22,0.7
1732028340.6938713,0.22,0.7
1732028340.7119853,0.22,0.7
1732028340.731924,0.22,0.7
1732028340.7521985,0.22,0.7
1732028340.7721047,0.22,0.7
1732028340.7951143,0.22,0.7
1732028340.812357,0.22,0.7
1732028340.8322246,0.22,0.7
1732028340.852843,0.22,0.7
1732028340.8720303,0.22,0.7
1732028340.892099,0.22,0.7
1732028340.9120057,0.22,0.7
1732028340.9348233,0.22,0.7
1732028340.952037,0.22,0.7
1732028340.9720438,0.22,0.7
1732028340.9920423,0.22,0.7
1732028341.0241702,0.22,0.7
1732028341.0326679,0.22,0.7
1732028341.0526254,0.22,0.7
1732028341.0742826,0.22,0.7
1732028341.0922685,0.22,0.7
1732028341.1127753,0.22,0.7
1732028341.132205,0.22,0.7
1732028341.1525948,0.22,0.7
1732028341.1719692,0.22,0.7
1732028341.1920776,0.22,0.7
1732028341.2120948,0.22,0.7
1732028341.2341595,0.22,0.7
1732028341.252522,0.22,0.7
1732028341.2725992,0.22,0.7
1732028341.2924297,0.22,0.7
1732028341.31209,0.22,0.7
1732028341.3325305,0.22,0.7
1732028341.3530996,0.22,0.7
1732028341.3724356,0.22,0.7
1732028341.3927152,0.22,0.7
1732028341.4123979,0.22,0.7
1732028341.4326682,0.22,0.7
1732028341.4520056,0.22,0.7
1732028341.4719381,0.22,0.7
1732028341.4970944,0.22,0.7
1732028341.5120602,0.22,0.7
1732028341.5325387,0.22,0.7
1732028341.552109,0.22,0.7
1732028341.571991,0.22,0.7
1732028341.591996,0.22,0.7
1732028341.6120527,0.22,0.7
1732028341.632088,0.22,0.7
1732028341.6527076,0.22,0.7
1732028341.6723974,0.22,0.7
1732028341.6923454,0.22,0.7
1732028341.7124255,0.22,0.7
1732028341.7323446,0.22,0.7
1732028341.7527168,0.22,0.7
1732028341.7745192,0.22,0.7
1732028341.7936425,0.22,0.7
1732028341.8123484,0.22,0.7
1732028341.832313,0.22,0.7
1732028341.8525913,0.22,0.7
1732028341.8724582,0.22,0.7
1732028341.8928485,0.22,0.7
1732028341.9120393,0.22,0.7
1732028341.93218,0.22,0.7
1732028341.9519377,0.22,0.7
1732028341.9722154,0.22,0.7
1732028341.993059,0.22,0.7
1732028342.0120606,0.23,0.7
1732028342.0337539,0.23,0.7
1732028342.0527692,0.23,0.7
1732028342.0749884,0.23,0.7
1732028342.0943823,0.23,0.7
1732028342.1127973,0.23,0.7
1732028342.1344984,0.23,0.7
1732028342.1527536,0.23,0.7
1732028342.1729734,0.23,0.7
1732028342.1920528,0.23,0.7
1732028342.2120883,0.23,0.7
1732028342.2327523,0.23,0.7
1732028342.2537115,0.23,0.7
1732028342.2726047,0.23,0.7
1732028342.292011,0.23,0.7
1732028342.3122928,0.23,0.7
1732028342.3321767,0.23,0.7
1732028342.353017,0.23,0.7
1732028342.372868,0.23,0.7
1732028342.392773,0.23,0.7
1732028342.4121099,0.23,0.7
1732028342.4352262,0.23,0.7
1732028342.452767,0.23,0.7
1732028342.473142,0.23,0.7
1732028342.4919987,0.22,0.7
1732028342.5124385,0.22,0.7
1732028342.5325499,0.22,0.7
1732028342.5538187,0.22,0.7
1732028342.5722308,0.22,0.7
1732028342.592524,0.22,0.7
1732028342.6122046,0.22,0.7
1732028342.6327527,0.22,0.7
1732028342.6521847,0.22,0.7
1732028342.6732328,0.22,0.7
1732028342.6925545,0.22,0.7
1732028342.7126713,0.22,0.7
1732028342.7336414,0.22,0.7
1732028342.7534683,0.22,0.7
1732028342.7739477,0.22,0.7
1732028342.792386,0.22,0.7
1732028342.8120306,0.22,0.7
1732028342.8323567,0.22,0.7
1732028342.8525052,0.22,0.7
1732028342.8721483,0.22,0.7
1732028342.8933804,0.22,0.7
1732028342.9132318,0.22,0.7
1732028342.9389005,0.22,0.7
1732028342.952721,0.22,0.7
1732028342.9721582,0.22,0.7
1732028342.9926434,0.22,0.7
1732028343.0118806,0.22,0.7
1732028343.033577,0.22,0.7
1732028343.0552075,0.22,0.7
1732028343.0722337,0.22,0.7
1732028343.0940218,0.22,0.7
1732028343.112463,0.22,0.7
1732028343.134193,0.22,0.7
1732028343.1532454,0.22,0.7
1732028343.1728537,0.22,0.7
1732028343.196391,0.22,0.7
1732028343.2126951,0.22,0.7
1732028343.2340622,0.22,0.7
1732028343.2521482,0.22,0.7
1732028343.2732372,0.22,0.7
1732028343.2942054,0.22,0.7
1732028343.312281,0.22,0.7
1732028343.3320742,0.22,0.7
1732028343.3520138,0.22,0.7
1732028343.3720198,0.22,0.7
1732028343.393239,0.22,0.7
1732028343.4119465,0.22,0.7
1732028343.4324396,0.22,0.7
1732028343.4533277,0.22,0.7
1732028343.4753485,0.22,0.7
1732028343.4932592,0.22,0.7
1732028343.511963,0.22,0.7
1732028343.5329516,0.22,0.7
1732028343.551872,0.22,0.7
1732028343.5730016,0.22,0.7
1732028343.5932875,0.22,0.7
1732028343.613306,0.22,0.7
1732028343.6330936,0.22,0.7
1732028343.6529648,0.22,0.7
1732028343.672315,0.22,0.7
1732028343.6939986,0.22,0.7
1732028343.712208,0.22,0.7
1732028343.7329926,0.22,0.7
1732028343.7526445,0.22,0.7
1732028343.7721992,0.22,0.7
1732028343.7923796,0.22,0.7
1732028343.8128037,0.22,0.7
1732028343.833074,0.22,0.7
1732028343.8523984,0.22,0.7
1732028343.87215,0.22,0.7
1732028343.8925285,0.22,0.7
1732028343.911981,0.22,0.7
1732028343.932028,0.22,0.7
1732028343.9558883,0.22,0.7
1732028343.9720013,0.22,0.7
1732028343.992568,0.22,0.7
1732028344.0123706,0.22,0.7
1732028344.0352435,0.22,0.7
1732028344.0522163,0.22,0.7
1732028344.0723548,0.22,0.7
1732028344.0937603,0.22,0.7
1732028344.1125689,0.22,0.7
1732028344.132342,0.22,0.7
1732028344.1523535,0.22,0.7
1732028344.1721504,0.22,0.7
1732028344.1930745,0.22,0.7
1732028344.2160544,0.22,0.7
1732028344.2320566,0.22,0.7
1732028344.2527583,0.22,0.7
1732028344.2731073,0.22,0.7
1732028344.293764,0.22,0.7
1732028344.3121116,0.22,0.7
1732028344.3321595,0.22,0.7
1732028344.352458,0.22,0.7
1732028344.3737516,0.22,0.7
1732028344.3935926,0.22,0.7
1732028344.413605,0.22,0.7
1732028344.4332705,0.22,0.7
1732028344.4526908,0.22,0.7
1732028344.4726088,0.22,0.7
1732028344.493125,0.22,0.7
1732028344.5133336,0.22,0.7
1732028344.5350814,0.22,0.7
1732028344.5526838,0.22,0.7
1732028344.5726216,0.22,0.7
1732028344.592285,0.22,0.7
1732028344.614056,0.22,0.7
1732028344.6320693,0.22,0.7
1732028344.651956,0.22,0.7
1732028344.6723464,0.22,0.7
1732028344.6924005,0.22,0.7
1732028344.7122288,0.22,0.7
1732028344.7323897,0.22,0.7
1732028344.7532752,0.22,0.7
1732028344.7720752,0.22,0.7
1732028344.793034,0.22,0.7
1732028344.8120227,0.22,0.7
1732028344.8334942,0.22,0.7
1732028344.8521364,0.22,0.7
1732028344.872206,0.22,0.7
1732028344.8922398,0.22,0.7
1732028344.9120238,0.22,0.7
1732028344.9323204,0.22,0.7
1732028344.9535534,0.22,0.7
1732028344.9727712,0.22,0.7
1732028344.9920585,0.22,0.7
1732028345.0119605,0.22,0.7
1732028345.034118,0.22,0.7
1732028345.052189,0.22,0.7
1732028345.0718703,0.22,0.7
1732028345.0991883,0.22,0.7
1732028345.1139116,0.22,0.7
1732028345.1322775,0.22,0.7
1732028345.1520646,0.22,0.7
1732028345.1722138,0.22,0.7
1732028345.1939504,0.22,0.7
1732028345.2130165,0.22,0.7
1732028345.2330563,0.22,0.7
1732028345.2521913,0.22,0.7
1732028345.27316,0.22,0.7
1732028345.2929974,0.22,0.7
1732028345.312625,0.22,0.7
1732028345.3325994,0.22,0.7
1732028345.3523533,0.22,0.7
1732028345.3719501,0.22,0.7
1732028345.3943145,0.22,0.7
1732028345.4122863,0.22,0.7
1732028345.4322355,0.22,0.7
1732028345.4520717,0.22,0.7
1732028345.4727547,0.22,0.7
1732028345.4936733,0.22,0.7
1732028345.5131695,0.22,0.7
1732028345.5322974,0.22,0.7
1732028345.5526803,0.22,0.7
1732028345.576844,0.22,0.7
1732028345.59333,0.22,0.7
1732028345.6119058,0.22,0.7
1732028345.6324854,0.22,0.7
1732028345.6520238,0.22,0.7
1732028345.6720033,0.22,0.7
1732028345.6924036,0.22,0.7
1732028345.7121732,0.22,0.7
1732028345.732648,0.22,0.7
1732028345.7526376,0.22,0.7
1732028345.7723,0.22,0.7
1732028345.7923002,0.22,0.7
1732028345.8123434,0.22,0.7
1732028345.8323276,0.22,0.7
1732028345.8530676,0.22,0.7
1732028345.8731122,0.22,0.7
1732028345.8933074,0.22,0.7
1732028345.9132822,0.22,0.7
1732028345.9320433,0.22,0.7
1732028345.9529455,0.22,0.7
1732028345.9719598,0.22,0.7
1732028345.9919538,0.22,0.7
1732028346.0127952,0.22,0.7
1732028346.0321558,0.22,0.7
1732028346.0528035,0.22,0.7
1732028346.0735562,0.22,0.7
1732028346.0954185,0.22,0.7
1732028346.1127083,0.22,0.7
1732028346.1374106,0.22,0.7
1732028346.1528385,0.22,0.7
1732028346.173666,0.22,0.7
1732028346.1971266,0.22,0.7
1732028346.2125535,0.22,0.7
1732028346.2328534,0.22,0.7
1732028346.253515,0.22,0.7
1732028346.2726634,0.22,0.7
1732028346.2933984,0.22,0.7
1732028346.31197,0.22,0.7
1732028346.3322,0.22,0.7
1732028346.352159,0.22,0.7
1732028346.3720243,0.22,0.7
1732028346.3934078,0.22,0.7
1732028346.4120343,0.22,0.7
1732028346.4338071,0.22,0.7
1732028346.4527316,0.22,0.7
1732028346.4730244,0.22,0.7
1732028346.49723,0.22,0.7
1732028346.512073,0.22,0.7
1732028346.5329025,0.22,0.7
1732028346.5540738,0.22,0.7
1732028346.5728626,0.22,0.7
1732028346.5990667,0.22,0.7
1732028346.6137123,0.22,0.7
1732028346.6357775,0.22,0.7
1732028346.6521356,0.22,0.7
1732028346.6721802,0.22,0.7
1732028346.6941006,0.22,0.7
1732028346.7140725,0.22,0.7
1732028346.733123,0.22,0.7
1732028346.7532105,0.22,0.7
1732028346.773187,0.22,0.7
1732028346.7939754,0.22,0.7
1732028346.8150115,0.22,0.7
1732028346.8331134,0.22,0.7
1732028346.8530366,0.22,0.7
1732028346.8740065,0.22,0.7
1732028346.8942256,0.22,0.7
1732028346.9131927,0.22,0.7
1732028346.9374638,0.22,0.7
1732028346.958325,0.22,0.7
1732028346.9754477,0.22,0.7
1732028346.994629,0.22,0.7
1732028347.0126097,0.22,0.7
1732028347.0327802,0.22,0.7
1732028347.052533,0.22,0.7
1732028347.0733857,0.22,0.7
1732028347.093962,0.22,0.7
1732028347.112032,0.22,0.7
1732028347.1366832,0.22,0.7
1732028347.1520905,0.22,0.7
1732028347.1737578,0.22,0.7
1732028347.196376,0.22,0.7
1732028347.2121873,0.22,0.7
1732028347.2363517,0.22,0.7
1732028347.253516,0.22,0.7
1732028347.271961,0.22,0.7
1732028347.2923274,0.22,0.7
1732028347.311896,0.22,0.7
1732028347.3339837,0.22,0.7
1732028347.3529136,0.22,0.7
1732028347.3741384,0.22,0.7
1732028347.3957794,0.22,0.7
1732028347.4141889,0.22,0.7
1732028347.4330454,0.22,0.7
1732028347.4540517,0.22,0.7
1732028347.4742475,0.22,0.7
1732028347.4992685,0.22,0.7
1732028347.515371,0.22,0.7
1732028347.5333076,0.22,0.7
1732028347.5523376,0.22,0.7
1732028347.5728018,0.22,0.7
1732028347.5929146,0.22,0.7
1732028347.6139371,0.22,0.7
1732028347.6333013,0.22,0.7
1732028347.6529727,0.22,0.7
1732028347.6744282,0.22,0.7
1732028347.693217,0.22,0.7
1732028347.7123911,0.22,0.7
1732028347.7331514,0.22,0.7
1732028347.7527235,0.22,0.7
1732028347.772913,0.22,0.7
1732028347.7925422,0.22,0.7
1732028347.812081,0.22,0.7
1732028347.8323941,0.22,0.7
1732028347.8519523,0.22,0.7
1732028347.8724036,0.22,0.7
1732028347.8979914,0.22,0.7
1732028347.9122891,0.22,0.7
1732028347.932045,0.22,0.7
1732028347.9522243,0.22,0.7
1732028347.9720662,0.22,0.7
1732028347.9951098,0.22,0.7
1732028348.012864,0.22,0.7
1732028348.032357,0.22,0.7
1732028348.0525079,0.22,0.7
1732028348.0726216,0.22,0.7
1732028348.0982885,0.22,0.7
1732028348.1120844,0.22,0.7
1732028348.1320667,0.22,0.7
1732028348.152742,0.22,0.7
1732028348.171939,0.22,0.7
1732028348.1921856,0.22,0.7
1732028348.2125773,0.22,0.7
1732028348.2322667,0.22,0.7
1732028348.2521374,0.22,0.7
1732028348.272,0.22,0.7
1732028348.2926002,0.22,0.7
1732028348.3127427,0.22,0.7
1732028348.3328726,0.22,0.7
1732028348.3567955,0.22,0.7
1732028348.3744085,0.22,0.7
1732028348.3924725,0.22,0.7
1732028348.4127712,0.22,0.7
1732028348.432652,0.22,0.7
1732028348.4524648,0.22,0.7
1732028348.472562,0.22,0.7
1732028348.4929852,0.22,0.7
1732028348.5127437,0.22,0.7
1732028348.5321646,0.22,0.7
1732028348.5519915,0.22,0.7
1732028348.5720658,0.22,0.7
1732028348.591958,0.22,0.7
1732028348.612781,0.22,0.7
1732028348.6323357,0.22,0.7
1732028348.6541173,0.22,0.7
