1732028308.0323036,0.0,0.0,0.0
1732028308.0325472,0.0,0.0,0.0
1732028308.05288,0.0,0.0,0.0
1732028308.0737162,0.0,0.0,0.0
1732028308.0940742,0.0,0.0,0.0
1732028308.116195,0.0,0.0,0.0
1732028308.1326632,0.0,0.0,0.0
1732028308.1523147,0.0,0.0,0.0
1732028308.172857,0.0,0.0,0.0
1732028308.1941345,0.0,0.0,0.0
1732028308.2129738,0.0,0.0,0.0
1732028308.2323146,0.0,0.0,0.0
1732028308.2525835,0.0,0.0,0.0
1732028308.2723162,0.0,0.0,0.0
1732028308.2922475,0.0,0.0,0.0
1732028308.3122623,0.0,0.0,0.0
1732028308.3322434,0.0,0.0,0.0
1732028308.3533738,0.0,0.0,0.0
1732028308.3734822,0.0,0.0,0.0
1732028308.3938153,0.0,0.0,0.0
1732028308.413732,0.0,0.0,0.0
1732028308.4379385,0.0,0.0,0.0
1732028308.45247,0.0,0.0,0.0
1732028308.4722939,0.0,0.0,0.0
1732028308.4924986,0.0,0.0,0.0
1732028308.5144799,0.0,0.0,0.0
1732028308.5323236,0.0,0.0,0.0
1732028308.5526452,0.0,0.0,0.0
1732028308.5727117,0.0,0.0,0.0
1732028308.592655,0.0,0.0,0.0
1732028308.612646,0.0,0.0,0.0
1732028308.6328743,0.0,0.0,0.0
1732028308.6525373,0.0,0.0,0.0
1732028308.673716,0.0,0.0,0.0
1732028308.6950178,0.0,0.0,0.0
1732028308.7131312,0.0,0.0,0.0
1732028308.734032,0.0,0.0,0.0
1732028308.7528121,0.0,0.0,0.0
1732028308.7729323,0.0,0.0,0.0
1732028308.7975242,0.0,0.0,0.0
1732028308.8143091,0.0,0.0,0.0
1732028308.8334384,0.0,0.0,0.0
1732028308.8532407,0.0,0.0,0.0
1732028308.8731241,0.0,0.0,0.0
1732028308.8943534,0.0,0.0,0.0
1732028308.9130745,0.0,0.0,0.0
1732028308.933023,0.0,0.0,0.0
1732028308.953245,0.0,0.0,0.0
1732028308.9741426,0.0,0.0,0.0
1732028308.994092,0.0,0.0,0.0
1732028309.0134416,0.0,0.0,0.0
1732028309.0335977,0.0,0.0,0.0
1732028309.0532222,0.0,0.0,0.0
1732028309.0730977,0.0,0.0,0.0
1732028309.0938365,0.0,0.0,0.0
1732028309.1129851,0.0,0.0,0.0
1732028309.133446,0.0,0.0,0.0
1732028309.1530051,0.0,0.0,0.0
1732028309.1732035,0.0,0.0,0.0
1732028309.1946235,0.0,0.0,0.0
1732028309.213766,0.0,0.0,0.0
1732028309.232894,0.0,0.0,0.0
1732028309.2524033,0.0,0.0,0.0
1732028309.2722957,0.0,0.0,0.0
1732028309.293734,0.0,0.0,0.0
1732028309.3125963,0.0,0.0,0.0
1732028309.3345022,0.0,0.0,0.0
1732028309.354753,0.0,0.0,0.0
1732028309.3722067,0.0,0.0,0.0
1732028309.3986604,0.0,0.0,0.0
1732028309.4152603,0.0,0.0,0.0
1732028309.432954,0.0,0.0,0.0
1732028309.4528272,0.0,0.0,0.0
1732028309.473067,0.0,0.0,0.0
1732028309.492973,0.0,0.0,0.0
1732028309.5126586,0.0,0.0,0.0
1732028309.5328083,0.0,0.0,0.0
1732028309.5537045,0.0,0.0,0.0
1732028309.572152,0.0,0.0,0.0
1732028309.596352,0.0,0.0,0.0
1732028309.612918,0.0,0.0,0.0
1732028309.6324594,0.0,0.0,0.0
1732028309.6524012,0.0,0.0,0.0
1732028309.6726594,0.0,0.0,0.0
1732028309.6930022,0.0,0.0,0.0
1732028309.7123945,0.0,0.0,0.0
1732028309.7321916,0.0,0.0,0.0
1732028309.7539883,0.0,0.0,0.0
1732028309.7728043,0.0,0.0,0.0
1732028309.7930186,0.0,0.0,0.0
1732028309.8146322,0.0,0.0,0.0
1732028309.8326044,0.0,0.0,0.0
1732028309.8525534,0.0,0.0,0.0
1732028309.8725467,0.0,0.0,0.0
1732028309.894919,0.0,0.0,0.0
1732028309.9157522,0.0,0.0,0.0
1732028309.9325275,0.0,0.0,0.0
1732028309.9534879,0.0,0.0,0.0
1732028309.9736362,0.0,0.0,0.0
1732028309.9925942,0.0,0.0,0.0
1732028310.0130281,0.0,0.0,0.0
1732028310.0334077,0.0,0.0,0.0
1732028310.0523171,0.0,0.0,0.0
1732028310.0728402,0.0,0.0,0.0
1732028310.0940998,0.0,0.0,0.0
1732028310.1136525,0.0,0.0,0.0
1732028310.1324651,0.0,0.0,0.0
1732028310.1522453,0.0,0.0,0.0
1732028310.1723545,0.0,0.0,0.0
1732028310.1997168,0.0,0.0,0.0
1732028310.2125976,0.0,0.0,0.0
1732028310.2383378,0.0,0.0,0.0
1732028310.2530804,0.0,0.0,0.0
1732028310.2729175,0.0,0.0,0.0
1732028310.3005056,0.0,0.0,0.0
1732028310.3127954,0.0,0.0,0.0
1732028310.3329828,0.0,0.0,0.0
1732028310.3528502,0.0,0.0,0.0
1732028310.3726761,0.0,0.0,0.0
1732028310.393236,0.0,0.0,0.0
1732028310.4129634,0.0,0.0,0.0
1732028310.4328053,0.0,0.0,0.0
1732028310.452582,0.0,0.0,0.0
1732028310.4726608,0.0,0.0,0.0
1732028310.493191,0.0,0.0,0.0
1732028310.513167,0.0,0.0,0.0
1732028310.5352447,0.0,0.0,0.0
1732028310.553444,0.0,0.0,0.0
1732028310.5731554,0.0,0.0,0.0
1732028310.5927596,0.0,0.0,0.0
1732028310.6125593,0.0,0.0,0.0
1732028310.6335578,0.0,0.0,0.0
1732028310.65352,0.0,0.0,0.0
1732028310.672718,0.0,0.0,0.0
1732028310.693357,0.0,0.0,0.0
1732028310.7123177,0.0,0.0,0.0
1732028310.7324903,0.0,0.0,0.0
1732028310.752679,0.0,0.0,0.0
1732028310.773534,0.0,0.0,0.0
1732028310.7959795,0.0,0.0,0.0
1732028310.8130214,0.0,0.0,0.0
1732028310.8332858,0.0,0.0,0.0
1732028310.8523948,0.0,0.0,0.0
1732028310.8726623,0.0,0.0,0.0
1732028310.8931613,0.0,0.0,0.0
1732028310.9135277,0.0,0.0,0.0
1732028310.9326847,0.0,0.0,0.0
1732028310.9544425,0.0,0.0,0.0
1732028310.9724848,0.0,0.0,0.0
1732028310.9928997,0.0,0.0,0.0
1732028311.0123103,0.0,0.0,0.0
1732028311.033591,0.0,0.0,0.0
1732028311.05505,0.0,0.0,0.0
1732028311.072543,0.0,0.0,0.0
1732028311.09673,0.0,0.0,0.0
1732028311.1125298,0.0,0.0,0.0
1732028311.132855,0.0,0.0,0.0
1732028311.1527793,0.0,0.0,0.0
1732028311.1725905,0.0,0.0,0.0
1732028311.193391,0.0,0.0,0.0
1732028311.2122142,0.0,0.0,0.0
1732028311.2339923,0.0,0.0,0.0
1732028311.2520676,0.0,0.0,0.0
1732028311.2724502,0.0,0.0,0.0
1732028311.2919962,0.0,0.0,0.0
1732028311.312125,0.0,0.0,0.0
1732028311.3341353,0.0,0.0,0.0
1732028311.3526845,0.0,0.0,0.0
1732028311.3812137,0.0,0.0,0.0
1732028311.395454,0.0,0.0,0.0
1732028311.413351,0.0,0.0,0.0
1732028311.432496,0.0,0.0,0.0
1732028311.4523554,0.0,0.0,0.0
1732028311.472369,0.0,0.0,0.0
1732028311.494363,0.0,0.0,0.0
1732028311.512671,0.0,0.0,0.0
1732028311.5327232,0.0,0.0,0.0
1732028311.5528188,0.0,0.0,0.0
1732028311.572743,0.0,0.0,0.0
1732028311.5932014,0.0,0.0,0.0
1732028311.612641,0.0,0.0,0.0
1732028311.632709,0.0,0.0,0.0
1732028311.6523993,0.0,0.0,0.0
1732028311.6725998,0.0,0.0,0.0
1732028311.6927679,0.0,0.0,0.0
1732028311.7124715,0.0,0.0,0.0
1732028311.7331917,0.0,0.0,0.0
1732028311.7531297,0.0,0.0,0.0
1732028311.7727647,0.0,0.0,0.0
1732028311.7927816,0.0,0.0,0.0
1732028311.8129025,0.0,0.0,0.0
1732028311.8324661,0.0,0.0,0.0
1732028311.8530831,0.0,0.0,0.0
1732028311.8727553,0.0,0.0,0.0
1732028311.8967576,0.0,0.0,0.0
1732028311.9135175,0.0,0.0,0.0
1732028311.9327197,0.0,0.0,0.0
1732028311.9528103,0.0,0.0,0.0
1732028311.9724996,0.0,0.0,0.0
1732028311.9945836,0.0,0.0,0.0
1732028312.0166035,0.0,0.0,0.0
1732028312.032485,0.0,0.0,0.0
1732028312.0533774,0.0,0.0,0.0
1732028312.0726814,0.0,0.0,0.0
1732028312.0974145,0.0,0.0,0.0
1732028312.112488,0.0,0.0,0.0
1732028312.1326258,0.0,0.0,0.0
1732028312.1530488,0.0,0.0,0.0
1732028312.1727781,0.0,0.0,0.0
1732028312.1951945,0.0,0.0,0.0
1732028312.2136467,0.0,0.0,0.0
1732028312.233001,0.0,0.0,0.0
1732028312.2521572,0.0,0.0,0.0
1732028312.2726648,0.0,0.0,0.0
1732028312.2981505,0.0,0.0,0.0
1732028312.3135455,0.0,0.0,0.0
1732028312.3340979,0.0,0.0,0.0
1732028312.352276,0.0,0.0,0.0
1732028312.372509,0.0,0.0,0.0
1732028312.3951437,0.0,0.0,0.0
1732028312.412939,0.0,0.0,0.0
1732028312.4339502,0.0,0.0,0.0
1732028312.4570823,0.0,0.0,0.0
1732028312.4724379,0.0,0.0,0.0
1732028312.4962099,0.0,0.0,0.0
1732028312.5126576,0.0,0.0,0.0
1732028312.5328104,0.0,0.0,0.0
1732028312.5530696,0.0,0.0,0.0
1732028312.5725589,0.0,0.0,0.0
1732028312.5953932,0.0,0.0,0.0
1732028312.6134644,0.0,0.0,0.0
1732028312.6331635,0.0,0.0,0.0
1732028312.6535707,0.0,0.0,0.0
1732028312.673766,0.0,0.0,0.0
1732028312.6954172,0.0,0.0,0.0
1732028312.7141514,0.0,0.0,0.0
1732028312.7324858,0.0,0.0,0.0
1732028312.7524993,0.0,0.0,0.0
1732028312.772821,0.0,0.0,0.0
1732028312.7956078,0.0,0.0,0.0
1732028312.8168569,0.0,0.0,0.0
1732028312.832646,0.0,0.0,0.0
1732028312.8524544,0.0,0.0,0.0
1732028312.8724756,0.0,0.0,0.0
1732028312.892575,0.0,0.0,0.0
1732028312.912491,0.0,0.0,0.0
1732028312.9323275,0.0,0.0,0.0
1732028312.953925,0.0,0.0,0.0
1732028312.975064,0.0,0.0,0.0
1732028312.9925067,0.0,0.0,0.0
1732028313.012924,0.0,0.0,0.0
1732028313.0323708,0.0,0.0,0.0
1732028313.052056,0.0,0.0,0.0
1732028313.0743926,0.0,0.0,0.0
1732028313.0954123,0.0,0.0,0.0
1732028313.1141107,0.0,0.0,0.0
1732028313.1329458,0.0,0.0,0.0
1732028313.153056,0.0,0.0,0.0
1732028313.1729596,0.0,0.0,0.0
1732028313.1952062,0.0,0.0,0.0
1732028313.212592,0.0,0.0,0.0
1732028313.2322853,0.0,0.0,0.0
1732028313.2522497,0.0,0.0,0.0
1732028313.2725422,0.0,0.0,0.0
1732028313.293757,0.0,0.0,0.0
1732028313.3129594,0.0,0.0,0.0
1732028313.3328583,0.0,0.0,0.0
1732028313.3529506,0.0,0.0,0.0
1732028313.372214,0.0,0.0,0.0
1732028313.3922918,0.0,0.0,0.0
1732028313.4125617,0.0,0.0,0.0
1732028313.4368699,0.0,0.0,0.0
1732028313.452402,0.0,0.0,0.0
1732028313.4735575,0.0,0.0,0.0
1732028313.4937205,0.0,0.0,0.0
1732028313.5128248,0.0,0.0,0.0
1732028313.532929,0.0,0.0,0.0
1732028313.5525377,0.0,0.0,0.0
1732028313.5726717,0.0,0.0,0.0
1732028313.5931027,0.0,0.0,0.0
1732028313.6129186,0.0,0.0,0.0
1732028313.6322927,0.0,0.0,0.0
1732028313.6530342,0.0,0.0,0.0
1732028313.6726685,0.0,0.0,0.0
1732028313.6927452,0.0,0.0,0.0
1732028313.7127068,0.0,0.0,0.0
1732028313.7335892,0.0,0.0,0.0
1732028313.7532983,0.0,0.0,0.0
1732028313.772677,0.0,0.0,0.0
1732028313.792813,0.0,0.0,0.0
1732028313.81279,0.0,0.0,0.0
1732028313.8326895,0.0,0.0,0.0
1732028313.8522866,0.0,0.0,0.0
1732028313.872697,0.0,0.0,0.0
1732028313.8931706,0.0,0.0,0.0
1732028313.912252,0.0,0.0,0.0
1732028313.9334323,0.0,0.0,0.0
1732028313.956058,0.0,0.0,0.0
1732028313.9748638,0.0,0.0,0.0
1732028313.9927127,0.0,0.0,0.0
1732028314.013231,0.0,0.0,0.0
1732028314.0324776,0.0,0.0,0.0
1732028314.053389,0.0,0.0,0.0
1732028314.0727816,0.0,0.0,0.0
1732028314.0958703,0.0,0.0,0.0
1732028314.1125102,0.0,0.0,0.0
1732028314.132478,0.0,0.0,0.0
1732028314.1523068,0.0,0.0,0.0
1732028314.1720674,0.0,0.0,0.0
1732028314.194499,0.0,0.0,0.0
1732028314.214391,0.0,0.0,0.0
1732028314.2352195,0.0,0.0,0.0
1732028314.252577,0.0,0.0,0.0
1732028314.2727036,0.0,0.0,0.0
1732028314.2942271,0.0,0.0,0.0
1732028314.312652,0.0,0.0,0.0
1732028314.33287,0.0,0.0,0.0
1732028314.3530724,0.0,0.0,0.0
1732028314.3734071,0.0,0.0,0.0
1732028314.3925612,0.0,0.0,0.0
1732028314.4131787,0.0,0.0,0.0
1732028314.4322906,0.0,0.0,0.0
1732028314.4521985,0.0,0.0,0.0
1732028314.472574,0.0,0.0,0.0
1732028314.4945366,0.0,0.0,0.0
1732028314.514247,0.0,0.0,0.0
1732028314.532452,0.0,0.0,0.0
1732028314.5520425,0.0,0.0,0.0
1732028314.5724618,0.0,0.0,0.0
1732028314.5945957,0.0,0.0,0.0
1732028314.6125088,0.0,0.0,0.0
1732028314.632915,0.0,0.0,0.0
1732028314.653062,0.0,0.0,0.0
1732028314.672309,0.0,0.0,0.0
1732028314.6929452,0.0,0.0,0.0
1732028314.7131271,0.0,0.0,0.0
1732028314.7326415,0.0,0.0,0.0
1732028314.7522137,0.0,0.0,0.0
1732028314.772265,0.0,0.0,0.0
1732028314.7951937,0.0,0.0,0.0
1732028314.8128927,0.0,0.0,0.0
1732028314.8322675,0.0,0.0,0.0
1732028314.854033,0.0,0.0,0.0
1732028314.8730822,0.0,0.0,0.0
1732028314.8952534,0.0,0.0,0.0
1732028314.9127936,0.0,0.0,0.0
1732028314.9323204,0.0,0.0,0.0
1732028314.9523377,0.0,0.0,0.0
1732028314.973085,0.0,0.0,0.0
1732028314.9921951,0.0,0.0,0.0
1732028315.0123167,0.0,0.0,0.0
1732028315.032951,0.0,0.0,0.0
1732028315.0523632,0.0,0.0,0.0
1732028315.0720096,0.0,0.0,0.0
1732028315.0919583,0.0,0.0,0.0
1732028315.1126435,0.0,0.0,0.0
1732028315.1325538,0.0,0.0,0.0
1732028315.1528256,0.0,0.0,0.0
1732028315.1726007,0.0,0.0,0.0
1732028315.1934392,0.0,0.0,0.0
1732028315.2133281,0.0,0.0,0.0
1732028315.2323265,0.0,0.0,0.0
1732028315.2533839,0.0,0.0,0.0
1732028315.2723384,0.0,0.0,0.0
1732028315.2932415,0.0,0.0,0.0
1732028315.3131864,0.0,0.0,0.0
1732028315.3338056,0.0,0.0,0.0
1732028315.3524694,0.0,0.0,0.0
1732028315.3727896,0.0,0.0,0.0
1732028315.3933847,0.0,0.0,0.0
1732028315.4130504,0.0,0.0,0.0
1732028315.432054,0.0,0.0,0.0
1732028315.4525483,0.0,0.0,0.0
1732028315.472373,0.0,0.0,0.0
1732028315.494386,0.0,0.0,0.0
1732028315.519853,0.0,0.0,0.0
1732028315.533667,0.0,0.0,0.0
1732028315.5527678,0.0,0.0,0.0
1732028315.5726976,0.0,0.0,0.0
1732028315.5936003,0.0,0.0,0.0
1732028315.6125534,0.0,0.0,0.0
1732028315.6323314,0.0,0.0,0.0
1732028315.6525528,0.0,0.0,0.0
1732028315.672038,0.0,0.0,0.0
1732028315.6957495,0.0,0.0,0.0
1732028315.7131004,0.0,0.0,0.0
1732028315.732645,0.0,0.0,0.0
1732028315.7522674,0.0,0.0,0.0
1732028315.7721093,0.0,0.0,0.0
1732028315.7923715,0.0,0.0,0.0
1732028315.8123393,0.0,0.0,0.0
1732028315.8325675,0.0,0.0,0.0
1732028315.8521507,0.0,0.0,0.0
1732028315.87233,0.0,0.0,0.0
1732028315.8947508,0.0,0.0,0.0
1732028315.9127154,0.0,0.0,0.0
1732028315.932701,0.0,0.0,0.0
1732028315.9529321,0.0,0.0,0.0
1732028315.9733377,0.0,0.0,0.0
1732028315.99431,0.0,0.0,0.0
1732028316.0125544,0.0,0.0,0.0
1732028316.0325596,0.0,0.0,0.0
1732028316.0528138,0.0,0.0,0.0
1732028316.0727005,0.0,0.0,0.0
1732028316.0927477,0.0,0.0,0.0
1732028316.11227,0.0,0.0,0.0
1732028316.1324868,0.0,0.0,0.0
1732028316.152813,0.0,0.0,0.0
1732028316.1723187,0.0,0.0,0.0
1732028316.1924481,0.0,0.0,0.0
1732028316.212547,0.0,0.0,0.0
1732028316.2328973,0.0,0.0,0.0
1732028316.2533135,0.0,0.0,0.0
1732028316.2726192,0.0,0.0,0.0
1732028316.2921257,0.0,0.0,0.0
1732028316.312546,0.0,0.0,0.0
1732028316.3330736,0.0,0.0,0.0
1732028316.357618,0.0,0.0,0.0
1732028316.3731062,0.0,0.0,0.0
1732028316.3930643,0.0,0.0,0.0
1732028316.412758,0.0,0.0,0.0
1732028316.4326792,0.0,0.0,0.0
1732028316.4525192,0.0,0.0,0.0
1732028316.4723608,0.0,0.0,0.0
1732028316.4934123,0.0,0.0,0.0
1732028316.5139527,0.0,0.0,0.0
1732028316.5328622,0.0,0.0,0.0
1732028316.5526474,0.0,0.0,0.0
1732028316.57302,0.0,0.0,0.0
1732028316.593811,0.0,0.0,0.0
1732028316.612643,0.0,0.0,0.0
1732028316.6341488,0.0,0.0,0.0
1732028316.653435,0.0,0.0,0.0
1732028316.672826,0.0,0.0,0.0
1732028316.692812,0.0,0.0,0.0
1732028316.7126956,0.0,0.0,0.0
1732028316.732276,0.0,0.0,0.0
1732028316.7525425,0.0,0.0,0.0
1732028316.77236,0.0,0.0,0.0
1732028316.7935798,0.0,0.0,0.0
1732028316.8126721,0.0,0.0,0.0
1732028316.8333993,0.0,0.0,0.0
1732028316.8527465,0.0,0.0,0.0
1732028316.872678,0.0,0.0,0.0
1732028316.8926988,0.0,0.0,0.0
1732028316.9122603,0.0,0.0,0.0
1732028316.9326558,0.0,0.0,0.0
1732028316.9523814,0.0,0.0,0.0
1732028316.9725692,0.0,0.0,0.0
1732028316.9932683,0.0,0.0,0.0
1732028317.012708,0.0,0.0,0.0
1732028317.0339112,0.0,0.0,0.0
1732028317.0528636,0.0,0.0,0.0
1732028317.072437,0.0,0.0,0.0
1732028317.0942268,0.0,0.0,0.0
1732028317.1133235,0.0,0.0,0.0
1732028317.1326237,0.0,0.0,0.0
1732028317.1525335,0.0,0.0,0.0
1732028317.1731546,0.0,0.0,0.0
1732028317.1929502,0.0,0.0,0.0
1732028317.2124085,0.0,0.0,0.0
1732028317.234345,0.0,0.0,0.0
1732028317.2532158,0.0,0.0,0.0
1732028317.2726583,0.0,0.0,0.0
1732028317.2928028,0.0,0.0,0.0
1732028317.313621,0.0,0.0,0.0
1732028317.33313,0.0,0.0,0.0
1732028317.3521485,0.0,0.0,0.0
1732028317.3723085,0.0,0.0,0.0
1732028317.392476,0.0,0.0,0.0
1732028317.4130926,0.0,0.0,0.0
1732028317.4322186,0.0,0.0,0.0
1732028317.4534972,0.0,0.0,0.0
1732028317.4725945,0.0,0.0,0.0
1732028317.496189,0.0,0.0,0.0
1732028317.5128105,0.0,0.0,0.0
1732028317.532045,0.0,0.0,0.0
1732028317.5523891,0.0,0.0,0.0
1732028317.573131,0.0,0.0,0.0
1732028317.5960095,0.0,0.0,0.0
1732028317.6127636,0.0,0.0,0.0
1732028317.6327388,0.0,0.0,0.0
1732028317.6526303,0.0,0.0,0.0
1732028317.6722965,0.0,0.0,0.0
1732028317.6929917,0.0,0.0,0.0
1732028317.7121406,0.0,0.0,0.0
1732028317.7320468,0.0,0.0,0.0
1732028317.7522886,0.0,0.0,0.0
1732028317.7730353,0.0,0.0,0.0
1732028317.7931883,0.0,0.0,0.0
1732028317.8126318,0.0,0.0,0.0
1732028317.8326738,0.0,0.0,0.0
1732028317.8526843,0.0,0.0,0.0
1732028317.8724358,0.0,0.0,0.0
1732028317.8925624,0.0,0.0,0.0
1732028317.9127486,0.0,0.0,0.0
1732028317.9333618,0.0,0.0,0.0
1732028317.952595,0.0,0.0,0.0
1732028317.9727607,0.0,0.0,0.0
1732028317.9942725,0.0,0.0,0.0
1732028318.0128908,0.0,0.0,0.0
1732028318.0326517,0.0,0.0,0.0
1732028318.0542932,0.0,0.0,0.0
1732028318.0726736,0.0,0.0,0.0
1732028318.0932505,0.0,0.0,0.0
1732028318.1128018,0.0,0.0,0.0
1732028318.132362,0.0,0.0,0.0
1732028318.1522057,0.0,0.0,0.0
1732028318.172391,0.0,0.0,0.0
1732028318.192964,0.0,0.0,0.0
1732028318.212302,0.0,0.0,0.0
1732028318.233108,0.0,0.0,0.0
1732028318.252453,0.0,0.0,0.0
1732028318.272545,0.0,0.0,0.0
1732028318.2933512,0.0,0.0,0.0
1732028318.3132198,0.0,0.0,0.0
1732028318.3330095,0.0,0.0,0.0
1732028318.352275,0.0,0.0,0.0
1732028318.3730104,0.0,0.0,0.0
1732028318.392112,0.0,0.0,0.0
1732028318.412248,0.0,0.0,0.0
1732028318.432789,0.0,0.0,0.0
1732028318.461214,0.0,0.0,0.0
1732028318.4727077,0.0,0.0,0.0
1732028318.4940014,0.0,0.0,0.0
1732028318.5126598,0.0,0.0,0.0
1732028318.5327241,0.0,0.0,0.0
1732028318.552784,0.0,0.0,0.0
1732028318.5726998,0.0,0.0,0.0
1732028318.59322,0.0,0.0,0.0
1732028318.6122549,0.0,0.0,0.0
1732028318.6336412,0.0,0.0,0.0
1732028318.6531942,0.0,0.0,0.0
1732028318.6722999,0.0,0.0,0.0
1732028318.6942344,0.0,0.0,0.0
1732028318.712044,0.0,0.0,0.0
1732028318.7323139,0.0,0.0,0.0
1732028318.7522528,0.0,0.0,0.0
1732028318.7724097,0.0,0.0,0.0
1732028318.7938428,0.0,0.0,0.0
1732028318.813223,0.0,0.0,0.0
1732028318.832765,0.0,0.0,0.0
1732028318.8526757,0.0,0.0,0.0
1732028318.872608,0.0,0.0,0.0
1732028318.8935273,0.0,0.0,0.0
1732028318.9133499,0.0,0.0,0.0
1732028318.9334016,0.0,0.0,0.0
1732028318.953255,0.0,0.0,0.0
1732028318.9739935,0.0,0.0,0.0
1732028318.9934742,0.0,0.0,0.0
1732028319.0153441,0.0,0.0,0.0
1732028319.0332227,0.0,0.0,0.0
1732028319.0523539,0.0,0.0,0.0
1732028319.0735078,0.0,0.0,0.0
1732028319.0927298,0.0,0.0,0.0
1732028319.1129584,0.0,0.0,0.0
1732028319.132767,0.0,0.0,0.0
1732028319.1540325,0.0,0.0,0.0
1732028319.1725223,0.0,0.0,0.0
1732028319.1947765,0.0,0.0,0.0
1732028319.214017,0.0,0.0,0.0
1732028319.2346065,0.0,0.0,0.0
1732028319.252647,0.0,0.0,0.0
1732028319.2725508,0.0,0.0,0.0
1732028319.2919686,0.0,0.0,0.0
1732028319.3122826,0.0,0.0,0.0
1732028319.3325624,0.0,0.0,0.0
1732028319.3525486,0.0,0.0,0.0
1732028319.3728776,0.0,0.0,0.0
1732028319.3952305,0.0,0.0,0.0
1732028319.4124916,0.0,0.0,0.0
1732028319.4329002,0.0,0.0,0.0
1732028319.452461,0.0,0.0,0.0
1732028319.4723642,0.0,0.0,0.0
1732028319.4952435,0.0,0.0,0.0
1732028319.5129266,0.0,0.0,0.0
1732028319.5325108,0.0,0.0,0.0
1732028319.5522685,0.0,0.0,0.0
1732028319.5727007,0.0,0.0,0.0
1732028319.5931604,0.0,0.0,0.0
1732028319.6129305,0.0,0.0,0.0
1732028319.63246,0.0,0.0,0.0
1732028319.6521568,0.0,0.0,0.0
1732028319.672786,0.0,0.0,0.0
1732028319.694084,0.0,0.0,0.0
1732028319.713326,0.0,0.0,0.0
1732028319.7327514,0.0,0.0,0.0
1732028319.7526748,0.0,0.0,0.0
1732028319.7725532,0.0,0.0,0.0
1732028319.7932866,0.0,0.0,0.0
1732028319.8125868,0.0,0.0,0.0
1732028319.8332589,0.0,0.0,0.0
1732028319.852248,0.0,0.0,0.0
1732028319.8722217,0.0,0.0,0.0
1732028319.8922017,0.0,0.0,0.0
1732028319.9135747,0.0,0.0,0.0
1732028319.9327905,0.0,0.0,0.0
1732028319.9525597,0.0,0.0,0.0
1732028319.9723313,0.0,0.0,0.0
1732028319.9925246,0.0,0.0,0.0
1732028320.0120258,0.0,0.0,0.0
1732028320.0324426,0.0,0.0,0.0
1732028320.0533504,0.0,0.0,0.0
1732028320.073577,0.0,0.0,0.0
1732028320.092711,0.0,0.0,0.0
1732028320.1150126,0.0,0.0,0.0
1732028320.1327875,0.0,0.0,0.0
1732028320.1521964,0.0,0.0,0.0
1732028320.172889,0.0,0.0,0.0
1732028320.192676,0.0,0.0,0.0
1732028320.2128425,0.0,0.0,0.0
1732028320.2325628,0.0,0.0,0.0
1732028320.2524762,0.0,0.0,0.0
1732028320.272717,0.0,0.0,0.0
1732028320.2934687,0.0,0.0,0.0
1732028320.3124661,0.0,0.0,0.0
1732028320.3324876,0.0,0.0,0.0
1732028320.3532178,0.0,0.0,0.0
1732028320.3728244,0.0,0.0,0.0
1732028320.3929048,0.0,0.0,0.0
1732028320.412683,0.0,0.0,0.0
1732028320.433164,0.0,0.0,0.0
1732028320.452682,0.0,0.0,0.0
1732028320.4727204,0.0,0.0,0.0
1732028320.493225,0.0,0.0,0.0
1732028320.5124905,0.0,0.0,0.0
1732028320.5345016,0.0,0.0,0.0
1732028320.5539525,0.0,0.0,0.0
1732028320.5721917,0.0,0.0,0.0
1732028320.5929372,0.0,0.0,0.0
1732028320.613444,0.0,0.0,0.0
1732028320.640446,0.0,0.0,0.0
1732028320.6539931,0.0,0.0,0.0
1732028320.6769476,0.0,0.0,0.0
1732028320.697814,0.0,0.0,0.0
1732028320.7126956,0.0,0.0,0.0
1732028320.7328272,0.0,0.0,0.0
1732028320.7535486,0.0,0.0,0.0
1732028320.7728312,0.0,0.0,0.0
1732028320.7940977,0.0,0.0,0.0
1732028320.8122861,0.0,0.0,0.0
1732028320.832176,0.0,0.0,0.0
1732028320.8521008,0.0,0.0,0.0
1732028320.8727746,0.0,0.0,0.0
1732028320.8951364,0.0,0.0,0.0
1732028320.9128122,0.0,0.0,0.0
1732028320.9323049,0.0,0.0,0.0
1732028320.9527469,0.0,0.0,0.0
1732028320.9726987,0.0,0.0,0.0
1732028320.9940486,0.0,0.0,0.0
1732028321.0123112,0.0,0.0,0.0
1732028321.0327141,0.0,0.0,0.0
1732028321.0527432,0.0,0.0,0.0
1732028321.072562,0.0,0.0,0.0
1732028321.0943298,0.0,0.0,0.0
1732028321.112312,0.0,0.0,0.0
1732028321.1329532,0.0,0.0,0.0
1732028321.1524,0.0,0.0,0.0
1732028321.172965,0.0,0.0,0.0
1732028321.1950543,0.0,0.0,0.0
1732028321.2124798,0.0,0.0,0.0
1732028321.2338254,0.0,0.0,0.0
1732028321.2525418,0.0,0.0,0.0
1732028321.2727184,0.0,0.0,0.0
1732028321.2952964,0.0,0.0,0.0
1732028321.3132272,0.0,0.0,0.0
1732028321.3341863,0.0,0.0,0.0
1732028321.3532274,0.0,0.0,0.0
1732028321.373025,0.0,0.0,0.0
1732028321.3945036,0.0,0.0,0.0
1732028321.414463,0.0,0.0,0.0
1732028321.4344304,0.0,0.0,0.0
1732028321.4526904,0.0,0.0,0.0
1732028321.472373,0.0,0.0,0.0
1732028321.494399,0.0,0.0,0.0
1732028321.5138457,0.0,0.0,0.0
1732028321.532921,0.0,0.0,0.0
1732028321.5531397,0.0,0.0,0.0
1732028321.5724752,0.0,0.0,0.0
1732028321.592982,0.0,0.0,0.0
1732028321.612447,0.0,0.0,0.0
1732028321.632834,0.0,0.0,0.0
1732028321.6533198,0.0,0.0,0.0
1732028321.6724544,0.0,0.0,0.0
1732028321.6922562,0.0,0.0,0.0
1732028321.7129128,0.0,0.0,0.0
1732028321.7320092,0.0,0.0,0.0
1732028321.7524781,0.0,0.0,0.0
1732028321.772141,0.0,0.0,0.0
1732028321.7933116,0.0,0.0,0.0
1732028321.812709,0.0,0.0,0.0
1732028321.8326027,0.0,0.0,0.0
1732028321.8532016,0.0,0.0,0.0
1732028321.8727682,0.0,0.0,0.0
1732028321.8945343,0.0,0.0,0.0
1732028321.9122813,0.0,0.0,0.0
1732028321.9321976,0.0,0.0,0.0
1732028321.9530294,0.0,0.0,0.0
1732028321.9730625,0.0,0.0,0.0
1732028321.99227,0.0,0.0,0.0
1732028322.01329,0.0,0.0,0.0
1732028322.0332565,0.0,0.0,0.0
1732028322.0527654,0.0,0.0,0.0
1732028322.0721836,0.0,0.0,0.0
1732028322.0944538,0.0,0.0,0.0
1732028322.1123796,0.0,0.0,0.0
1732028322.1332572,0.0,0.0,0.0
1732028322.1524286,0.0,0.0,0.0
1732028322.1723223,0.0,0.0,0.0
1732028322.1942377,0.0,0.0,0.0
1732028322.2129917,0.0,0.0,0.0
1732028322.232439,0.0,0.0,0.0
1732028322.2530327,0.0,0.0,0.0
1732028322.2730055,0.0,0.0,0.0
1732028322.2945323,0.0,0.0,0.0
1732028322.3126285,0.0,0.0,0.0
1732028322.3321195,0.0,0.0,0.0
1732028322.3526611,0.0,0.0,0.0
1732028322.3720953,0.0,0.0,0.0
1732028322.3926175,0.0,0.0,0.0
1732028322.4123104,0.0,0.0,0.0
1732028322.4327164,0.0,0.0,0.0
1732028322.4523847,0.0,0.0,0.0
1732028322.473565,0.0,0.0,0.0
1732028322.492153,0.0,0.0,0.0
1732028322.5128233,0.0,0.0,0.0
1732028322.532877,0.0,0.0,0.0
1732028322.5523705,0.0,0.0,0.0
1732028322.5720341,0.0,0.0,0.0
1732028322.5946374,0.0,0.0,0.0
1732028322.6127808,0.0,0.0,0.0
1732028322.632643,0.0,0.0,0.0
1732028322.652662,0.0,0.0,0.0
1732028322.6724768,0.0,0.0,0.0
1732028322.694081,0.0,0.0,0.0
1732028322.7134645,0.0,0.0,0.0
1732028322.7350037,0.0,0.0,0.0
1732028322.753763,0.0,0.0,0.0
1732028322.7725248,0.0,0.0,0.0
1732028322.7941022,0.0,0.0,0.0
1732028322.8126974,0.0,0.0,0.0
1732028322.8325667,0.0,0.0,0.0
1732028322.8537788,0.0,0.0,0.0
1732028322.8724504,0.0,0.0,0.0
1732028322.8946133,0.0,0.0,0.0
1732028322.9125822,0.0,0.0,0.0
1732028322.9323542,0.0,0.0,0.0
1732028322.9522033,0.0,0.0,0.0
1732028322.974246,0.0,0.0,0.0
1732028322.9936426,0.0,0.0,0.0
1732028323.0131483,0.0,0.0,0.0
1732028323.0320811,0.0,0.0,0.0
1732028323.0519931,0.0,0.0,0.0
1732028323.075271,0.0,0.0,0.0
1732028323.0938227,0.0,0.0,0.0
1732028323.1129208,0.0,0.0,0.0
1732028323.1325994,0.0,0.0,0.0
1732028323.1522334,0.0,0.0,0.0
1732028323.172534,0.0,0.0,0.0
1732028323.192698,0.0,0.0,0.0
1732028323.2127473,0.0,0.0,0.0
1732028323.233896,0.0,0.0,0.0
1732028323.2527635,0.0,0.0,0.0
1732028323.2724738,0.0,0.0,0.0
1732028323.292902,0.0,0.0,0.0
1732028323.312673,0.0,0.0,0.0
1732028323.3351047,0.0,0.0,0.0
1732028323.3525145,0.0,0.0,0.0
1732028323.3726592,0.0,0.0,0.0
1732028323.3966968,0.0,0.0,0.0
1732028323.4138565,0.0,0.0,0.0
1732028323.433061,0.0,0.0,0.0
1732028323.4525654,0.0,0.0,0.0
1732028323.472499,0.0,0.0,0.0
1732028323.4942243,0.0,0.0,0.0
1732028323.5133336,0.0,0.0,0.0
1732028323.5325923,0.0,0.0,0.0
1732028323.552222,0.0,0.0,0.0
1732028323.5727372,0.0,0.0,0.0
1732028323.592557,0.0,0.0,0.0
1732028323.6124883,0.0,0.0,0.0
1732028323.633639,0.0,0.0,0.0
1732028323.652573,0.0,0.0,0.0
1732028323.6725917,0.0,0.0,0.0
1732028323.692748,0.0,0.0,0.0
1732028323.7130432,0.0,0.0,0.0
1732028323.732934,0.0,0.0,0.0
1732028323.752472,0.0,0.0,0.0
1732028323.773786,0.0,0.0,0.0
1732028323.7925708,0.0,0.0,0.0
1732028323.812459,0.0,0.0,0.0
1732028323.832466,0.0,0.0,0.0
1732028323.852246,0.0,0.0,0.0
1732028323.8737082,0.0,0.0,0.0
1732028323.8925853,0.0,0.0,0.0
1732028323.912377,0.0,0.0,0.0
1732028323.9322906,0.0,0.0,0.0
1732028323.9526684,0.0,0.0,0.0
1732028323.972135,0.0,0.0,0.0
1732028323.9932785,0.0,0.0,0.0
1732028324.0127928,0.0,0.0,0.0
1732028324.032838,0.0,0.0,0.0
1732028324.0525048,0.0,0.0,0.0
1732028324.0722163,0.0,0.0,0.0
1732028324.0932572,0.0,0.0,0.0
1732028324.1123602,0.0,0.0,0.0
1732028324.1328523,0.0,0.0,0.0
1732028324.153467,0.0,0.0,0.0
1732028324.172342,0.0,0.0,0.0
1732028324.1925437,0.0,0.0,0.0
1732028324.2137873,0.0,0.0,0.0
1732028324.2327492,0.0,0.0,0.0
1732028324.2528522,0.0,0.0,0.0
1732028324.2722998,0.0,0.0,0.0
1732028324.2932818,0.0,0.0,0.0
1732028324.3126268,0.0,0.0,0.0
1732028324.3330941,0.0,0.0,0.0
1732028324.3525164,0.0,0.0,0.0
1732028324.3720958,0.0,0.0,0.0
1732028324.395478,0.0,0.0,0.0
1732028324.4122171,0.0,0.0,0.0
1732028324.4321735,0.0,0.0,0.0
1732028324.4524045,0.0,0.0,0.0
1732028324.472355,0.0,0.0,0.0
1732028324.495113,0.0,0.0,0.0
1732028324.512796,0.0,0.0,0.0
1732028324.5354788,0.0,0.0,0.0
1732028324.55225,0.0,0.0,0.0
1732028324.5721245,0.0,0.0,0.0
1732028324.5923831,0.0,0.0,0.0
1732028324.6128128,0.0,0.0,0.0
1732028324.6334362,0.0,0.0,0.0
1732028324.654411,0.0,0.0,0.0
1732028324.6738877,0.0,0.0,0.0
1732028324.693198,0.0,0.0,0.0
1732028324.7131302,0.0,0.0,0.0
1732028324.7328,0.0,0.0,0.0
1732028324.7525456,0.0,0.0,0.0
1732028324.7725828,0.0,0.0,0.0
1732028324.7954938,0.0,0.0,0.0
1732028324.8130808,0.0,0.0,0.0
1732028324.8330102,0.0,0.0,0.0
1732028324.8530395,0.0,0.0,0.0
1732028324.873639,0.0,0.0,0.0
1732028324.8940394,0.0,0.0,0.0
1732028324.9134722,0.0,0.0,0.0
1732028324.9322815,0.0,0.0,0.0
1732028324.9540904,0.0,0.0,0.0
1732028324.9727113,0.0,0.0,0.0
1732028324.9944053,0.0,0.0,0.0
1732028325.0123804,0.0,0.0,0.0
1732028325.0324266,0.0,0.0,0.0
1732028325.052331,0.0,0.0,0.0
1732028325.0725014,0.0,0.0,0.0
1732028325.0942292,0.0,0.0,0.0
1732028325.112713,0.0,0.0,0.0
1732028325.1324682,0.0,0.0,0.0
1732028325.1526546,0.0,0.0,0.0
1732028325.1736646,0.0,0.0,0.0
1732028325.193944,0.0,0.0,0.0
1732028325.2129216,0.0,0.0,0.0
1732028325.2325058,0.0,0.0,0.0
1732028325.2524831,0.0,0.0,0.0
1732028325.2723944,0.0,0.0,0.0
1732028325.2921877,0.0,0.0,0.0
1732028325.3127925,0.0,0.0,0.0
1732028325.3335176,0.0,0.0,0.0
1732028325.3535633,0.0,0.0,0.0
1732028325.386297,0.0,0.0,0.0
1732028325.3953109,0.0,0.0,0.0
1732028325.412823,0.0,0.0,0.0
1732028325.4330096,0.0,0.0,0.0
1732028325.452032,0.0,0.0,0.0
1732028325.4729514,0.0,0.0,0.0
1732028325.4928215,0.0,0.0,0.0
1732028325.515434,0.0,0.0,0.0
1732028325.5328653,0.0,0.0,0.0
1732028325.5533803,0.0,0.0,0.0
1732028325.5737839,0.0,0.0,0.0
1732028325.5933585,0.0,0.0,0.0
1732028325.612563,0.0,0.0,0.0
1732028325.632594,0.0,0.0,0.0
1732028325.653529,0.0,0.0,0.0
1732028325.6725557,0.0,0.0,0.0
1732028325.692892,0.0,0.0,0.0
1732028325.7122042,0.0,0.0,0.0
1732028325.7322032,0.0,0.0,0.0
1732028325.7537801,0.0,0.0,0.0
1732028325.7724533,0.0,0.0,0.0
1732028325.794603,0.0,0.0,0.0
1732028325.812383,0.0,0.0,0.0
1732028325.835121,0.0,0.0,0.0
1732028325.8534052,0.0,0.0,0.0
1732028325.8728247,0.0,0.0,0.0
1732028325.8943715,0.0,0.0,0.0
1732028325.9131265,0.0,0.0,0.0
1732028325.9331868,0.0,0.0,0.0
1732028325.953228,0.0,0.0,0.0
1732028325.9723022,0.0,0.0,0.0
1732028325.998528,0.0,0.0,0.0
1732028326.0139353,0.0,0.0,0.0
1732028326.0334766,0.0,0.0,0.0
1732028326.0526257,0.0,0.0,0.0
1732028326.0729034,0.0,0.0,0.0
1732028326.0961394,0.0,0.0,0.0
1732028326.1125875,0.0,0.0,0.0
1732028326.1326528,0.0,0.0,0.0
1732028326.1526132,0.0,0.0,0.0
1732028326.1725595,0.0,0.0,0.0
1732028326.1961946,0.0,0.0,0.0
1732028326.212437,0.0,0.0,0.0
1732028326.2335608,0.0,0.0,0.0
1732028326.253358,0.0,0.0,0.0
1732028326.2729619,0.0,0.0,0.0
1732028326.2940097,0.0,0.0,0.0
1732028326.313224,0.0,0.0,0.0
1732028326.3326678,0.0,0.0,0.0
1732028326.3526938,0.0,0.0,0.0
1732028326.3725424,0.0,0.0,0.0
1732028326.3947446,0.0,0.0,0.0
1732028326.412566,0.0,0.0,0.0
1732028326.4326062,0.0,0.0,0.0
1732028326.452735,0.0,0.0,0.0
1732028326.4720664,0.0,0.0,0.0
1732028326.4937155,0.0,0.0,0.0
1732028326.514087,0.0,0.0,0.0
1732028326.5322695,0.0,0.0,0.0
1732028326.5526638,0.0,0.0,0.0
1732028326.5722406,0.0,0.0,0.0
1732028326.5927062,0.0,0.0,0.0
1732028326.6123803,0.0,0.0,0.0
1732028326.6325157,0.0,0.0,0.0
1732028326.6523647,0.0,0.0,0.0
1732028326.672027,0.0,0.0,0.0
1732028326.6947994,0.0,0.0,0.0
1732028326.7131302,0.0,0.0,0.0
1732028326.732477,0.0,0.0,0.0
1732028326.7552044,0.0,0.0,0.0
1732028326.7733083,0.0,0.0,0.0
1732028326.7933645,0.0,0.0,0.0
1732028326.812888,0.0,0.0,0.0
1732028326.8331637,0.0,0.0,0.0
1732028326.8523982,0.0,0.0,0.0
1732028326.8722293,0.0,0.0,0.0
1732028326.8924596,0.0,0.0,0.0
1732028326.914154,0.0,0.0,0.0
1732028326.93294,0.0,0.0,0.0
1732028326.9527495,0.0,0.0,0.0
1732028326.9726737,0.0,0.0,0.0
1732028326.992144,0.0,0.0,0.0
1732028327.0124571,0.0,0.0,0.0
1732028327.0327806,0.0,0.0,0.0
1732028327.0525503,0.0,0.0,0.0
1732028327.07277,0.0,0.0,0.0
1732028327.0923553,0.0,0.0,0.0
1732028327.1121871,0.0,0.0,0.0
1732028327.1322548,0.0,0.0,0.0
1732028327.1521142,0.0,0.0,0.0
1732028327.1721685,0.0,0.0,0.0
1732028327.1924882,0.0,0.0,0.0
1732028327.2122529,0.0,0.0,0.0
1732028327.2327163,0.0,0.0,0.0
1732028327.2523272,0.0,0.0,0.0
1732028327.2723143,0.0,0.0,0.0
1732028327.2948864,0.0,0.0,0.0
1732028327.3127499,0.0,0.0,0.0
1732028327.3326924,0.0,0.0,0.0
1732028327.3527617,0.0,0.0,0.0
1732028327.3724906,0.0,0.0,0.0
1732028327.393402,0.0,0.0,0.0
1732028327.4130116,0.0,0.0,0.0
1732028327.4323614,0.0,0.0,0.0
1732028327.4523354,0.0,0.0,0.0
1732028327.4741678,0.0,0.0,0.0
1732028327.4958174,0.0,0.0,0.0
1732028327.513628,0.0,0.0,0.0
1732028327.5327332,0.0,0.0,0.0
1732028327.5528228,0.0,0.0,0.0
1732028327.5729933,0.0,0.0,0.0
1732028327.5936234,0.0,0.0,0.0
1732028327.6165953,0.0,0.0,0.0
1732028327.6335196,0.0,0.0,0.0
1732028327.6534817,0.0,0.0,0.0
1732028327.6732376,0.0,0.0,0.0
1732028327.692708,0.0,0.0,0.0
1732028327.7124848,0.0,0.0,0.0
1732028327.7328036,0.0,0.0,0.0
1732028327.7525315,0.0,0.0,0.0
1732028327.7734745,0.0,0.0,0.0
1732028327.7924552,0.0,0.0,0.0
1732028327.8151467,0.0,0.0,0.0
1732028327.832117,0.0,0.0,0.0
1732028327.8523479,0.0,0.0,0.0
1732028327.8722916,0.0,0.0,0.0
1732028327.8921962,0.0,0.0,0.0
1732028327.9125624,0.0,0.0,0.0
1732028327.9340067,0.0,0.0,0.0
1732028327.9526463,0.0,0.0,0.0
1732028327.9723952,0.0,0.0,0.0
1732028327.9936798,0.0,0.0,0.0
1732028328.0131192,0.0,0.0,0.0
1732028328.033636,0.0,0.0,0.0
1732028328.0552576,0.0,0.0,0.0
1732028328.0728967,0.0,0.0,0.0
1732028328.0939398,0.0,0.0,0.0
1732028328.1127267,0.0,0.0,0.0
1732028328.1327455,0.0,0.0,0.0
1732028328.1529853,0.0,0.0,0.0
1732028328.1722002,0.0,0.0,0.0
1732028328.2005854,0.0,0.0,0.0
1732028328.2128458,0.0,0.0,0.0
1732028328.2320907,0.0,0.0,0.0
1732028328.2525485,0.0,0.0,0.0
1732028328.2725685,0.0,0.0,0.0
1732028328.2938776,0.0,0.0,0.0
1732028328.3126466,0.0,0.0,0.0
1732028328.3351672,0.0,0.0,0.0
1732028328.3528214,0.0,0.0,0.0
1732028328.3729336,0.0,0.0,0.0
1732028328.3937674,0.0,0.0,0.0
1732028328.4126022,0.0,0.0,0.0
1732028328.432692,0.0,0.0,0.0
1732028328.452694,0.0,0.0,0.0
1732028328.47262,0.0,0.0,0.0
1732028328.4926887,0.0,0.0,0.0
1732028328.5138004,0.0,0.0,0.0
1732028328.5341408,0.0,0.0,0.0
1732028328.5534558,0.0,0.0,0.0
1732028328.5732272,0.0,0.0,0.0
1732028328.5926611,0.0,0.0,0.0
1732028328.6135535,0.0,0.0,0.0
1732028328.6344366,0.0,0.0,0.0
1732028328.6522374,0.0,0.0,0.0
1732028328.6720316,0.0,0.0,0.0
1732028328.69267,0.0,0.0,0.0
1732028328.7121093,0.0,0.0,0.0
1732028328.7321742,0.0,0.0,0.0
1732028328.752013,0.0,0.0,0.0
1732028328.7720287,0.0,0.0,0.0
1732028328.7925773,0.0,0.0,0.0
1732028328.812871,0.0,0.0,0.0
1732028328.8322701,0.0,0.0,0.0
1732028328.8528469,0.0,0.0,0.0
1732028328.8723845,0.0,0.0,0.0
1732028328.8923166,0.0,0.0,0.0
1732028328.9129136,0.0,0.0,0.0
1732028328.9327602,0.0,0.0,0.0
1732028328.952373,0.0,0.0,0.0
1732028328.9724014,0.0,0.0,0.0
1732028328.9925358,0.0,0.0,0.0
1732028329.012365,0.0,0.0,0.0
1732028329.032637,0.0,0.0,0.0
1732028329.0524683,0.0,0.0,0.0
1732028329.0741503,0.0,0.0,0.0
1732028329.0922143,0.0,0.0,0.0
1732028329.1125088,0.0,0.0,0.0
1732028329.1319778,0.0,0.0,0.0
1732028329.1524887,0.0,0.0,0.0
1732028329.173085,0.0,0.0,0.0
1732028329.192389,0.0,0.0,0.0
1732028329.2127645,0.0,0.0,0.0
1732028329.2330248,0.0,0.0,0.0
1732028329.2535498,0.0,0.0,0.0
1732028329.272831,0.0,0.0,0.0
1732028329.2935777,0.0,0.0,0.0
1732028329.312768,0.0,0.0,0.0
1732028329.3323116,0.0,0.0,0.0
1732028329.3523076,0.0,0.0,0.0
1732028329.3723438,0.0,0.0,0.0
1732028329.3929253,0.0,0.0,0.0
1732028329.4135509,0.0,0.0,0.0
1732028329.432517,0.0,0.0,0.0
1732028329.4525945,0.0,0.0,0.0
1732028329.472665,0.0,0.0,0.0
1732028329.4941154,0.0,0.0,0.0
1732028329.5137525,0.0,0.0,0.0
1732028329.5331676,0.0,0.0,0.0
1732028329.55612,0.0,0.0,0.0
1732028329.5729196,0.0,0.0,0.0
1732028329.5932252,0.0,0.0,0.0
1732028329.6126654,0.0,0.0,0.0
1732028329.6327498,0.0,0.0,0.0
1732028329.652548,0.0,0.0,0.0
1732028329.6729143,0.0,0.0,0.0
1732028329.6925287,0.0,0.0,0.0
1732028329.7127824,0.0,0.0,0.0
1732028329.7326746,0.0,0.0,0.0
1732028329.7524273,0.0,0.0,0.0
1732028329.7753873,0.0,0.0,0.0
1732028329.792518,0.0,0.0,0.0
1732028329.8165426,0.0,0.0,0.0
1732028329.832836,0.0,0.0,0.0
1732028329.852744,0.0,0.0,0.0
1732028329.8727615,0.0,0.0,0.0
1732028329.8928242,0.0,0.0,0.0
1732028329.9135883,0.0,0.0,0.0
1732028329.9323835,0.0,0.0,0.0
1732028329.9521892,0.0,0.0,0.0
1732028329.9722698,0.0,0.0,0.0
1732028329.994993,0.0,0.0,0.0
1732028330.012054,0.0,0.0,0.0
1732028330.0328963,0.0,0.0,0.0
1732028330.0534804,0.0,0.0,0.0
1732028330.0731926,0.0,0.0,0.0
1732028330.0948687,0.0,0.0,0.0
1732028330.1156504,0.0,0.0,0.0
1732028330.132608,0.0,0.0,0.0
1732028330.1537642,0.0,0.0,0.0
1732028330.1763308,0.0,0.0,0.0
1732028330.1975088,0.0,0.0,0.0
1732028330.2128294,0.0,0.0,0.0
1732028330.2325058,0.0,0.0,0.0
1732028330.2522864,0.0,0.0,0.0
1732028330.2724633,0.0,0.0,0.0
1732028330.2944095,0.0,0.0,0.0
1732028330.3127284,0.0,0.0,0.0
1732028330.3332489,0.0,0.0,0.0
1732028330.3527606,0.0,0.0,0.0
1732028330.372224,0.0,0.0,0.0
1732028330.3942502,0.0,0.0,0.0
1732028330.4157643,0.0,0.0,0.0
1732028330.4325864,0.0,0.0,0.0
1732028330.4521763,0.0,0.0,0.0
1732028330.4729435,0.0,0.0,0.0
1732028330.4941928,0.0,0.0,0.0
1732028330.5132258,0.0,0.0,0.0
1732028330.5323381,0.0,0.0,0.0
1732028330.5548024,0.0,0.0,0.0
1732028330.5728462,0.0,0.0,0.0
1732028330.593736,0.0,0.0,0.0
1732028330.6132307,0.0,0.0,0.0
1732028330.6329935,0.0,0.0,0.0
1732028330.654627,0.0,0.0,0.0
1732028330.6730814,0.0,0.0,0.0
1732028330.6939888,0.0,0.0,0.0
1732028330.712055,0.0,0.0,0.0
1732028330.732978,0.0,0.0,0.0
1732028330.7528799,0.0,0.0,0.0
1732028330.7737048,0.0,0.0,0.0
1732028330.7920942,0.0,0.0,0.0
1732028330.8133488,0.0,0.0,0.0
1732028330.8323395,0.0,0.0,0.0
1732028330.8523493,0.0,0.0,0.0
1732028330.8722858,0.0,0.0,0.0
1732028330.8934822,0.0,0.0,0.0
1732028330.9133234,0.0,0.0,0.0
1732028330.9330873,0.0,0.0,0.0
1732028330.9527586,0.0,0.0,0.0
1732028330.9731288,0.0,0.0,0.0
1732028330.9927328,0.0,0.0,0.0
1732028331.0130277,0.0,0.0,0.0
1732028331.0338144,0.0,0.0,0.0
1732028331.0530157,0.0,0.0,0.0
1732028331.0725813,0.0,0.0,0.0
1732028331.092266,0.0,0.0,0.0
1732028331.1125333,0.0,0.0,0.0
1732028331.132073,0.0,0.0,0.0
1732028331.1521301,0.0,0.0,0.0
1732028331.1723537,0.0,0.0,0.0
1732028331.1926365,0.0,0.0,0.0
1732028331.2128737,0.0,0.0,0.0
1732028331.2323182,0.0,0.0,0.0
1732028331.2537098,0.0,0.0,0.0
1732028331.272725,0.0,0.0,0.0
1732028331.2927089,0.0,0.0,0.0
1732028331.3129566,0.0,0.0,0.0
1732028331.3340173,0.0,0.0,0.0
1732028331.3528113,0.0,0.0,0.0
1732028331.3730085,0.0,0.0,0.0
1732028331.3944855,0.0,0.0,0.0
1732028331.4129825,0.0,0.0,0.0
1732028331.4373093,0.0,0.0,0.0
1732028331.4523172,0.0,0.0,0.0
1732028331.4723918,0.0,0.0,0.0
1732028331.4928102,0.0,0.0,0.0
1732028331.5122342,0.0,0.0,0.0
1732028331.5327415,0.0,0.0,0.0
1732028331.553327,0.0,0.0,0.0
1732028331.5733945,0.0,0.0,0.0
1732028331.5960147,0.0,0.0,0.0
1732028331.6130996,0.0,0.0,0.0
1732028331.6328626,0.0,0.0,0.0
1732028331.6522443,0.0,0.0,0.0
1732028331.6737945,0.0,0.0,0.0
1732028331.6940513,0.0,0.0,0.0
1732028331.7126105,0.0,0.0,0.0
1732028331.7323234,0.0,0.0,0.0
1732028331.7528148,0.0,0.0,0.0
1732028331.7758641,0.0,0.0,0.0
1732028331.7942252,0.0,0.0,0.0
1732028331.8141494,0.0,0.0,0.0
1732028331.832659,0.0,0.0,0.0
1732028331.8522809,0.0,0.0,0.0
1732028331.8726127,0.0,0.0,0.0
1732028331.8947456,0.0,0.0,0.0
1732028331.9129546,0.0,0.0,0.0
1732028331.9334638,0.0,0.0,0.0
1732028331.9530993,0.0,0.0,0.0
1732028331.972938,0.0,0.0,0.0
1732028331.993221,0.0,0.0,0.0
1732028332.0123649,0.0,0.0,0.0
1732028332.0329082,0.0,0.0,0.0
1732028332.0524592,0.0,0.0,0.0
1732028332.0725987,0.0,0.0,0.0
1732028332.093424,0.0,0.0,0.0
1732028332.112518,0.0,0.0,0.0
1732028332.132487,0.0,0.0,0.0
1732028332.1526132,0.0,0.0,0.0
1732028332.172323,0.0,0.0,0.0
1732028332.193018,0.0,0.0,0.0
1732028332.2122235,0.0,0.0,0.0
1732028332.2323835,0.0,0.0,0.0
1732028332.2534273,0.0,0.0,0.0
1732028332.2727392,0.0,0.0,0.0
1732028332.2926807,0.0,0.0,0.0
1732028332.3125427,0.0,0.0,0.0
1732028332.3331945,0.0,0.0,0.0
1732028332.3524516,0.0,0.0,0.0
1732028332.372328,0.0,0.0,0.0
1732028332.3943381,0.0,0.0,0.0
1732028332.4129336,0.0,0.0,0.0
1732028332.436247,0.0,0.0,0.0
1732028332.4523108,0.0,0.0,0.0
1732028332.4722247,0.0,0.0,0.0
1732028332.4925811,0.0,0.0,0.0
1732028332.512301,0.0,0.0,0.0
1732028332.5326912,0.0,0.0,0.0
1732028332.5521946,0.0,0.0,0.0
1732028332.5725515,0.0,0.0,0.0
1732028332.5927162,0.0,0.0,0.0
1732028332.6129465,0.0,0.0,0.0
1732028332.6331737,0.0,0.0,0.0
1732028332.652883,0.0,0.0,0.0
1732028332.6724946,0.0,0.0,0.0
1732028332.6955302,0.0,0.0,0.0
1732028332.7123668,0.0,0.0,0.0
1732028332.7329206,0.0,0.0,0.0
1732028332.7530224,0.0,0.0,0.0
1732028332.773294,0.0,0.0,0.0
1732028332.7921538,0.0,0.0,0.0
1732028332.8127894,0.0,0.0,0.0
1732028332.8323932,0.0,0.0,0.0
1732028332.853287,0.0,0.0,0.0
1732028332.8721614,0.0,0.0,0.0
1732028332.8933668,0.0,0.0,0.0
1732028332.9124975,0.0,0.0,0.0
1732028332.9325674,0.0,0.0,0.0
1732028332.9529822,0.0,0.0,0.0
1732028332.973193,0.0,0.0,0.0
1732028332.9927793,0.0,0.0,0.0
1732028333.012731,0.0,0.0,0.0
1732028333.033158,0.0,0.0,0.0
1732028333.0523074,0.0,0.0,0.0
1732028333.0722399,0.0,0.0,0.0
1732028333.0938365,0.0,0.0,0.0
1732028333.1132247,0.0,0.0,0.0
1732028333.132337,0.0,0.0,0.0
1732028333.153025,0.0,0.0,0.0
1732028333.173211,0.0,0.0,0.0
1732028333.1940362,0.0,0.0,0.0
1732028333.2128892,0.0,0.0,0.0
1732028333.233498,0.0,0.0,0.0
1732028333.2527852,0.0,0.0,0.0
1732028333.2725635,0.0,0.0,0.0
1732028333.2940302,0.0,0.0,0.0
1732028333.3132746,0.0,0.0,0.0
1732028333.3324018,0.0,0.0,0.0
1732028333.3533044,0.0,0.0,0.0
1732028333.3733306,0.0,0.0,0.0
1732028333.398301,0.0,0.0,0.0
1732028333.4217021,0.0,0.0,0.0
1732028333.435674,0.0,0.0,0.0
1732028333.459442,0.0,0.0,0.0
1732028333.480599,0.0,0.0,0.0
1732028333.492829,0.0,0.0,0.0
1732028333.512993,0.0,0.0,0.0
1732028333.5324738,0.0,0.0,0.0
1732028333.5533135,0.0,0.0,0.0
1732028333.573858,0.0,0.0,0.0
1732028333.592611,0.0,0.0,0.0
1732028333.6127183,0.0,0.0,0.0
1732028333.6326208,0.0,0.0,0.0
1732028333.653031,0.0,0.0,0.0
1732028333.674614,0.0,0.0,0.0
1732028333.6947894,0.0,0.0,0.0
1732028333.7151027,0.0,0.0,0.0
1732028333.7327704,0.0,0.0,0.0
1732028333.752495,0.0,0.0,0.0
1732028333.7725065,0.0,0.0,0.0
1732028333.7937365,0.0,0.0,0.0
1732028333.8125024,0.0,0.0,0.0
1732028333.8326283,0.0,0.0,0.0
1732028333.8525336,0.0,0.0,0.0
1732028333.8725426,0.0,0.0,0.0
1732028333.894291,0.0,0.0,0.0
1732028333.912627,0.0,0.0,0.0
1732028333.9336143,0.0,0.0,0.0
1732028333.9529963,0.0,0.0,0.0
1732028333.9726732,0.0,0.0,0.0
1732028333.9930022,0.0,0.0,0.0
1732028334.0125184,0.0,0.0,0.0
1732028334.0349836,0.0,0.0,0.0
1732028334.0541463,0.0,0.0,0.0
1732028334.0729547,0.0,0.0,0.0
1732028334.0936482,0.0,0.0,0.0
1732028334.1123397,0.0,0.0,0.0
1732028334.1322432,0.0,0.0,0.0
1732028334.1525652,0.0,0.0,0.0
1732028334.1722329,0.0,0.0,0.0
1732028334.1931522,0.0,0.0,0.0
1732028334.2132752,0.0,0.0,0.0
1732028334.2338822,0.0,0.0,0.0
1732028334.2529063,0.0,0.0,0.0
1732028334.2724085,0.0,0.0,0.0
1732028334.2923274,0.0,0.0,0.0
1732028334.3128028,0.0,0.0,0.0
1732028334.332401,0.0,0.0,0.0
1732028334.3527799,0.0,0.0,0.0
1732028334.3752017,0.0,0.0,0.0
1732028334.3945415,0.0,0.0,0.0
1732028334.4126725,0.0,0.0,0.0
1732028334.433266,0.0,0.0,0.0
1732028334.452442,0.0,0.0,0.0
1732028334.4732535,0.0,0.0,0.0
1732028334.4954674,0.0,0.0,0.0
1732028334.513178,0.0,0.0,0.0
1732028334.5335164,0.0,0.0,0.0
1732028334.5534568,0.0,0.0,0.0
1732028334.5736554,0.0,0.0,0.0
1732028334.5925324,0.0,0.0,0.0
1732028334.613224,0.0,0.0,0.0
1732028334.635178,0.0,0.0,0.0
1732028334.655356,0.0,0.0,0.0
1732028334.6749058,0.0,0.0,0.0
1732028334.6967502,0.0,0.0,0.0
1732028334.7141626,0.0,0.0,0.0
1732028334.733172,0.0,0.0,0.0
1732028334.7582333,0.0,0.0,0.0
1732028334.7724931,0.0,0.0,0.0
1732028334.7930532,0.0,0.0,0.0
1732028334.8160708,0.0,0.0,0.0
1732028334.8345013,0.0,0.0,0.0
1732028334.8569622,0.0,0.0,0.0
1732028334.8744195,0.0,0.0,0.0
1732028334.8924296,0.0,0.0,0.0
1732028334.9130387,0.0,0.0,0.0
1732028334.9328668,0.0,0.0,0.0
1732028334.95733,0.0,0.0,0.0
1732028334.9771218,0.0,0.0,0.0
1732028334.9964058,0.0,0.0,0.0
1732028335.0125868,0.0,0.0,0.0
1732028335.0331802,0.0,0.0,0.0
1732028335.054945,0.0,0.0,0.0
1732028335.0725255,0.0,0.0,0.0
1732028335.094432,0.0,0.0,0.0
1732028335.1164858,0.0,0.0,0.0
1732028335.1330073,0.0,0.0,0.0
1732028335.1525187,0.0,0.0,0.0
1732028335.1730864,0.0,0.0,0.0
1732028335.1933753,0.0,0.0,0.0
1732028335.2123446,0.0,0.0,0.0
1732028335.2322104,0.0,0.0,0.0
1732028335.2529554,0.0,0.0,0.0
1732028335.2725675,0.0,0.0,0.0
1732028335.2941668,0.0,0.0,0.0
1732028335.312331,0.0,0.0,0.0
1732028335.333325,0.0,0.0,0.0
1732028335.3542275,0.0,0.0,0.0
1732028335.373089,0.0,0.0,0.0
1732028335.3947065,0.0,0.0,0.0
1732028335.4142432,0.0,0.0,0.0
1732028335.4341776,0.0,0.0,0.0
1732028335.4527533,0.0,0.0,0.0
1732028335.4736125,0.0,0.0,0.0
1732028335.4944127,0.0,0.0,0.0
1732028335.5127144,0.0,0.0,0.0
1732028335.5335956,0.0,0.0,0.0
1732028335.5529795,0.0,0.0,0.0
1732028335.572239,0.0,0.0,0.0
1732028335.5945344,0.0,0.0,0.0
1732028335.6132112,0.0,0.0,0.0
1732028335.6324697,0.0,0.0,0.0
1732028335.6535378,0.0,0.0,0.0
1732028335.6728587,0.0,0.0,0.0
1732028335.6940455,0.0,0.0,0.0
1732028335.712931,0.0,0.0,0.0
1732028335.7329013,0.0,0.0,0.0
1732028335.752738,0.0,0.0,0.0
1732028335.776371,0.0,0.0,0.0
1732028335.800075,0.0,0.0,0.0
1732028335.8126774,0.0,0.0,0.0
1732028335.8332286,0.0,0.0,0.0
1732028335.853847,0.0,0.0,0.0
1732028335.8725562,0.0,0.0,0.0
1732028335.8924363,0.0,0.0,0.0
1732028335.9155247,0.0,0.0,0.0
1732028335.9332032,0.0,0.0,0.0
1732028335.9527457,0.0,0.0,0.0
1732028335.9727397,0.0,0.0,0.0
1732028335.993548,0.0,0.0,0.0
1732028336.012776,0.0,0.0,0.0
1732028336.0326815,0.0,0.0,0.0
1732028336.0524628,0.0,0.0,0.0
1732028336.0728803,0.0,0.0,0.0
1732028336.0923517,0.0,0.0,0.0
1732028336.1124296,0.0,0.0,0.0
1732028336.132605,0.0,0.0,0.0
1732028336.156059,0.0,0.0,0.0
1732028336.1731284,0.0,0.0,0.0
1732028336.1929302,0.0,0.0,0.0
1732028336.2128525,0.0,0.0,0.0
1732028336.2352414,0.0,0.0,0.0
1732028336.252731,0.0,0.0,0.0
1732028336.2729475,0.0,0.0,0.0
1732028336.2929425,0.0,0.0,0.0
1732028336.3135073,0.0,0.0,0.0
1732028336.3347046,0.0,0.0,0.0
1732028336.353204,0.0,0.0,0.0
1732028336.3726017,0.0,0.0,0.0
1732028336.3939931,0.0,0.0,0.0
1732028336.4134872,0.0,0.0,0.0
1732028336.4330106,0.0,0.0,0.0
1732028336.4533527,0.0,0.0,0.0
1732028336.474452,0.0,0.0,0.0
1732028336.4938352,0.0,0.0,0.0
1732028336.5125856,0.0,0.0,0.0
1732028336.5328882,0.0,0.0,0.0
1732028336.5533834,0.0,0.0,0.0
1732028336.574567,0.0,0.0,0.0
1732028336.5933723,0.0,0.0,0.0
1732028336.6131935,0.0,0.0,0.0
1732028336.632274,0.0,0.0,0.0
1732028336.6532009,0.0,0.0,0.0
1732028336.6725013,0.0,0.0,0.0
1732028336.694031,0.0,0.0,0.0
1732028336.712321,0.0,0.0,0.0
1732028336.7325525,0.0,0.0,0.0
1732028336.753466,0.0,0.0,0.0
1732028336.7728243,0.0,0.0,0.0
1732028336.79289,0.0,0.0,0.0
1732028336.8129406,0.0,0.0,0.0
1732028336.8336663,0.0,0.0,0.0
1732028336.8588386,0.0,0.0,0.0
1732028336.8738842,0.0,0.0,0.0
1732028336.8944259,0.0,0.0,0.0
1732028336.9123755,0.0,0.0,0.0
1732028336.9354715,0.0,0.0,0.0
1732028336.9541585,0.0,0.0,0.0
1732028336.973099,0.0,0.0,0.0
1732028336.999194,0.0,0.0,0.0
1732028337.0132174,0.0,0.0,0.0
1732028337.0336788,0.0,0.0,0.0
1732028337.0527518,0.0,0.0,0.0
1732028337.072595,0.0,0.0,0.0
1732028337.0931284,0.0,0.0,0.0
1732028337.1125355,0.0,0.0,0.0
1732028337.1326325,0.0,0.0,0.0
1732028337.1522734,0.0,0.0,0.0
1732028337.1723182,0.0,0.0,0.0
1732028337.1921177,0.0,0.0,0.0
1732028337.2123866,0.0,0.0,0.0
1732028337.232575,0.0,0.0,0.0
1732028337.252844,0.0,0.0,0.0
1732028337.2723095,0.0,0.0,0.0
1732028337.2940555,0.0,0.0,0.0
1732028337.3123279,0.0,0.0,0.0
1732028337.3328855,0.0,0.0,0.0
1732028337.352436,0.0,0.0,0.0
1732028337.3722637,0.0,0.0,0.0
1732028337.3943198,0.0,0.0,0.0
1732028337.4121993,0.0,0.0,0.0
1732028337.4323924,0.0,0.0,0.0
1732028337.454038,0.0,0.0,0.0
1732028337.4721026,0.0,0.0,0.0
1732028337.4925873,0.0,0.0,0.0
1732028337.5126028,0.0,0.0,0.0
1732028337.5338466,0.0,0.0,0.0
1732028337.553411,0.0,0.0,0.0
1732028337.5725935,0.0,0.0,0.0
1732028337.5946634,0.0,0.0,0.0
1732028337.6132333,0.0,0.0,0.0
1732028337.632477,0.0,0.0,0.0
1732028337.6525667,0.0,0.0,0.0
1732028337.673929,0.0,0.0,0.0
1732028337.6956627,0.0,0.0,0.0
1732028337.7153,0.0,0.0,0.0
1732028337.7325845,0.0,0.0,0.0
1732028337.7533631,0.0,0.0,0.0
1732028337.772695,0.0,0.0,0.0
1732028337.7936625,0.0,0.0,0.0
1732028337.8127656,0.0,0.0,0.0
1732028337.8328118,0.0,0.0,0.0
1732028337.8535903,0.0,0.0,0.0
1732028337.8727565,0.0,0.0,0.0
1732028337.8926654,0.0,0.0,0.0
1732028337.9126947,0.0,0.0,0.0
1732028337.9336534,0.0,0.0,0.0
1732028337.9525514,0.0,0.0,0.0
1732028337.9731019,0.0,0.0,0.0
1732028337.9924765,0.0,0.0,0.0
1732028338.012345,0.0,0.0,0.0
1732028338.0336955,0.0,0.0,0.0
1732028338.052893,0.0,0.0,0.0
1732028338.073367,0.0,0.0,0.0
1732028338.0986285,0.0,0.0,0.0
1732028338.1164296,0.0,0.0,0.0
1732028338.1365993,0.0,0.0,0.0
1732028338.1530483,0.0,0.0,0.0
1732028338.1727412,0.0,0.0,0.0
1732028338.1953044,0.0,0.0,0.0
1732028338.2147593,0.0,0.0,0.0
1732028338.233754,0.0,0.0,0.0
1732028338.252534,0.0,0.0,0.0
1732028338.2744918,0.0,0.0,0.0
1732028338.2940867,0.0,0.0,0.0
1732028338.3123126,0.0,0.0,0.0
1732028338.3337176,0.0,0.0,0.0
1732028338.353322,0.0,0.0,0.0
1732028338.374483,0.0,0.0,0.0
1732028338.3938882,0.0,0.0,0.0
1732028338.4125154,0.0,0.0,0.0
1732028338.4326887,0.0,0.0,0.0
1732028338.4525692,0.0,0.0,0.0
1732028338.4729702,0.0,0.0,0.0
1732028338.493203,0.0,0.0,0.0
1732028338.515222,0.0,0.0,0.0
1732028338.5329576,0.0,0.0,0.0
1732028338.5572472,0.0,0.0,0.0
1732028338.5727983,0.0,0.0,0.0
1732028338.5947936,0.0,0.0,0.0
1732028338.6138394,0.0,0.0,0.0
1732028338.634167,0.0,0.0,0.0
1732028338.6525085,0.0,0.0,0.0
1732028338.6727202,0.0,0.0,0.0
1732028338.6945305,0.0,0.0,0.0
1732028338.7141385,0.0,0.0,0.0
1732028338.7331362,0.0,0.0,0.0
1732028338.7529442,0.0,0.0,0.0
1732028338.7755766,0.0,0.0,0.0
1732028338.7934482,0.0,0.0,0.0
1732028338.8131921,0.0,0.0,0.0
1732028338.8334908,0.0,0.0,0.0
1732028338.8529897,0.0,0.0,0.0
1732028338.8727715,0.0,0.0,0.0
1732028338.89429,0.0,0.0,0.0
1732028338.912477,0.0,0.0,0.0
1732028338.9332235,0.0,0.0,0.0
1732028338.9539278,0.0,0.0,0.0
1732028338.9725492,0.0,0.0,0.0
1732028338.9952288,0.0,0.0,0.0
1732028339.0128756,0.0,0.0,0.0
1732028339.0365167,0.0,0.0,0.0
1732028339.0524898,0.0,0.0,0.0
1732028339.0727637,0.0,0.0,0.0
1732028339.093103,0.0,0.0,0.0
1732028339.1127453,0.0,0.0,0.0
1732028339.1332097,0.0,0.0,0.0
1732028339.1532328,0.0,0.0,0.0
1732028339.1727695,0.0,0.0,0.0
1732028339.196236,0.0,0.0,0.0
1732028339.212654,0.0,0.0,0.0
1732028339.2326071,0.0,0.0,0.0
1732028339.253807,0.0,0.0,0.0
1732028339.2742882,0.0,0.0,0.0
1732028339.2932856,0.0,0.0,0.0
1732028339.3129854,0.0,0.0,0.0
1732028339.3324375,0.0,0.0,0.0
1732028339.352449,0.0,0.0,0.0
1732028339.3737884,0.0,0.0,0.0
1732028339.3925555,0.0,0.0,0.0
1732028339.4128714,0.0,0.0,0.0
1732028339.4340785,0.0,0.0,0.0
1732028339.4534404,0.0,0.0,0.0
1732028339.4728951,0.0,0.0,0.0
1732028339.4934435,0.0,0.0,0.0
1732028339.512951,0.0,0.0,0.0
1732028339.5327797,0.0,0.0,0.0
1732028339.5525763,0.0,0.0,0.0
1732028339.5729094,0.0,0.0,0.0
1732028339.5925992,0.0,0.0,0.0
1732028339.6128058,0.0,0.0,0.0
1732028339.6327918,0.0,0.0,0.0
1732028339.6551604,0.0,0.0,0.0
1732028339.6724534,0.0,0.0,0.0
1732028339.6927104,0.0,0.0,0.0
1732028339.713514,0.0,0.0,0.0
1732028339.7330499,0.0,0.0,0.0
1732028339.7529008,0.0,0.0,0.0
1732028339.773104,0.0,0.0,0.0
1732028339.7925026,0.0,0.0,0.0
1732028339.8136747,0.0,0.0,0.0
1732028339.835575,0.0,0.0,0.0
1732028339.8523448,0.0,0.0,0.0
1732028339.8720632,0.0,0.0,0.0
1732028339.8926055,0.0,0.0,0.0
1732028339.9125626,0.0,0.0,0.0
1732028339.9328806,0.0,0.0,0.0
1732028339.9522634,0.0,0.0,0.0
1732028339.972231,0.0,0.0,0.0
1732028339.9943447,0.0,0.0,0.0
1732028340.0121984,0.0,0.0,0.0
1732028340.0331593,0.0,0.0,0.0
1732028340.0531678,0.0,0.0,0.0
1732028340.0725765,0.0,0.0,0.0
1732028340.09214,0.0,0.0,0.0
1732028340.112312,0.0,0.0,0.0
1732028340.132073,0.0,0.0,0.0
1732028340.1522784,0.0,0.0,0.0
1732028340.1725543,0.0,0.0,0.0
1732028340.192825,0.0,0.0,0.0
1732028340.2122586,0.0,0.0,0.0
1732028340.2327564,0.0,0.0,0.0
1732028340.252849,0.0,0.0,0.0
1732028340.2727208,0.0,0.0,0.0
1732028340.2931948,0.0,0.0,0.0
1732028340.3131037,0.0,0.0,0.0
1732028340.3327374,0.0,0.0,0.0
1732028340.3538704,0.0,0.0,0.0
1732028340.3727276,0.0,0.0,0.0
1732028340.3923182,0.0,0.0,0.0
1732028340.4120846,0.0,0.0,0.0
1732028340.432801,0.0,0.0,0.0
1732028340.4523036,0.0,0.0,0.0
1732028340.4724648,0.0,0.0,0.0
1732028340.4932532,0.0,0.0,0.0
1732028340.513168,0.0,0.0,0.0
1732028340.532351,0.0,0.0,0.0
1732028340.553191,0.0,0.0,0.0
1732028340.5728745,0.0,0.0,0.0
1732028340.5926557,0.0,0.0,0.0
1732028340.613016,0.0,0.0,0.0
1732028340.6323977,0.0,0.0,0.0
1732028340.6531794,0.0,0.0,0.0
1732028340.6721077,0.0,0.0,0.0
1732028340.6934943,0.0,0.0,0.0
1732028340.7125263,0.0,0.0,0.0
1732028340.7330213,0.0,0.0,0.0
1732028340.7525003,0.0,0.0,0.0
1732028340.772716,0.0,0.0,0.0
1732028340.7942512,0.0,0.0,0.0
1732028340.812692,0.0,0.0,0.0
1732028340.8325474,0.0,0.0,0.0
1732028340.8533597,0.0,0.0,0.0
1732028340.872327,0.0,0.0,0.0
1732028340.8949425,0.0,0.0,0.0
1732028340.9123847,0.0,0.0,0.0
1732028340.9342766,0.0,0.0,0.0
1732028340.9525228,0.0,0.0,0.0
1732028340.972473,0.0,0.0,0.0
1732028340.9942408,0.0,0.0,0.0
1732028341.012626,0.0,0.0,0.0
1732028341.0323467,0.0,0.0,0.0
1732028341.054494,0.0,0.0,0.0
1732028341.073155,0.0,0.0,0.0
1732028341.093302,0.0,0.0,0.0
1732028341.1122282,0.0,0.0,0.0
1732028341.1325734,0.0,0.0,0.0
1732028341.1521966,0.0,0.0,0.0
1732028341.1723156,0.0,0.0,0.0
1732028341.1927378,0.0,0.0,0.0
1732028341.2124665,0.0,0.0,0.0
1732028341.233666,0.0,0.0,0.0
1732028341.2528594,0.0,0.0,0.0
1732028341.2729936,0.0,0.0,0.0
1732028341.2927446,0.0,0.0,0.0
1732028341.3123872,0.0,0.0,0.0
1732028341.33347,0.0,0.0,0.0
1732028341.3528283,0.0,0.0,0.0
1732028341.3727071,0.0,0.0,0.0
1732028341.393385,0.0,0.0,0.0
1732028341.4131036,0.0,0.0,0.0
1732028341.4323463,0.0,0.0,0.0
1732028341.4525473,0.0,0.0,0.0
1732028341.4749167,0.0,0.0,0.0
1732028341.4952087,0.0,0.0,0.0
1732028341.5123324,0.0,0.0,0.0
1732028341.5327764,0.0,0.0,0.0
1732028341.5533133,0.0,0.0,0.0
1732028341.5723825,0.0,0.0,0.0
1732028341.593655,0.0,0.0,0.0
1732028341.612762,0.0,0.0,0.0
1732028341.6333237,0.0,0.0,0.0
1732028341.652396,0.0,0.0,0.0
1732028341.6729314,0.0,0.0,0.0
1732028341.6930227,0.0,0.0,0.0
1732028341.71306,0.0,0.0,0.0
1732028341.7327368,0.0,0.0,0.0
1732028341.752993,0.0,0.0,0.0
1732028341.775368,0.0,0.0,0.0
1732028341.7938888,0.0,0.0,0.0
1732028341.812674,0.0,0.0,0.0
1732028341.8347425,0.0,0.0,0.0
1732028341.8534725,0.0,0.0,0.0
1732028341.8728461,0.0,0.0,0.0
1732028341.892146,0.0,0.0,0.0
1732028341.9133637,0.0,0.0,0.0
1732028341.9325335,0.0,0.0,0.0
1732028341.9523835,0.0,0.0,0.0
1732028341.9726126,0.0,0.0,0.0
1732028341.9928188,0.0,0.0,0.0
1732028342.0124576,0.0,0.0,0.0
1732028342.034965,0.0,0.0,0.0
1732028342.0533116,0.0,0.0,0.0
1732028342.0745616,0.0,0.0,0.0
1732028342.0946305,0.0,0.0,0.0
1732028342.11323,0.0,0.0,0.0
1732028342.1341271,0.0,0.0,0.0
1732028342.1523314,0.0,0.0,0.0
1732028342.1733038,0.0,0.0,0.0
1732028342.1925614,0.0,0.0,0.0
1732028342.212539,0.0,0.0,0.0
1732028342.2323253,0.0,0.0,0.0
1732028342.2534802,0.0,0.0,0.0
1732028342.272964,0.0,0.0,0.0
1732028342.2926624,0.0,0.0,0.0
1732028342.312619,0.0,0.0,0.0
1732028342.3325396,0.0,0.0,0.0
1732028342.3533084,0.0,0.0,0.0
1732028342.373318,0.0,0.0,0.0
1732028342.393363,0.0,0.0,0.0
1732028342.414229,0.0,0.0,0.0
1732028342.4357002,0.0,0.0,0.0
1732028342.4530435,0.0,0.0,0.0
1732028342.476661,0.0,0.0,0.0
1732028342.4924676,0.0,0.0,0.0
1732028342.513044,0.0,0.0,0.0
1732028342.5329375,0.0,0.0,0.0
1732028342.554785,0.0,0.0,0.0
1732028342.5725412,0.0,0.0,0.0
1732028342.5928755,0.0,0.0,0.0
1732028342.6125414,0.0,0.0,0.0
1732028342.633208,0.0,0.0,0.0
1732028342.6525285,0.0,0.0,0.0
1732028342.672532,0.0,0.0,0.0
1732028342.693015,0.0,0.0,0.0
1732028342.7134378,0.0,0.0,0.0
1732028342.733253,0.0,0.0,0.0
1732028342.7525673,0.0,0.0,0.0
1732028342.7754486,0.0,0.0,0.0
1732028342.792661,0.0,0.0,0.0
1732028342.812445,0.0,0.0,0.0
1732028342.8329513,0.0,0.0,0.0
1732028342.8528283,0.0,0.0,0.0
1732028342.8724813,0.0,0.0,0.0
1732028342.8943615,0.0,0.0,0.0
1732028342.9129841,0.0,0.0,0.0
1732028342.9401917,0.0,0.0,0.0
1732028342.9529889,0.0,0.0,0.0
1732028342.9727066,0.0,0.0,0.0
1732028342.9933093,0.0,0.0,0.0
1732028343.0123,0.0,0.0,0.0
1732028343.0340981,0.0,0.0,0.0
1732028343.0555613,0.0,0.0,0.0
1732028343.0728164,0.0,0.0,0.0
1732028343.093625,0.0,0.0,0.0
1732028343.1121287,0.0,0.0,0.0
1732028343.1376736,0.0,0.0,0.0
1732028343.152861,0.0,0.0,0.0
1732028343.172573,0.0,0.0,0.0
1732028343.196928,0.0,0.0,0.0
1732028343.2131636,0.0,0.0,0.0
1732028343.2344108,0.0,0.0,0.0
1732028343.2523577,0.0,0.0,0.0
1732028343.2729542,0.0,0.0,0.0
1732028343.295893,0.0,0.0,0.0
1732028343.312811,0.0,0.0,0.0
1732028343.33257,0.0,0.0,0.0
1732028343.3526804,0.0,0.0,0.0
1732028343.37254,0.0,0.0,0.0
1732028343.392638,0.0,0.0,0.0
1732028343.4122806,0.0,0.0,0.0
1732028343.4321337,0.0,0.0,0.0
1732028343.4526608,0.0,0.0,0.0
1732028343.4735425,0.0,0.0,0.0
1732028343.4929836,0.0,0.0,0.0
1732028343.5124521,0.0,0.0,0.0
1732028343.5320556,0.0,0.0,0.0
1732028343.5527875,0.0,0.0,0.0
1732028343.5740552,0.0,0.0,0.0
1732028343.5929863,0.0,0.0,0.0
1732028343.6127417,0.0,0.0,0.0
1732028343.6327772,0.0,0.0,0.0
1732028343.6525826,0.0,0.0,0.0
1732028343.6726086,0.0,0.0,0.0
1732028343.6928985,0.0,0.0,0.0
1732028343.7123907,0.0,0.0,0.0
1732028343.7333128,0.0,0.0,0.0
1732028343.7522488,0.0,0.0,0.0
1732028343.7725012,0.0,0.0,0.0
1732028343.7927222,0.0,0.0,0.0
1732028343.812369,0.0,0.0,0.0
1732028343.8338552,0.0,0.0,0.0
1732028343.8529637,0.0,0.0,0.0
1732028343.8747861,0.0,0.0,0.0
1732028343.8929188,0.0,0.0,0.0
1732028343.9126146,0.0,0.0,0.0
1732028343.9329624,0.0,0.0,0.0
1732028343.9574962,0.0,0.0,0.0
1732028343.9724808,0.0,0.0,0.0
1732028343.9929473,0.0,0.0,0.0
1732028344.012693,0.0,0.0,0.0
1732028344.0344045,0.0,0.0,0.0
1732028344.0528424,0.0,0.0,0.0
1732028344.0730822,0.0,0.0,0.0
1732028344.093466,0.0,0.0,0.0
1732028344.1123111,0.0,0.0,0.0
1732028344.132676,0.0,0.0,0.0
1732028344.1520514,0.0,0.0,0.0
1732028344.1747591,0.0,0.0,0.0
1732028344.1937318,0.0,0.0,0.0
1732028344.2175598,0.0,0.0,0.0
1732028344.2322733,0.0,0.0,0.0
1732028344.2524374,0.0,0.0,0.0
1732028344.2727468,0.0,0.0,0.0
1732028344.292398,0.0,0.0,0.0
1732028344.3123317,0.0,0.0,0.0
1732028344.332846,0.0,0.0,0.0
1732028344.3538005,0.0,0.0,0.0
1732028344.3725388,0.0,0.0,0.0
1732028344.3924532,0.0,0.0,0.0
1732028344.4123602,0.0,0.0,0.0
1732028344.43476,0.0,0.0,0.0
1732028344.4522996,0.0,0.0,0.0
1732028344.4728675,0.0,0.0,0.0
1732028344.4922829,0.0,0.0,0.0
1732028344.5128195,0.0,0.0,0.0
1732028344.532516,0.0,0.0,0.0
1732028344.5616336,0.0,0.0,0.0
1732028344.5728843,0.0,0.0,0.0
1732028344.5926368,0.0,0.0,0.0
1732028344.6131976,0.0,0.0,0.0
1732028344.6342633,0.0,0.0,0.0
1732028344.6524649,0.0,0.0,0.0
1732028344.6720638,0.0,0.0,0.0
1732028344.6920755,0.0,0.0,0.0
1732028344.7127814,0.0,0.0,0.0
1732028344.733162,0.0,0.0,0.0
1732028344.7530453,0.0,0.0,0.0
1732028344.7729535,0.0,0.0,0.0
1732028344.7927284,0.0,0.0,0.0
1732028344.812625,0.0,0.0,0.0
1732028344.832264,0.0,0.0,0.0
1732028344.8528411,0.0,0.0,0.0
1732028344.8728817,0.0,0.0,0.0
1732028344.8929508,0.0,0.0,0.0
1732028344.912845,0.0,0.0,0.0
1732028344.9326434,0.0,0.0,0.0
1732028344.9529161,0.0,0.0,0.0
1732028344.9729874,0.0,0.0,0.0
1732028344.9934177,0.0,0.0,0.0
1732028345.0122142,0.0,0.0,0.0
1732028345.0349772,0.0,0.0,0.0
1732028345.0524728,0.0,0.0,0.0
1732028345.072286,0.0,0.0,0.0
1732028345.1012673,0.0,0.0,0.0
1732028345.1145306,0.0,0.0,0.0
1732028345.1327605,0.0,0.0,0.0
1732028345.1523614,0.0,0.0,0.0
1732028345.1728182,0.0,0.0,0.0
1732028345.1930404,0.0,0.0,0.0
1732028345.212459,0.0,0.0,0.0
1732028345.2333431,0.0,0.0,0.0
1732028345.2524803,0.0,0.0,0.0
1732028345.272473,0.0,0.0,0.0
1732028345.2935724,0.0,0.0,0.0
1732028345.3130796,0.0,0.0,0.0
1732028345.333015,0.0,0.0,0.0
1732028345.3527122,0.0,0.0,0.0
1732028345.3734622,0.0,0.0,0.0
1732028345.394496,0.0,0.0,0.0
1732028345.4126344,0.0,0.0,0.0
1732028345.4324818,0.0,0.0,0.0
1732028345.4525692,0.0,0.0,0.0
1732028345.4732065,0.0,0.0,0.0
1732028345.4933584,0.0,0.0,0.0
1732028345.5121875,0.0,0.0,0.0
1732028345.5325842,0.0,0.0,0.0
1732028345.553479,0.0,0.0,0.0
1732028345.5729322,0.0,0.0,0.0
1732028345.5922868,0.0,0.0,0.0
1732028345.6122265,0.0,0.0,0.0
1732028345.6328804,0.0,0.0,0.0
1732028345.6523194,0.0,0.0,0.0
1732028345.67462,0.0,0.0,0.0
1732028345.6934462,0.0,0.0,0.0
1732028345.7124844,0.0,0.0,0.0
1732028345.7328708,0.0,0.0,0.0
1732028345.752934,0.0,0.0,0.0
1732028345.7726355,0.0,0.0,0.0
1732028345.793049,0.0,0.0,0.0
1732028345.8127391,0.0,0.0,0.0
1732028345.8326879,0.0,0.0,0.0
1732028345.8524544,0.0,0.0,0.0
1732028345.8727386,0.0,0.0,0.0
1732028345.8930995,0.0,0.0,0.0
1732028345.9134731,0.0,0.0,0.0
1732028345.9325752,0.0,0.0,0.0
1732028345.9531796,0.0,0.0,0.0
1732028345.9723825,0.0,0.0,0.0
1732028345.9933712,0.0,0.0,0.0
1732028346.0130987,0.0,0.0,0.0
1732028346.033158,0.0,0.0,0.0
1732028346.0532455,0.0,0.0,0.0
1732028346.072705,0.0,0.0,0.0
1732028346.0950594,0.0,0.0,0.0
1732028346.1130738,0.0,0.0,0.0
1732028346.1388733,0.0,0.0,0.0
1732028346.153206,0.0,0.0,0.0
1732028346.172684,0.0,0.0,0.0
1732028346.196763,0.0,0.0,0.0
1732028346.212903,0.0,0.0,0.0
1732028346.2332935,0.0,0.0,0.0
1732028346.2541313,0.0,0.0,0.0
1732028346.2722898,0.0,0.0,0.0
1732028346.2946703,0.0,0.0,0.0
1732028346.312286,0.0,0.0,0.0
1732028346.332631,0.0,0.0,0.0
1732028346.352573,0.0,0.0,0.0
1732028346.3727698,0.0,0.0,0.0
1732028346.3925908,0.0,0.0,0.0
1732028346.4126308,0.0,0.0,0.0
1732028346.4343114,0.0,0.0,0.0
1732028346.4523,0.0,0.0,0.0
1732028346.4733775,0.0,0.0,0.0
1732028346.49672,0.0,0.0,0.0
1732028346.5124788,0.0,0.0,0.0
1732028346.5325046,0.0,0.0,0.0
1732028346.5535617,0.0,0.0,0.0
1732028346.5724669,0.0,0.0,0.0
1732028346.5994184,0.0,0.0,0.0
1732028346.6132805,0.0,0.0,0.0
1732028346.6343226,0.0,0.0,0.0
1732028346.6524785,0.0,0.0,0.0
1732028346.6725128,0.0,0.0,0.0
1732028346.6945844,0.0,0.0,0.0
1732028346.7149837,0.0,0.0,0.0
1732028346.733434,0.0,0.0,0.0
1732028346.7534637,0.0,0.0,0.0
1732028346.7735689,0.0,0.0,0.0
1732028346.7933407,0.0,0.0,0.0
1732028346.8131342,0.0,0.0,0.0
1732028346.8326433,0.0,0.0,0.0
1732028346.8526413,0.0,0.0,0.0
1732028346.8742952,0.0,0.0,0.0
1732028346.894827,0.0,0.0,0.0
1732028346.9203756,0.0,0.0,0.0
1732028346.9390914,0.0,0.0,0.0
1732028346.9580178,0.0,0.0,0.0
1732028346.9760852,0.0,0.0,0.0
1732028346.9943354,0.0,0.0,0.0
1732028347.0151138,0.0,0.0,0.0
1732028347.034788,0.0,0.0,0.0
1732028347.0527961,0.0,0.0,0.0
1732028347.0727737,0.0,0.0,0.0
1732028347.093432,0.0,0.0,0.0
1732028347.1127057,0.0,0.0,0.0
1732028347.1362963,0.0,0.0,0.0
1732028347.1534622,0.0,0.0,0.0
1732028347.1743457,0.0,0.0,0.0
1732028347.1967428,0.0,0.0,0.0
1732028347.2128048,0.0,0.0,0.0
1732028347.2357986,0.0,0.0,0.0
1732028347.2531455,0.0,0.0,0.0
1732028347.2731757,0.0,0.0,0.0
1732028347.2932434,0.0,0.0,0.0
1732028347.3127813,0.0,0.0,0.0
1732028347.3342354,0.0,0.0,0.0
1732028347.35382,0.0,0.0,0.0
1732028347.3746142,0.0,0.0,0.0
1732028347.3961475,0.0,0.0,0.0
1732028347.4151158,0.0,0.0,0.0
1732028347.4334195,0.0,0.0,0.0
1732028347.4544098,0.0,0.0,0.0
1732028347.4748769,0.0,0.0,0.0
1732028347.496101,0.0,0.0,0.0
1732028347.5142488,0.0,0.0,0.0
1732028347.5330105,0.0,0.0,0.0
1732028347.5527546,0.0,0.0,0.0
1732028347.5723696,0.0,0.0,0.0
1732028347.592569,0.0,0.0,0.0
1732028347.6169415,0.0,0.0,0.0
1732028347.6323915,0.0,0.0,0.0
1732028347.6547997,0.0,0.0,0.0
1732028347.6735606,0.0,0.0,0.0
1732028347.6937802,0.0,0.0,0.0
1732028347.7129323,0.0,0.0,0.0
1732028347.7329264,0.0,0.0,0.0
1732028347.752995,0.0,0.0,0.0
1732028347.7725863,0.0,0.0,0.0
1732028347.7927954,0.0,0.0,0.0
1732028347.8124568,0.0,0.0,0.0
1732028347.8320704,0.0,0.0,0.0
1732028347.852349,0.0,0.0,0.0
1732028347.8727806,0.0,0.0,0.0
1732028347.8926342,0.0,0.0,0.0
1732028347.9126723,0.0,0.0,0.0
1732028347.932408,0.0,0.0,0.0
1732028347.9547598,0.0,0.0,0.0
1732028347.973601,0.0,0.0,0.0
1732028347.994809,0.0,0.0,0.0
1732028348.0132115,0.0,0.0,0.0
1732028348.0326653,0.0,0.0,0.0
1732028348.0531158,0.0,0.0,0.0
1732028348.0735207,0.0,0.0,0.0
1732028348.0966058,0.0,0.0,0.0
1732028348.1126027,0.0,0.0,0.0
1732028348.1326437,0.0,0.0,0.0
1732028348.152472,0.0,0.0,0.0
1732028348.1722226,0.0,0.0,0.0
1732028348.1932206,0.0,0.0,0.0
1732028348.2128768,0.0,0.0,0.0
1732028348.2326689,0.0,0.0,0.0
1732028348.252507,0.0,0.0,0.0
1732028348.2729511,0.0,0.0,0.0
1732028348.2932994,0.0,0.0,0.0
1732028348.3125124,0.0,0.0,0.0
1732028348.3331578,0.0,0.0,0.0
1732028348.353035,0.0,0.0,0.0
1732028348.3750458,0.0,0.0,0.0
1732028348.3930411,0.0,0.0,0.0
1732028348.413721,0.0,0.0,0.0
1732028348.4323423,0.0,0.0,0.0
1732028348.4530668,0.0,0.0,0.0
1732028348.4721186,0.0,0.0,0.0
1732028348.4925919,0.0,0.0,0.0
1732028348.5129669,0.0,0.0,0.0
1732028348.5325282,0.0,0.0,0.0
1732028348.552453,0.0,0.0,0.0
1732028348.5724664,0.0,0.0,0.0
1732028348.5922997,0.0,0.0,0.0
1732028348.6136065,0.0,0.0,0.0
1732028348.632577,0.0,0.0,0.0
1732028348.6544135,0.0,0.0,0.0
