1732028308.0438607,-0.03,-0.01,0.79
1732028308.0441692,-0.02,-0.01,0.79
1732028308.0981355,-0.0,-0.0,0.79
1732028308.1442428,0.02,0.01,0.79
1732028308.1932878,0.04,0.02,0.79
1732028308.2426848,0.06,0.03,0.79
1732028308.2935293,0.09,0.05,0.79
1732028308.3426468,0.12,0.06,0.79
1732028308.3952196,0.14,0.08,0.79
1732028308.44555,0.17,0.1,0.79
1732028308.492862,0.2,0.12,0.78
1732028308.5422623,0.23,0.14,0.78
1732028308.5931382,0.26,0.16,0.78
1732028308.6423783,0.29,0.18,0.78
1732028308.6959658,0.32,0.19,0.78
1732028308.7437012,0.36,0.21,0.78
1732028308.7943032,0.39,0.23,0.78
1732028308.8430152,0.42,0.26,0.78
1732028308.8937707,0.45,0.28,0.77
1732028308.943064,0.48,0.3,0.77
1732028308.994483,0.51,0.32,0.77
1732028309.04279,0.54,0.34,0.77
1732028309.0946388,0.57,0.36,0.76
1732028309.1436787,0.61,0.38,0.76
1732028309.1940155,0.64,0.4,0.76
1732028309.2424438,0.67,0.42,0.76
1732028309.295108,0.7,0.44,0.75
1732028309.3443744,0.74,0.46,0.75
1732028309.3982656,0.77,0.48,0.75
1732028309.4429364,0.8,0.5,0.74
1732028309.4932678,0.83,0.52,0.74
1732028309.5435348,0.87,0.54,0.74
1732028309.5960524,0.9,0.56,0.73
1732028309.644406,0.94,0.58,0.73
1732028309.694913,0.97,0.6,0.73
1732028309.7441235,1.0,0.62,0.72
1732028309.794025,1.04,0.64,0.72
1732028309.8437974,1.07,0.66,0.71
1732028309.8955235,1.11,0.68,0.71
1732028309.9423747,1.15,0.7,0.7
1732028309.9937117,1.18,0.72,0.7
1732028310.042016,1.22,0.75,0.7
1732028310.0924075,1.26,0.77,0.69
1732028310.1430738,1.29,0.79,0.69
1732028310.1964917,1.33,0.81,0.68
1732028310.2438977,1.37,0.83,0.68
1732028310.2937791,1.41,0.85,0.67
1732028310.3447506,1.45,0.87,0.67
1732028310.3936343,1.48,0.89,0.66
1732028310.4457037,1.52,0.92,0.66
1732028310.495113,1.56,0.94,0.65
1732028310.5431476,1.61,0.96,0.65
1732028310.5957935,1.65,0.98,0.64
1732028310.6421168,1.69,1.0,0.64
1732028310.6928546,1.73,1.02,0.63
1732028310.7420294,1.77,1.05,0.63
1732028310.79245,1.81,1.07,0.62
1732028310.8434677,1.86,1.09,0.62
1732028310.8923433,1.9,1.11,0.61
1732028310.9422238,1.95,1.13,0.6
1732028310.994506,1.99,1.15,0.6
1732028311.0423295,2.04,1.18,0.59
1732028311.0970836,2.08,1.2,0.59
1732028311.1437051,2.13,1.22,0.58
1732028311.1926234,2.17,1.24,0.58
1732028311.2437968,2.22,1.27,0.57
1732028311.2932746,2.27,1.29,0.57
1732028311.3449287,2.32,1.31,0.56
1732028311.394388,2.37,1.33,0.56
1732028311.4423163,2.42,1.35,0.55
1732028311.4939845,2.47,1.38,0.55
1732028311.5435128,2.52,1.4,0.54
1732028311.592102,2.57,1.42,0.54
1732028311.6422226,2.62,1.44,0.53
1732028311.6960175,2.67,1.46,0.53
1732028311.7461488,2.72,1.49,0.52
1732028311.792007,2.77,1.51,0.52
1732028311.8423066,2.83,1.53,0.51
1732028311.8923054,2.88,1.55,0.51
1732028311.9441211,2.93,1.57,0.5
1732028311.996126,2.99,1.6,0.5
1732028312.0426009,3.04,1.62,0.5
1732028312.0939195,3.1,1.64,0.49
1732028312.1453035,3.16,1.66,0.49
1732028312.1958148,3.21,1.68,0.48
1732028312.2436647,3.27,1.7,0.48
1732028312.2925074,3.33,1.73,0.48
1732028312.3428018,3.38,1.75,0.47
1732028312.3947456,3.44,1.77,0.47
1732028312.4432976,3.5,1.79,0.46
1732028312.494113,3.56,1.81,0.46
1732028312.544046,3.62,1.83,0.46
1732028312.596568,3.68,1.86,0.45
1732028312.6446614,3.74,1.88,0.45
1732028312.695217,3.8,1.9,0.45
1732028312.7480714,3.86,1.92,0.45
1732028312.79535,3.92,1.94,0.44
1732028312.844361,3.98,1.96,0.44
1732028312.8950553,4.04,1.98,0.44
1732028312.9420004,4.1,2.0,0.44
1732028312.9942477,4.16,2.02,0.43
1732028313.0421062,4.23,2.05,0.43
1732028313.0928683,4.29,2.07,0.43
1732028313.142278,4.35,2.09,0.43
1732028313.1943967,4.41,2.11,0.43
1732028313.2423007,4.48,2.13,0.42
1732028313.2923808,4.54,2.15,0.42
1732028313.3442016,4.6,2.17,0.42
1732028313.3948462,4.67,2.19,0.42
1732028313.443653,4.73,2.21,0.42
1732028313.4921145,4.8,2.23,0.42
1732028313.5441086,4.86,2.25,0.42
1732028313.5935566,4.93,2.28,0.42
1732028313.6456065,4.99,2.3,0.41
1732028313.6939378,5.05,2.32,0.41
1732028313.7426248,5.12,2.34,0.41
1732028313.7934284,5.18,2.36,0.41
1732028313.8424137,5.25,2.38,0.41
1732028313.8943703,5.32,2.4,0.41
1732028313.9440162,5.38,2.42,0.41
1732028313.994008,5.45,2.44,0.41
1732028314.0421612,5.51,2.46,0.41
1732028314.0989537,5.58,2.49,0.41
1732028314.1440964,5.64,2.51,0.41
1732028314.193789,5.71,2.53,0.42
1732028314.244647,5.78,2.55,0.42
1732028314.2920732,5.84,2.57,0.42
1732028314.3441503,5.91,2.59,0.42
1732028314.3933659,5.97,2.61,0.42
1732028314.4468687,6.04,2.64,0.42
1732028314.494162,6.11,2.66,0.42
1732028314.5423656,6.17,2.68,0.42
1732028314.5919743,6.24,2.7,0.42
1732028314.6422482,6.3,2.72,0.42
1732028314.6943672,6.37,2.75,0.43
1732028314.7422788,6.44,2.77,0.43
1732028314.7923298,6.5,2.79,0.43
1732028314.8423712,6.57,2.81,0.43
1732028314.894892,6.64,2.84,0.43
1732028314.942372,6.7,2.86,0.43
1732028314.9925036,6.77,2.88,0.44
1732028315.0423756,6.83,2.91,0.44
1732028315.0937505,6.9,2.93,0.44
1732028315.1422715,6.97,2.95,0.44
1732028315.1945508,7.03,2.98,0.45
1732028315.242139,7.1,3.0,0.45
1732028315.2935567,7.17,3.02,0.45
1732028315.342069,7.23,3.05,0.45
1732028315.3938856,7.3,3.07,0.45
1732028315.4445589,7.36,3.1,0.46
1732028315.4941027,7.43,3.12,0.46
1732028315.5423393,7.5,3.15,0.46
1732028315.594415,7.56,3.17,0.46
1732028315.642516,7.63,3.19,0.47
1732028315.694141,7.69,3.22,0.47
1732028315.742634,7.76,3.25,0.47
1732028315.7929034,7.82,3.27,0.47
1732028315.8421612,7.89,3.3,0.48
1732028315.894451,7.95,3.32,0.48
1732028315.9419358,8.02,3.35,0.48
1732028315.9946287,8.08,3.37,0.48
1732028316.045776,8.15,3.4,0.49
1732028316.092267,8.21,3.43,0.49
1732028316.1424372,8.28,3.45,0.49
1732028316.1943707,8.34,3.48,0.5
1732028316.2445369,8.41,3.51,0.5
1732028316.292503,8.47,3.53,0.5
1732028316.3422663,8.54,3.56,0.5
1732028316.3944285,8.6,3.59,0.51
1732028316.4470177,8.67,3.61,0.51
1732028316.4918904,8.73,3.64,0.51
1732028316.5420277,8.79,3.67,0.51
1732028316.592087,8.86,3.7,0.52
1732028316.644062,8.92,3.72,0.52
1732028316.6921248,8.98,3.75,0.52
1732028316.744327,9.05,3.78,0.52
1732028316.7921016,9.11,3.81,0.53
1732028316.8460193,9.17,3.84,0.53
1732028316.8932924,9.24,3.86,0.53
1732028316.9422019,9.3,3.89,0.53
1732028316.9941206,9.36,3.92,0.53
1732028317.0425348,9.42,3.95,0.54
1732028317.0928411,9.49,3.98,0.54
1732028317.1421318,9.55,4.01,0.54
1732028317.1926558,9.61,4.04,0.54
1732028317.243197,9.67,4.07,0.55
1732028317.2951956,9.73,4.09,0.55
1732028317.342732,9.8,4.12,0.55
1732028317.3935606,9.86,4.15,0.55
1732028317.4423506,9.92,4.18,0.55
1732028317.4965005,9.98,4.21,0.56
1732028317.5456262,10.04,4.24,0.56
1732028317.5955436,10.1,4.27,0.56
1732028317.6430995,10.16,4.3,0.56
1732028317.6935475,10.22,4.33,0.56
1732028317.7419817,10.28,4.36,0.56
1732028317.793428,10.35,4.39,0.57
1732028317.8461177,10.41,4.42,0.57
1732028317.8947582,10.47,4.45,0.57
1732028317.9449031,10.53,4.48,0.57
1732028317.993408,10.59,4.51,0.57
1732028318.0426826,10.65,4.54,0.57
1732028318.0935278,10.71,4.57,0.58
1732028318.143406,10.76,4.6,0.58
1732028318.1950336,10.82,4.63,0.58
1732028318.2437088,10.88,4.66,0.58
1732028318.3008027,10.94,4.69,0.58
1732028318.3424163,11.0,4.72,0.58
1732028318.3929412,11.06,4.75,0.58
1732028318.442904,11.12,4.78,0.58
1732028318.4931679,11.18,4.81,0.58
1732028318.542295,11.24,4.84,0.59
1732028318.5937097,11.3,4.87,0.59
1732028318.6432297,11.35,4.9,0.59
1732028318.6947756,11.41,4.93,0.59
1732028318.7430935,11.47,4.96,0.59
1732028318.7935357,11.53,4.99,0.59
1732028318.8441582,11.59,5.02,0.59
1732028318.8943682,11.64,5.05,0.59
1732028318.9440188,11.7,5.08,0.59
1732028318.9923315,11.76,5.11,0.59
1732028319.0423214,11.82,5.14,0.59
1732028319.0919785,11.88,5.17,0.59
1732028319.142453,11.93,5.2,0.59
1732028319.2013202,11.99,5.23,0.59
1732028319.2454815,12.05,5.26,0.59
1732028319.2939692,12.11,5.29,0.59
1732028319.3424518,12.16,5.32,0.59
1732028319.3923042,12.22,5.35,0.59
1732028319.447823,12.28,5.38,0.59
1732028319.493611,12.33,5.4,0.59
1732028319.5432913,12.39,5.43,0.59
1732028319.5949767,12.45,5.46,0.59
1732028319.645498,12.51,5.49,0.59
1732028319.6922061,12.56,5.52,0.59
1732028319.7427788,12.62,5.55,0.59
1732028319.7942436,12.68,5.58,0.59
1732028319.841847,12.73,5.61,0.59
1732028319.8919175,12.79,5.64,0.59
1732028319.942433,12.85,5.67,0.59
1732028319.993727,12.91,5.7,0.59
1732028320.0445251,12.96,5.73,0.59
1732028320.092074,13.02,5.76,0.59
1732028320.1432297,13.08,5.79,0.59
1732028320.192282,13.13,5.82,0.59
1732028320.2438278,13.19,5.85,0.59
1732028320.2948358,13.25,5.88,0.59
1732028320.342119,13.3,5.91,0.59
1732028320.3932257,13.36,5.94,0.59
1732028320.4513903,13.42,5.97,0.59
1732028320.4922824,13.47,6.0,0.59
1732028320.5432513,13.53,6.03,0.59
1732028320.5921612,13.59,6.06,0.59
1732028320.644468,13.64,6.08,0.59
1732028320.7000167,13.7,6.11,0.59
1732028320.7445765,13.76,6.14,0.59
1732028320.7936044,13.82,6.17,0.59
1732028320.8428636,13.87,6.2,0.59
1732028320.8955038,13.93,6.23,0.59
1732028320.9435709,13.99,6.26,0.59
1732028320.9928427,14.04,6.29,0.59
1732028321.044356,14.1,6.32,0.59
1732028321.091853,14.16,6.35,0.58
1732028321.1434882,14.22,6.38,0.58
1732028321.1946821,14.27,6.4,0.58
1732028321.2437186,14.33,6.43,0.58
1732028321.294438,14.39,6.46,0.58
1732028321.3436327,14.44,6.49,0.58
1732028321.3941128,14.5,6.52,0.58
1732028321.444163,14.56,6.55,0.58
1732028321.493947,14.62,6.58,0.58
1732028321.5431123,14.67,6.61,0.58
1732028321.5943305,14.73,6.64,0.58
1732028321.6433096,14.79,6.67,0.58
1732028321.6934588,14.85,6.69,0.58
1732028321.7434845,14.9,6.72,0.58
1732028321.7927508,14.96,6.75,0.58
1732028321.8421881,15.02,6.78,0.58
1732028321.893963,15.08,6.81,0.57
1732028321.9435833,15.14,6.84,0.57
1732028321.993493,15.19,6.87,0.57
1732028322.0430696,15.25,6.89,0.57
1732028322.0954695,15.31,6.92,0.57
1732028322.1433058,15.37,6.95,0.57
1732028322.1920805,15.42,6.98,0.57
1732028322.2424824,15.48,7.01,0.57
1732028322.2933948,15.54,7.04,0.57
1732028322.3427646,15.6,7.07,0.57
1732028322.3929758,15.66,7.1,0.57
1732028322.4427793,15.72,7.12,0.57
1732028322.4941568,15.77,7.15,0.57
1732028322.545513,15.83,7.18,0.57
1732028322.596246,15.89,7.21,0.57
1732028322.6426651,15.95,7.24,0.57
1732028322.6923573,16.01,7.27,0.57
1732028322.7438445,16.07,7.29,0.56
1732028322.793719,16.12,7.32,0.56
1732028322.8429754,16.18,7.35,0.56
1732028322.8940892,16.24,7.38,0.56
1732028322.9433694,16.3,7.41,0.56
1732028322.9933326,16.36,7.44,0.56
1732028323.0427513,16.42,7.47,0.56
1732028323.0920134,16.48,7.49,0.56
1732028323.1433036,16.54,7.52,0.56
1732028323.1922212,16.59,7.55,0.56
1732028323.2422097,16.65,7.58,0.56
1732028323.291918,16.71,7.61,0.56
1732028323.3452659,16.77,7.64,0.56
1732028323.3961549,16.83,7.66,0.56
1732028323.4444041,16.89,7.69,0.56
1732028323.4948506,16.95,7.72,0.56
1732028323.542432,17.01,7.75,0.56
1732028323.594548,17.07,7.78,0.56
1732028323.641885,17.13,7.81,0.56
1732028323.6924434,17.19,7.83,0.56
1732028323.742761,17.24,7.86,0.56
1732028323.7957535,17.3,7.89,0.56
1732028323.8427508,17.36,7.92,0.56
1732028323.8929555,17.42,7.95,0.56
1732028323.9424415,17.48,7.98,0.56
1732028323.992574,17.54,8.0,0.56
1732028324.0421991,17.6,8.03,0.56
1732028324.0921073,17.66,8.06,0.56
1732028324.1420603,17.72,8.09,0.56
1732028324.1922119,17.78,8.12,0.55
1732028324.242694,17.84,8.15,0.55
1732028324.294867,17.9,8.17,0.55
1732028324.3436928,17.96,8.2,0.55
1732028324.392764,18.02,8.23,0.55
1732028324.4450681,18.08,8.26,0.55
1732028324.496585,18.14,8.29,0.55
1732028324.5455785,18.2,8.32,0.55
1732028324.5934327,18.26,8.34,0.55
1732028324.642522,18.32,8.37,0.55
1732028324.6926959,18.38,8.4,0.55
1732028324.7445292,18.44,8.43,0.55
1732028324.7950728,18.5,8.46,0.55
1732028324.8422844,18.56,8.49,0.55
1732028324.8946767,18.62,8.51,0.55
1732028324.9479606,18.68,8.54,0.55
1732028324.9936073,18.74,8.57,0.55
1732028325.0424483,18.79,8.6,0.55
1732028325.0921624,18.85,8.63,0.55
1732028325.142491,18.91,8.66,0.55
1732028325.1928372,18.97,8.68,0.55
1732028325.2427402,19.03,8.71,0.55
1732028325.2941415,19.09,8.74,0.55
1732028325.343208,19.15,8.77,0.55
1732028325.3931248,19.21,8.8,0.55
1732028325.446402,19.27,8.83,0.55
1732028325.4942963,19.33,8.86,0.55
1732028325.5451963,19.39,8.88,0.55
1732028325.5925598,19.45,8.91,0.55
1732028325.6424136,19.51,8.94,0.55
1732028325.6919048,19.57,8.97,0.55
1732028325.744303,19.63,9.0,0.55
1732028325.793329,19.69,9.03,0.55
1732028325.8458478,19.75,9.05,0.56
1732028325.8936174,19.81,9.08,0.56
1732028325.945107,19.87,9.11,0.56
1732028325.997024,19.93,9.14,0.56
1732028326.0445497,19.99,9.17,0.56
1732028326.0959227,20.05,9.2,0.56
1732028326.1422205,20.11,9.23,0.56
1732028326.1958776,20.17,9.25,0.56
1732028326.2424352,20.23,9.28,0.56
1732028326.2946358,20.29,9.31,0.56
1732028326.3441627,20.35,9.34,0.56
1732028326.3940752,20.41,9.37,0.56
1732028326.4420097,20.47,9.4,0.56
1732028326.4927824,20.53,9.43,0.56
1732028326.5431626,20.59,9.45,0.56
1732028326.5923896,20.65,9.48,0.56
1732028326.6426418,20.71,9.51,0.56
1732028326.6951845,20.77,9.54,0.56
1732028326.7466545,20.83,9.57,0.56
1732028326.792605,20.89,9.6,0.56
1732028326.8433793,20.95,9.63,0.56
1732028326.8928375,21.01,9.66,0.56
1732028326.9431472,21.07,9.68,0.56
1732028326.9933276,21.13,9.71,0.56
1732028327.0431497,21.19,9.74,0.56
1732028327.0930986,21.25,9.77,0.56
1732028327.1439223,21.31,9.8,0.56
1732028327.1948743,21.37,9.83,0.56
1732028327.2435036,21.43,9.86,0.56
1732028327.292695,21.49,9.89,0.56
1732028327.3420413,21.55,9.91,0.56
1732028327.3924782,21.61,9.94,0.56
1732028327.4455047,21.66,9.97,0.56
1732028327.496569,21.72,10.0,0.56
1732028327.5432162,21.78,10.03,0.56
1732028327.593381,21.84,10.06,0.56
1732028327.642123,21.9,10.09,0.56
1732028327.6936655,21.96,10.12,0.56
1732028327.744525,22.02,10.14,0.56
1732028327.794232,22.08,10.17,0.56
1732028327.843129,22.14,10.2,0.56
1732028327.8941941,22.2,10.23,0.56
1732028327.9428678,22.26,10.26,0.56
1732028327.9927874,22.32,10.29,0.56
1732028328.0433393,22.38,10.32,0.56
1732028328.0948813,22.44,10.35,0.56
1732028328.1417935,22.5,10.38,0.56
1732028328.1967485,22.56,10.4,0.56
1732028328.2437673,22.62,10.43,0.56
1732028328.2927692,22.68,10.46,0.56
1732028328.3420715,22.73,10.49,0.56
1732028328.3925295,22.79,10.52,0.56
1732028328.44285,22.85,10.55,0.56
1732028328.4936829,22.91,10.58,0.56
1732028328.5446453,22.97,10.61,0.56
1732028328.5949912,23.03,10.64,0.56
1732028328.6445932,23.09,10.66,0.56
1732028328.693602,23.15,10.69,0.57
1732028328.7445226,23.21,10.72,0.57
1732028328.7936327,23.27,10.75,0.57
1732028328.842284,23.33,10.78,0.57
1732028328.8944411,23.39,10.81,0.57
1732028328.9445148,23.45,10.84,0.57
1732028328.9943213,23.51,10.87,0.57
1732028329.0426915,23.56,10.9,0.57
1732028329.0927052,23.62,10.92,0.57
1732028329.1419723,23.68,10.95,0.57
1732028329.1935968,23.74,10.98,0.57
1732028329.2437816,23.8,11.01,0.57
1732028329.292651,23.86,11.04,0.57
1732028329.341853,23.92,11.07,0.57
1732028329.3921752,23.98,11.1,0.57
1732028329.443167,24.04,11.13,0.57
1732028329.4938219,24.1,11.16,0.57
1732028329.5428383,24.16,11.18,0.57
1732028329.5935667,24.22,11.21,0.57
1732028329.643504,24.27,11.24,0.57
1732028329.6928704,24.33,11.27,0.57
1732028329.7423832,24.39,11.3,0.57
1732028329.793043,24.45,11.33,0.57
1732028329.842308,24.51,11.36,0.57
1732028329.8936472,24.57,11.39,0.57
1732028329.944219,24.63,11.42,0.57
1732028329.9947228,24.69,11.45,0.57
1732028330.0487504,24.75,11.47,0.57
1732028330.0953,24.81,11.5,0.57
1732028330.144647,24.86,11.53,0.57
1732028330.1960719,24.92,11.56,0.57
1732028330.242139,24.98,11.59,0.57
1732028330.294129,25.04,11.62,0.57
1732028330.3430524,25.1,11.65,0.57
1732028330.3950646,25.16,11.68,0.57
1732028330.4420402,25.22,11.71,0.57
1732028330.494521,25.28,11.73,0.57
1732028330.5444415,25.34,11.76,0.57
1732028330.5944614,25.4,11.79,0.57
1732028330.6422086,25.46,11.82,0.57
1732028330.6925952,25.51,11.85,0.57
1732028330.7434998,25.57,11.88,0.57
1732028330.7926733,25.63,11.91,0.57
1732028330.843379,25.69,11.94,0.57
1732028330.8939688,25.75,11.97,0.57
1732028330.9433322,25.81,11.99,0.57
1732028330.994223,25.87,12.02,0.57
1732028331.042419,25.93,12.05,0.57
1732028331.0934234,25.99,12.08,0.57
1732028331.1419291,26.05,12.11,0.57
1732028331.1922889,26.1,12.14,0.57
1732028331.2436,26.16,12.17,0.57
1732028331.2919388,26.22,12.2,0.57
1732028331.3426013,26.28,12.23,0.57
1732028331.3919795,26.34,12.25,0.57
1732028331.4418802,26.4,12.28,0.57
1732028331.4925928,26.46,12.31,0.57
1732028331.5423265,26.52,12.34,0.57
1732028331.5926075,26.58,12.37,0.57
1732028331.6437602,26.63,12.4,0.57
1732028331.6921313,26.69,12.43,0.57
1732028331.7421079,26.75,12.46,0.57
1732028331.7924387,26.81,12.49,0.57
1732028331.8420177,26.87,12.51,0.57
1732028331.895996,26.93,12.54,0.57
1732028331.9424636,26.99,12.57,0.57
1732028331.9923425,27.05,12.6,0.57
1732028332.0424776,27.11,12.63,0.57
1732028332.0938041,27.17,12.66,0.57
1732028332.142175,27.23,12.69,0.57
1732028332.1939697,27.28,12.72,0.57
1732028332.2434237,27.34,12.74,0.57
1732028332.2930071,27.4,12.77,0.57
1732028332.3420773,27.46,12.8,0.57
1732028332.3940105,27.52,12.83,0.57
1732028332.446562,27.58,12.86,0.57
1732028332.4935615,27.64,12.89,0.57
1732028332.5421329,27.7,12.92,0.57
1732028332.5930574,27.76,12.95,0.57
1732028332.6437216,27.82,12.98,0.57
1732028332.6948724,27.87,13.0,0.57
1732028332.7440479,27.93,13.03,0.57
1732028332.7954156,27.99,13.06,0.57
1732028332.8422406,28.05,13.09,0.57
1732028332.8937948,28.11,13.12,0.57
1732028332.941981,28.17,13.15,0.57
1732028332.9939678,28.23,13.18,0.56
1732028333.0418787,28.29,13.21,0.56
1732028333.092532,28.35,13.23,0.56
1732028333.1420872,28.41,13.26,0.56
1732028333.1937156,28.47,13.29,0.56
1732028333.2435963,28.52,13.32,0.56
1732028333.2933898,28.58,13.35,0.56
1732028333.3460364,28.64,13.38,0.56
1732028333.4060702,28.7,13.41,0.56
1732028333.44446,28.76,13.44,0.56
1732028333.4922974,28.82,13.46,0.56
1732028333.5448885,28.88,13.49,0.56
1732028333.5919409,28.94,13.52,0.56
1732028333.6426618,29.0,13.55,0.56
1732028333.6952894,29.06,13.58,0.56
1732028333.7437816,29.12,13.61,0.56
1732028333.7930133,29.18,13.64,0.56
1732028333.8450055,29.23,13.67,0.56
1732028333.895745,29.29,13.69,0.56
1732028333.94817,29.35,13.72,0.56
1732028333.9921534,29.41,13.75,0.56
1732028334.043272,29.47,13.78,0.56
1732028334.0944471,29.53,13.81,0.56
1732028334.1436112,29.59,13.84,0.56
1732028334.1928318,29.65,13.87,0.56
1732028334.2424657,29.71,13.9,0.56
1732028334.2920055,29.77,13.92,0.56
1732028334.342717,29.83,13.95,0.56
1732028334.3942392,29.89,13.98,0.56
1732028334.4424043,29.94,14.01,0.56
1732028334.495185,30.0,14.04,0.56
1732028334.5429435,30.06,14.07,0.56
1732028334.593652,30.12,14.1,0.56
1732028334.6461685,30.18,14.13,0.56
1732028334.6924047,30.24,14.15,0.56
1732028334.7430456,30.3,14.18,0.56
1732028334.7920456,30.36,14.21,0.56
1732028334.8438792,30.42,14.24,0.56
1732028334.8928137,30.48,14.27,0.56
1732028334.9570374,30.54,14.3,0.56
1732028334.996809,30.6,14.33,0.56
1732028335.0458312,30.65,14.36,0.56
1732028335.0950065,30.71,14.39,0.56
1732028335.1434963,30.77,14.41,0.56
1732028335.1921697,30.83,14.44,0.56
1732028335.242619,30.89,14.47,0.56
1732028335.2938266,30.95,14.5,0.56
1732028335.3455164,31.01,14.53,0.56
1732028335.394351,31.07,14.56,0.56
1732028335.4434,31.13,14.59,0.56
1732028335.4919655,31.19,14.62,0.56
1732028335.5456238,31.25,14.64,0.56
1732028335.5948634,31.31,14.67,0.56
1732028335.6421893,31.37,14.7,0.56
1732028335.693717,31.42,14.73,0.56
1732028335.7421412,31.48,14.76,0.56
1732028335.79295,31.54,14.79,0.56
1732028335.8430355,31.6,14.82,0.56
1732028335.8928454,31.66,14.85,0.56
1732028335.9427228,31.72,14.87,0.56
1732028335.993088,31.78,14.9,0.56
1732028336.0419214,31.84,14.93,0.56
1732028336.0937872,31.9,14.96,0.56
1732028336.142313,31.96,14.99,0.56
1732028336.194933,32.02,15.02,0.56
1732028336.245316,32.08,15.05,0.56
1732028336.2944193,32.14,15.08,0.56
1732028336.3421612,32.19,15.1,0.56
1732028336.3947234,32.25,15.13,0.56
1732028336.4425328,32.31,15.16,0.56
1732028336.4946032,32.37,15.19,0.56
1732028336.5418832,32.43,15.22,0.56
1732028336.5929234,32.49,15.25,0.56
1732028336.6433444,32.55,15.28,0.56
1732028336.693149,32.61,15.31,0.56
1732028336.7438793,32.67,15.33,0.56
1732028336.7941139,32.73,15.36,0.56
1732028336.8430688,32.79,15.39,0.56
1732028336.8937747,32.85,15.42,0.56
1732028336.944079,32.91,15.45,0.56
1732028336.9968424,32.97,15.48,0.56
1732028337.04274,33.02,15.51,0.56
1732028337.0921912,33.08,15.54,0.56
1732028337.1428645,33.14,15.56,0.56
1732028337.1943212,33.2,15.59,0.56
1732028337.24315,33.26,15.62,0.56
1732028337.293315,33.32,15.65,0.56
1732028337.342688,33.38,15.68,0.56
1732028337.3937504,33.44,15.71,0.56
1732028337.4430513,33.5,15.74,0.56
1732028337.4922147,33.56,15.77,0.56
1732028337.542537,33.62,15.8,0.56
1732028337.5943696,33.68,15.82,0.56
1732028337.6421962,33.74,15.85,0.56
1732028337.6952002,33.79,15.88,0.56
1732028337.7425342,33.85,15.91,0.56
1732028337.7923017,33.91,15.94,0.56
1732028337.842364,33.97,15.97,0.56
1732028337.8920443,34.03,16.0,0.56
1732028337.943525,34.09,16.03,0.56
1732028337.9944468,34.15,16.05,0.56
1732028338.0434012,34.21,16.08,0.56
1732028338.0982976,34.27,16.11,0.56
1732028338.1433418,34.33,16.14,0.56
1732028338.193367,34.39,16.17,0.56
1732028338.2433565,34.45,16.2,0.56
1732028338.2934275,34.51,16.23,0.56
1732028338.3483956,34.56,16.26,0.56
1732028338.394974,34.62,16.28,0.56
1732028338.4426322,34.68,16.31,0.56
1732028338.4938421,34.74,16.34,0.56
1732028338.5425036,34.8,16.37,0.56
1732028338.5979657,34.86,16.4,0.56
1732028338.6424372,34.92,16.43,0.56
1732028338.6965494,34.98,16.46,0.56
1732028338.742739,35.04,16.49,0.56
1732028338.7929356,35.1,16.52,0.56
1732028338.841972,35.16,16.54,0.56
1732028338.8933241,35.22,16.57,0.56
1732028338.942383,35.28,16.6,0.56
1732028338.9928982,35.33,16.63,0.56
1732028339.0426483,35.39,16.66,0.56
1732028339.0941637,35.45,16.69,0.56
1732028339.1440437,35.51,16.72,0.56
1732028339.195058,35.57,16.75,0.56
1732028339.2420774,35.63,16.77,0.56
1732028339.2920597,35.69,16.8,0.56
1732028339.344259,35.75,16.83,0.56
1732028339.3933074,35.81,16.86,0.56
1732028339.442609,35.87,16.89,0.56
1732028339.4931061,35.93,16.92,0.56
1732028339.5428898,35.99,16.95,0.56
1732028339.5921965,36.04,16.98,0.56
1732028339.642646,36.1,17.0,0.56
1732028339.692281,36.16,17.03,0.56
1732028339.741889,36.22,17.06,0.56
1732028339.7944613,36.28,17.09,0.56
1732028339.8423772,36.34,17.12,0.56
1732028339.8933687,36.4,17.15,0.56
1732028339.9425704,36.46,17.18,0.56
1732028339.9917662,36.52,17.21,0.56
1732028340.0419803,36.58,17.24,0.56
1732028340.0931783,36.64,17.26,0.56
1732028340.1430788,36.7,17.29,0.56
1732028340.1923952,36.75,17.32,0.56
1732028340.2421918,36.81,17.35,0.56
1732028340.292924,36.87,17.38,0.56
1732028340.3421655,36.93,17.41,0.56
1732028340.3935583,36.99,17.44,0.56
1732028340.443747,37.05,17.47,0.56
1732028340.4940362,37.11,17.49,0.56
1732028340.5422535,37.17,17.52,0.56
1732028340.5930314,37.23,17.55,0.56
1732028340.642865,37.29,17.58,0.56
1732028340.6921258,37.35,17.61,0.56
1732028340.744454,37.41,17.64,0.56
1732028340.793308,37.47,17.67,0.56
1732028340.8422458,37.52,17.7,0.56
1732028340.8927796,37.58,17.73,0.56
1732028340.9427643,37.64,17.75,0.56
1732028340.9924552,37.7,17.78,0.56
1732028341.04239,37.76,17.81,0.56
1732028341.092647,37.82,17.84,0.56
1732028341.1421506,37.88,17.87,0.56
1732028341.1925008,37.94,17.9,0.56
1732028341.2422118,38.0,17.93,0.56
1732028341.293106,38.06,17.96,0.56
1732028341.3434162,38.12,17.98,0.56
1732028341.3924346,38.18,18.01,0.56
1732028341.4421706,38.23,18.04,0.56
1732028341.4949825,38.29,18.07,0.56
1732028341.543114,38.35,18.1,0.56
1732028341.5924551,38.41,18.13,0.56
1732028341.642324,38.47,18.16,0.56
1732028341.6927147,38.53,18.19,0.56
1732028341.7421582,38.59,18.21,0.56
1732028341.792663,38.65,18.24,0.56
1732028341.841972,38.71,18.27,0.56
1732028341.892614,38.77,18.3,0.56
1732028341.942407,38.83,18.33,0.56
1732028341.9925017,38.89,18.36,0.56
1732028342.0424156,38.94,18.39,0.56
1732028342.0939794,39.0,18.42,0.56
1732028342.1440582,39.06,18.45,0.56
1732028342.1935048,39.12,18.47,0.56
1732028342.2423148,39.18,18.5,0.56
1732028342.2936475,39.24,18.53,0.56
1732028342.3427186,39.3,18.56,0.56
1732028342.3937447,39.36,18.59,0.56
1732028342.4428232,39.42,18.62,0.56
1732028342.4932144,39.48,18.65,0.56
1732028342.5426815,39.54,18.68,0.56
1732028342.5932257,39.6,18.7,0.56
1732028342.6445377,39.65,18.73,0.56
1732028342.700105,39.71,18.76,0.56
1732028342.7428017,39.77,18.79,0.56
1732028342.7921152,39.83,18.82,0.56
1732028342.8421626,39.89,18.85,0.56
1732028342.8936992,39.95,18.88,0.56
1732028342.9432192,40.01,18.91,0.56
1732028342.9919946,40.07,18.93,0.56
1732028343.04224,40.13,18.96,0.56
1732028343.0925527,40.19,18.99,0.56
1732028343.1429381,40.25,19.02,0.56
1732028343.19599,40.31,19.05,0.56
1732028343.2432153,40.36,19.08,0.56
1732028343.2925987,40.42,19.11,0.56
1732028343.3428013,40.48,19.14,0.56
1732028343.392978,40.54,19.17,0.56
1732028343.4434936,40.6,19.19,0.56
1732028343.4920218,40.66,19.22,0.56
1732028343.5419886,40.72,19.25,0.56
1732028343.592588,40.78,19.28,0.56
1732028343.642314,40.84,19.31,0.56
1732028343.6925151,40.9,19.34,0.56
1732028343.7433636,40.96,19.37,0.56
1732028343.796253,41.02,19.4,0.56
1732028343.8421516,41.07,19.42,0.56
1732028343.8949184,41.13,19.45,0.56
1732028343.943051,41.19,19.48,0.56
1732028343.9935627,41.25,19.51,0.56
1732028344.045367,41.31,19.54,0.56
1732028344.0930922,41.37,19.57,0.56
1732028344.1422443,41.43,19.6,0.56
1732028344.1934385,41.49,19.63,0.56
1732028344.2432535,41.55,19.65,0.56
1732028344.2948098,41.61,19.68,0.56
1732028344.3418634,41.67,19.71,0.56
1732028344.3938599,41.73,19.74,0.56
1732028344.4426801,41.79,19.77,0.56
1732028344.495064,41.84,19.8,0.56
1732028344.561866,41.9,19.83,0.56
1732028344.5929968,41.96,19.86,0.56
1732028344.6419747,42.02,19.89,0.56
1732028344.6932943,42.08,19.91,0.56
1732028344.744542,42.14,19.94,0.56
1732028344.794883,42.2,19.97,0.56
1732028344.842173,42.26,20.0,0.56
1732028344.891867,42.32,20.03,0.56
1732028344.941932,42.38,20.06,0.56
1732028344.993111,42.44,20.09,0.56
1732028345.0422676,42.5,20.12,0.56
1732028345.093756,42.55,20.14,0.56
1732028345.142233,42.61,20.17,0.56
1732028345.1933627,42.67,20.2,0.56
1732028345.2422414,42.73,20.23,0.56
1732028345.2942474,42.79,20.26,0.56
1732028345.3422682,42.85,20.29,0.56
1732028345.3932185,42.91,20.32,0.56
1732028345.4419725,42.97,20.35,0.56
1732028345.4954603,43.03,20.37,0.56
1732028345.5428085,43.09,20.4,0.56
1732028345.593041,43.15,20.43,0.56
1732028345.641932,43.21,20.46,0.56
1732028345.692069,43.26,20.49,0.56
1732028345.7428126,43.32,20.52,0.56
1732028345.7927392,43.38,20.55,0.56
1732028345.843621,43.44,20.58,0.56
1732028345.895096,43.5,20.61,0.56
1732028345.9450395,43.56,20.63,0.56
1732028345.993743,43.62,20.66,0.56
1732028346.0429273,43.68,20.69,0.56
1732028346.0941496,43.74,20.72,0.56
1732028346.1464784,43.8,20.75,0.56
1732028346.1961615,43.86,20.78,0.56
1732028346.2441812,43.92,20.81,0.56
1732028346.294154,43.98,20.84,0.56
1732028346.343485,44.03,20.86,0.56
1732028346.393065,44.09,20.89,0.56
1732028346.4428113,44.15,20.92,0.56
1732028346.4929316,44.21,20.95,0.56
1732028346.5428176,44.27,20.98,0.56
1732028346.5986044,44.33,21.01,0.56
1732028346.6434584,44.39,21.04,0.56
1732028346.6955023,44.45,21.07,0.56
1732028346.7439382,44.51,21.09,0.56
1732028346.793695,44.57,21.12,0.56
1732028346.8457487,44.63,21.15,0.56
1732028346.8955376,44.69,21.18,0.56
1732028346.948104,44.74,21.21,0.56
1732028346.9953923,44.8,21.24,0.56
1732028347.043043,44.86,21.27,0.56
1732028347.0926778,44.92,21.3,0.56
1732028347.142145,44.98,21.33,0.56
1732028347.1960602,45.04,21.35,0.56
1732028347.2435045,45.1,21.38,0.56
1732028347.2919648,45.16,21.41,0.56
1732028347.343005,45.22,21.44,0.56
1732028347.3932178,45.28,21.47,0.56
1732028347.4437232,45.34,21.5,0.56
1732028347.4955802,45.4,21.53,0.56
1732028347.5439386,45.46,21.56,0.56
1732028347.5990133,45.51,21.58,0.56
1732028347.6428,45.57,21.61,0.56
1732028347.6928463,45.63,21.64,0.56
1732028347.7427351,45.69,21.67,0.56
1732028347.7921107,45.75,21.7,0.56
1732028347.8430321,45.81,21.73,0.56
1732028347.8921254,45.87,21.76,0.56
1732028347.945015,45.93,21.79,0.56
1732028347.992574,45.99,21.81,0.56
1732028348.0419745,46.05,21.84,0.56
1732028348.0970972,46.11,21.87,0.56
1732028348.1435475,46.17,21.9,0.56
1732028348.1935716,46.22,21.93,0.56
1732028348.242337,46.28,21.96,0.56
1732028348.2919867,46.34,21.99,0.56
1732028348.3492496,46.4,22.02,0.56
1732028348.3927855,46.46,22.05,0.56
1732028348.4417984,46.52,22.07,0.56
1732028348.4933026,46.58,22.1,0.56
1732028348.5423872,46.64,22.13,0.56
1732028348.5935738,46.7,22.16,0.56
1732028348.6431031,46.76,22.19,0.56
