Command H | epsx 1 | epsy 0 | wind speed 1.5 | wind angle -0.7853981633974483 -4.263536497950554
-10.889141340041533
-0.40075016766786575
-0.26058189923060127
45.736463502049446
-8.927372190344613
-4.263536497950554
-10.889141340041533
45.736463502049446
41.07218943856424
45.736463502049446
-8.927372190344613
45.736463502049446
41.07218943856424
-4.263536497950554
39.11085865981295
-4.263536497950554
39.11085865981295
-4.263536497950554
-10.88914134024526
0.0
0.0
-4.263536497950554
-10.88914134024526
