1732028661.97588,-0.23,0.0
1732028661.9761674,-0.23,0.0
1732028661.9960384,-0.23,0.0
1732028662.0179791,-0.23,0.0
1732028662.0357423,-0.23,0.0
1732028662.0552647,-0.23,0.0
1732028662.0764687,-0.23,0.0
1732028662.0955772,-0.23,0.0
1732028662.1172345,-0.23,0.0
1732028662.135313,-0.23,0.0
1732028662.158015,-0.23,0.0
1732028662.1758173,-0.23,0.0
1732028662.1975248,-0.23,0.0
1732028662.2157066,-0.23,0.0
1732028662.2360494,-0.23,0.0
1732028662.256033,-0.23,0.0
1732028662.2757692,-0.23,0.0
1732028662.2959688,-0.23,0.0
1732028662.3156676,-0.23,0.0
1732028662.3356419,-0.23,0.0
1732028662.355663,-0.23,0.0
1732028662.3765407,-0.23,0.0
1732028662.3958423,-0.23,0.0
1732028662.41573,-0.23,0.0
1732028662.4358342,-0.23,0.0
1732028662.4572692,-0.23,0.0
1732028662.4757917,-0.23,0.0
1732028662.4956226,-0.23,0.0
1732028662.516154,-0.23,0.0
1732028662.5358272,-0.23,0.0
1732028662.5555353,-0.23,0.0
1732028662.5754623,-0.23,0.0
1732028662.5971823,-0.23,0.0
1732028662.617313,-0.23,0.0
1732028662.6358492,-0.23,0.0
1732028662.6565704,-0.23,0.0
1732028662.6756718,-0.23,0.0
1732028662.6975956,-0.23,0.0
1732028662.7162266,-0.23,0.0
1732028662.7352211,-0.23,0.0
1732028662.7553198,-0.23,0.0
1732028662.7753227,-0.23,0.0
1732028662.7969778,-0.23,0.0
1732028662.8170438,-0.23,0.0
1732028662.8361177,-0.23,0.0
1732028662.8563538,-0.23,0.0
1732028662.8764687,-0.23,0.0
1732028662.8966744,-0.23,0.0
1732028662.915954,-0.23,0.0
1732028662.9353623,-0.23,0.0
1732028662.9569087,-0.23,0.0
1732028662.975499,-0.23,0.0
1732028662.995636,-0.23,0.0
1732028663.0160654,-0.23,0.0
1732028663.0356238,-0.23,0.0
1732028663.057128,-0.23,0.0
1732028663.077261,-0.23,0.0
1732028663.0956838,-0.23,0.0
1732028663.1157975,-0.23,0.0
1732028663.135627,-0.23,0.0
1732028663.155609,-0.23,0.0
1732028663.1760757,-0.23,0.0
1732028663.1959393,-0.23,0.0
1732028663.2154305,-0.23,0.0
1732028663.2364385,-0.23,0.0
1732028663.255619,-0.23,0.0
1732028663.2759285,-0.23,0.0
1732028663.2955656,-0.23,0.0
1732028663.3171942,-0.23,0.0
1732028663.3353736,-0.23,0.0
1732028663.3553722,-0.23,0.0
1732028663.3766398,-0.23,0.0
1732028663.3956606,-0.23,0.0
1732028663.4158387,-0.23,0.0
1732028663.4354389,-0.23,0.0
1732028663.4560874,-0.23,0.0
1732028663.477431,-0.23,0.0
1732028663.4964898,-0.23,0.0
1732028663.5152848,-0.23,0.0
1732028663.5355313,-0.23,0.0
1732028663.5555794,-0.23,0.0
1732028663.5760067,-0.23,0.0
1732028663.59596,-0.23,0.0
1732028663.6209023,-0.23,0.0
1732028663.6381836,-0.23,0.0
1732028663.6564069,-0.23,0.0
1732028663.676086,-0.23,0.0
1732028663.6954818,-0.23,0.0
1732028663.7168608,-0.23,0.0
1732028663.7357655,-0.23,0.0
1732028663.7553947,-0.23,0.0
1732028663.775586,-0.23,0.0
1732028663.7958114,-0.23,0.0
1732028663.8153522,-0.23,0.0
1732028663.8357458,-0.23,0.0
1732028663.855853,-0.23,0.0
1732028663.8768501,-0.23,0.0
1732028663.8956823,-0.23,0.0
1732028663.9160988,-0.23,0.0
1732028663.9357955,-0.23,0.0
1732028663.956064,-0.23,0.0
1732028663.9758852,-0.23,0.0
1732028663.998027,-0.23,0.0
1732028664.0156145,-0.23,0.0
1732028664.036354,-0.23,0.0
1732028664.0552416,-0.23,0.0
1732028664.075399,-0.23,0.0
1732028664.0969462,-0.23,0.0
1732028664.1180315,-0.23,0.0
1732028664.135912,-0.23,0.0
1732028664.156471,-0.23,0.0
1732028664.1764343,-0.23,0.0
1732028664.196263,-0.23,0.0
1732028664.218122,-0.23,0.0
1732028664.2363317,-0.23,0.0
1732028664.2552705,-0.23,0.0
1732028664.2764544,-0.23,0.0
1732028664.2960913,-0.23,0.0
1732028664.3161528,-0.23,0.0
1732028664.3361309,-0.23,0.0
1732028664.3552513,-0.23,0.0
1732028664.376513,-0.23,0.0
1732028664.395565,-0.23,0.0
1732028664.415616,-0.23,0.0
1732028664.4358604,-0.23,0.0
1732028664.4555132,-0.23,0.0
1732028664.4772727,-0.23,0.0
1732028664.4963121,-0.23,0.0
1732028664.5157466,-0.23,0.0
1732028664.5353954,-0.23,0.0
1732028664.556052,-0.23,0.0
1732028664.5753987,-0.23,0.0
1732028664.595859,-0.23,0.0
1732028664.6157913,-0.23,0.0
1732028664.640286,-0.23,0.0
1732028664.6555123,-0.23,0.0
1732028664.6762245,-0.23,0.0
1732028664.695882,-0.23,0.0
1732028664.7154655,-0.23,0.0
1732028664.7362585,-0.23,0.0
1732028664.7553027,-0.23,0.0
1732028664.7790687,-0.23,0.0
1732028664.7967184,-0.23,0.0
1732028664.81696,-0.23,0.0
1732028664.8356094,-0.23,0.0
1732028664.8560839,-0.23,0.0
1732028664.8760614,-0.23,0.0
1732028664.8953938,-0.23,0.0
1732028664.9156456,-0.23,0.0
1732028664.9356337,-0.23,0.0
1732028664.955732,-0.23,0.0
1732028664.9755223,-0.23,0.0
1732028664.99595,-0.23,0.0
1732028665.016591,-0.23,0.0
1732028665.0355082,-0.23,0.0
1732028665.0584698,-0.23,0.0
1732028665.0765817,-0.23,0.0
1732028665.0961614,-0.23,0.0
1732028665.1179326,-0.23,0.0
1732028665.1353528,-0.23,0.0
1732028665.1554446,-0.23,0.0
1732028665.1757483,-0.23,0.0
1732028665.195638,-0.23,0.0
1732028665.215318,-0.23,0.0
1732028665.235628,-0.23,0.0
1732028665.2573795,-0.23,0.0
1732028665.2773669,-0.23,0.0
1732028665.2952685,-0.23,0.0
1732028665.3182662,-0.23,0.0
1732028665.335303,-0.23,0.0
1732028665.3558738,-0.23,0.0
1732028665.3754203,-0.23,0.0
1732028665.4031105,-0.23,0.0
1732028665.4185977,-0.23,0.0
1732028665.4357204,-0.23,0.0
1732028665.4564824,-0.23,0.0
1732028665.4762723,-0.23,0.0
1732028665.4959438,-0.23,0.0
1732028665.5162232,-0.23,0.0
1732028665.5369897,-0.23,0.0
1732028665.5552988,-0.23,0.0
1732028665.576144,-0.23,0.0
1732028665.5960615,-0.23,0.0
1732028665.6167479,-0.23,0.0
1732028665.6359737,-0.23,0.0
1732028665.6554704,-0.23,0.0
1732028665.6753561,-0.23,0.0
1732028665.6973486,-0.23,0.0
1732028665.7156332,-0.23,0.0
1732028665.7355573,-0.23,0.0
1732028665.7557535,-0.23,0.0
1732028665.7758534,-0.23,0.0
1732028665.7951884,-0.23,0.0
1732028665.815889,-0.23,0.0
1732028665.8354497,-0.23,0.0
1732028665.857843,-0.23,0.0
1732028665.8759103,-0.23,0.0
1732028665.8965056,-0.23,0.0
1732028665.9152994,-0.23,0.0
1732028665.9352005,-0.23,0.0
1732028665.955976,-0.23,0.0
1732028665.9760358,-0.23,0.0
1732028665.9977887,-0.23,0.0
1732028666.0164816,-0.23,0.0
1732028666.0354433,-0.23,0.0
1732028666.0585313,-0.23,0.0
1732028666.0755928,-0.23,0.0
1732028666.096269,-0.23,0.0
1732028666.1157985,-0.23,0.0
1732028666.1365755,-0.23,0.0
1732028666.1552637,-0.23,0.0
1732028666.1772697,-0.23,0.0
1732028666.1960812,-0.23,0.0
1732028666.215493,-0.23,0.0
1732028666.2354703,-0.23,0.0
1732028666.2553444,-0.23,0.0
1732028666.2758698,-0.23,0.0
1732028666.2956533,-0.23,0.0
1732028666.3154728,-0.23,0.0
1732028666.3362057,-0.23,0.0
1732028666.3564947,-0.23,0.0
1732028666.3754547,-0.23,0.0
1732028666.3953018,-0.23,0.0
1732028666.41576,-0.23,0.0
1732028666.4356313,-0.23,0.0
1732028666.4562857,-0.23,0.0
1732028666.4757538,-0.23,0.0
1732028666.496017,-0.23,0.0
1732028666.5153222,-0.23,0.0
1732028666.5373929,-0.23,0.0
1732028666.555853,-0.23,0.0
1732028666.5758743,-0.23,0.0
1732028666.596355,-0.23,0.0
1732028666.615826,-0.23,0.0
1732028666.6367743,-0.23,0.0
1732028666.656272,-0.23,0.0
1732028666.6756423,-0.23,0.0
1732028666.6958125,-0.23,0.0
1732028666.715959,-0.23,0.0
1732028666.736172,-0.23,0.0
1732028666.7553494,-0.23,0.0
1732028666.7759547,-0.23,0.0
1732028666.7955077,-0.23,0.0
1732028666.8156366,-0.23,0.0
1732028666.835869,-0.23,0.0
1732028666.8554232,-0.23,0.0
1732028666.8755066,-0.23,0.0
1732028666.8954413,-0.23,0.0
1732028666.9160979,-0.23,0.0
1732028666.935792,-0.23,0.0
1732028666.9558864,-0.23,0.0
1732028666.9753187,-0.23,0.0
1732028666.995891,-0.23,0.0
1732028667.0154927,-0.23,0.0
1732028667.0360441,-0.23,0.0
1732028667.0557115,-0.23,0.0
1732028667.0774674,-0.23,0.0
1732028667.095261,-0.23,0.0
1732028667.115283,-0.23,0.0
1732028667.1358185,-0.23,0.0
1732028667.1570945,-0.23,0.0
1732028667.1753964,-0.23,0.0
1732028667.195294,-0.23,0.0
1732028667.2170863,-0.23,0.0
1732028667.2368808,-0.23,0.0
1732028667.2564824,-0.23,0.0
1732028667.2754705,-0.23,0.0
1732028667.2967184,-0.23,0.0
1732028667.3168616,-0.23,0.0
1732028667.3356984,-0.23,0.0
1732028667.3555484,-0.23,0.0
1732028667.3756416,-0.23,0.0
1732028667.3955088,-0.23,0.0
1732028667.415979,-0.23,0.0
1732028667.4355264,-0.23,0.0
1732028667.4560661,-0.23,0.0
1732028667.475375,-0.23,0.0
1732028667.4954238,-0.23,0.0
1732028667.5160394,-0.23,0.0
1732028667.5364804,-0.23,0.0
1732028667.5584788,-0.23,0.0
1732028667.5761285,-0.23,0.0
1732028667.596368,-0.23,0.0
1732028667.6157143,-0.23,0.0
1732028667.6383657,-0.23,0.0
1732028667.6563764,-0.23,0.0
1732028667.6754415,-0.23,0.0
1732028667.696041,-0.23,0.0
1732028667.7163527,-0.23,0.0
1732028667.7363703,-0.23,0.0
1732028667.755933,-0.23,0.0
1732028667.7752912,-0.23,0.0
1732028667.7967646,-0.23,0.0
1732028667.8153248,-0.23,0.0
1732028667.8354254,-0.23,0.0
1732028667.8558192,-0.23,0.0
1732028667.8762271,-0.23,0.0
1732028667.8955853,-0.23,0.0
1732028667.9159591,-0.23,0.0
1732028667.9359438,-0.23,0.0
1732028667.9552784,-0.23,0.0
1732028667.9753935,-0.23,0.0
1732028667.9954724,-0.23,0.0
1732028668.0159035,-0.23,0.0
1732028668.0360618,-0.23,0.0
1732028668.0560915,-0.23,0.0
1732028668.0755246,-0.23,0.0
1732028668.0956533,-0.23,0.0
1732028668.1155918,-0.23,0.0
1732028668.1359494,-0.23,0.0
1732028668.1558952,-0.23,0.0
1732028668.1759114,-0.23,0.0
1732028668.1983085,-0.23,0.0
1732028668.2154984,-0.23,0.0
1732028668.2356744,-0.23,0.0
1732028668.2552752,-0.23,0.0
1732028668.2760289,-0.23,0.0
1732028668.2953594,-0.23,0.0
1732028668.3163898,-0.23,0.0
1732028668.335399,-0.23,0.0
1732028668.3553765,-0.23,0.0
1732028668.3756268,-0.23,0.0
1732028668.3955674,-0.23,0.0
1732028668.416098,-0.23,0.0
1732028668.4353232,-0.23,0.0
1732028668.455306,-0.23,0.0
1732028668.475588,-0.23,0.0
1732028668.4971333,-0.23,0.0
1732028668.51527,-0.23,0.0
1732028668.535376,-0.23,0.0
1732028668.5559032,-0.23,0.0
1732028668.5760112,-0.23,0.0
1732028668.598972,-0.23,0.0
1732028668.6174405,-0.23,0.0
1732028668.637993,-0.23,0.0
1732028668.6562538,-0.23,0.0
1732028668.67568,-0.23,0.0
1732028668.6955464,-0.23,0.0
1732028668.71628,-0.23,0.0
1732028668.735372,-0.23,0.0
1732028668.7559266,-0.23,0.0
1732028668.7767253,-0.23,0.0
1732028668.795232,-0.23,0.0
1732028668.815391,-0.23,0.0
1732028668.8359268,-0.23,0.0
1732028668.8553638,-0.23,0.0
1732028668.8760674,-0.23,0.0
1732028668.8957283,-0.23,0.0
1732028668.9172246,-0.23,0.0
1732028668.9387934,-0.23,0.0
1732028668.955974,-0.23,0.0
1732028668.9761899,-0.23,0.0
1732028668.9965239,-0.23,0.0
1732028669.015851,-0.23,0.0
1732028669.036256,-0.23,0.0
1732028669.0560796,-0.23,0.0
1732028669.0760117,-0.23,0.0
1732028669.0956478,-0.23,0.0
1732028669.1153035,-0.23,0.0
1732028669.135349,-0.23,0.0
1732028669.157127,-0.23,0.0
1732028669.1775174,-0.23,0.0
1732028669.1963353,-0.23,0.0
1732028669.2164915,-0.23,0.0
1732028669.235968,-0.23,0.0
1732028669.2559934,-0.23,0.0
1732028669.2752526,-0.23,0.0
1732028669.297083,-0.23,0.0
1732028669.3168063,-0.23,0.0
1732028669.3355658,-0.23,0.0
1732028669.3575993,-0.23,0.0
1732028669.3755653,-0.23,0.0
1732028669.3953717,-0.23,0.0
1732028669.4165154,-0.23,0.0
1732028669.4368877,-0.23,0.0
1732028669.456836,-0.23,0.0
1732028669.4761844,-0.23,0.0
1732028669.495308,-0.23,0.0
1732028669.5153856,-0.23,0.0
1732028669.5360842,-0.23,0.0
1732028669.5561895,-0.23,0.0
1732028669.5756068,-0.23,0.0
1732028669.5955756,-0.23,0.0
1732028669.6186917,-0.23,0.0
1732028669.6373773,-0.23,0.0
1732028669.6555583,-0.23,0.0
1732028669.675406,-0.23,0.0
1732028669.6968286,-0.23,0.0
1732028669.7160904,-0.23,0.0
1732028669.7354956,-0.23,0.0
1732028669.7560446,-0.23,0.0
1732028669.7755249,-0.23,0.0
1732028669.7966218,-0.23,0.0
1732028669.815429,-0.23,0.0
1732028669.836022,-0.23,0.0
1732028669.8555691,-0.23,0.0
1732028669.8760324,-0.23,0.0
1732028669.8952556,-0.23,0.0
1732028669.915268,-0.23,0.0
1732028669.9353807,-0.23,0.0
1732028669.955756,-0.23,0.0
1732028669.9756408,-0.23,0.0
1732028669.9959414,-0.23,0.0
1732028670.0158625,-0.23,0.0
1732028670.0362024,-0.23,0.0
1732028670.056082,-0.23,0.0
1732028670.0775898,-0.23,0.0
1732028670.0961907,-0.23,0.0
1732028670.116242,-0.23,0.0
1732028670.1352873,-0.23,0.0
1732028670.1553938,-0.23,0.0
1732028670.1752586,-0.23,0.0
1732028670.1955905,-0.23,0.0
1732028670.216229,-0.23,0.0
1732028670.2354052,-0.23,0.0
1732028670.2564487,-0.23,0.0
1732028670.2753634,-0.23,0.0
1732028670.2957258,-0.23,0.0
1732028670.3164904,-0.23,0.0
1732028670.3368742,-0.23,0.0
1732028670.357045,-0.23,0.0
1732028670.3756993,-0.23,0.0
1732028670.3955674,-0.23,0.0
1732028670.415652,-0.23,0.0
1732028670.435387,-0.23,0.0
1732028670.4563978,-0.23,0.0
1732028670.4757109,-0.23,0.0
1732028670.4960809,-0.23,0.0
1732028670.5158281,-0.23,0.0
1732028670.537983,-0.23,0.0
1732028670.5552769,-0.23,0.0
1732028670.5756884,-0.23,0.0
1732028670.5955446,-0.23,0.0
1732028670.617964,-0.23,0.0
1732028670.6352477,-0.23,0.0
1732028670.65527,-0.23,0.0
1732028670.6763952,-0.23,0.0
1732028670.69529,-0.23,0.0
1732028670.715829,-0.23,0.0
1732028670.7360787,-0.23,0.0
1732028670.7562983,-0.23,0.0
1732028670.776273,-0.23,0.0
1732028670.797278,-0.23,0.0
1732028670.8153954,-0.23,0.0
1732028670.8361087,-0.23,0.0
1732028670.8555732,-0.23,0.0
1732028670.8769336,-0.23,0.0
1732028670.8960047,-0.23,0.0
1732028670.9166775,-0.23,0.0
1732028670.9355576,-0.23,0.0
1732028670.9565532,-0.23,0.0
1732028670.9756844,-0.23,0.0
1732028670.9974835,-0.23,0.0
1732028671.0155642,-0.23,0.0
1732028671.0369735,-0.23,0.0
1732028671.0558703,-0.23,0.0
1732028671.0760806,-0.23,0.0
1732028671.0960972,-0.23,0.0
1732028671.1176643,-0.23,0.0
1732028671.1388721,-0.23,0.0
1732028671.1555052,-0.23,0.0
1732028671.1752684,-0.23,0.0
1732028671.1961904,-0.23,0.0
1732028671.2157028,-0.23,0.0
1732028671.235456,-0.23,0.0
1732028671.2551847,-0.23,0.0
1732028671.2760377,-0.23,0.0
1732028671.2955716,-0.23,0.0
1732028671.3156576,-0.23,0.0
1732028671.3359904,-0.23,0.0
1732028671.3555365,-0.23,0.0
1732028671.3768294,-0.23,0.0
1732028671.397269,-0.23,0.0
1732028671.4152534,-0.23,0.0
1732028671.4362895,-0.23,0.0
1732028671.456036,-0.23,0.0
1732028671.475279,-0.23,0.0
1732028671.495617,-0.23,0.0
1732028671.5155632,-0.23,0.0
1732028671.536361,-0.23,0.0
1732028671.556007,-0.23,0.0
1732028671.575523,-0.23,0.0
1732028671.5957482,-0.23,0.0
1732028671.616581,-0.23,0.0
1732028671.6363177,-0.23,0.0
1732028671.656897,-0.23,0.0
1732028671.6766064,-0.23,0.0
1732028671.6958363,-0.23,0.0
1732028671.7166374,-0.23,0.0
1732028671.7382817,-0.23,0.0
1732028671.7571108,-0.23,0.0
1732028671.7776015,-0.23,0.0
1732028671.7959268,-0.23,0.0
1732028671.8167675,-0.23,0.0
1732028671.8354144,-0.23,0.0
1732028671.8558254,-0.23,0.0
1732028671.877893,-0.23,0.0
1732028671.8955238,-0.23,0.0
1732028671.9171188,-0.23,0.0
1732028671.9355829,-0.23,0.0
1732028671.956662,-0.23,0.0
1732028671.9764552,-0.23,0.0
1732028671.995768,-0.23,0.0
1732028672.0161521,-0.23,0.0
1732028672.0355096,-0.23,0.0
1732028672.055944,-0.23,0.0
1732028672.0760279,-0.23,0.0
1732028672.0960386,-0.23,0.0
1732028672.1154485,-0.23,0.0
1732028672.1356025,-0.23,0.0
1732028672.158622,-0.23,0.0
1732028672.1757753,-0.23,0.0
1732028672.1953,-0.23,0.0
1732028672.2154067,-0.23,0.0
1732028672.2361627,-0.23,0.0
1732028672.2567613,-0.23,0.0
1732028672.2754195,-0.23,0.0
1732028672.2956326,-0.23,0.0
1732028672.3188891,-0.23,0.0
1732028672.3362956,-0.23,0.0
1732028672.356047,-0.23,0.0
1732028672.3801398,-0.23,0.0
1732028672.3959527,-0.23,0.0
1732028672.415321,-0.23,0.0
1732028672.4358146,-0.23,0.0
1732028672.455334,-0.23,0.0
1732028672.4755213,-0.23,0.0
1732028672.496098,-0.23,0.0
1732028672.5168622,-0.23,0.0
1732028672.5355358,-0.23,0.0
1732028672.5554214,-0.23,0.0
1732028672.575732,-0.23,0.0
1732028672.5978708,-0.23,0.0
1732028672.61606,-0.23,0.0
1732028672.6354954,-0.23,0.0
1732028672.655555,-0.23,0.0
1732028672.6765113,-0.23,0.0
1732028672.697567,-0.23,0.0
1732028672.7157948,-0.23,0.0
1732028672.7353475,-0.23,0.0
1732028672.7559326,-0.23,0.0
1732028672.7753263,-0.23,0.0
1732028672.7952635,-0.23,0.0
1732028672.815204,-0.23,0.0
1732028672.8354058,-0.23,0.0
1732028672.8553019,-0.23,0.0
1732028672.8781204,-0.23,0.0
1732028672.8958876,-0.23,0.0
1732028672.916897,-0.23,0.0
1732028672.9359202,-0.23,0.0
1732028672.9573607,-0.23,0.0
1732028672.976128,-0.23,0.0
1732028672.9956474,-0.23,0.0
1732028673.017994,-0.23,0.0
1732028673.0367055,-0.23,0.0
1732028673.056509,-0.23,0.0
1732028673.0759187,-0.23,0.0
1732028673.0961273,-0.23,0.0
1732028673.1153772,-0.23,0.0
1732028673.1362674,-0.23,0.0
1732028673.1561146,-0.23,0.0
1732028673.1771002,-0.23,0.0
1732028673.19552,-0.23,0.0
1732028673.2154105,-0.23,0.0
1732028673.2373955,-0.23,0.0
1732028673.256508,-0.23,0.0
1732028673.275821,-0.23,0.0
1732028673.2959151,-0.23,0.0
1732028673.3156285,-0.23,0.0
1732028673.335765,-0.23,0.0
1732028673.3557065,-0.23,0.0
1732028673.3757493,-0.23,0.0
1732028673.3962097,-0.23,0.0
1732028673.415488,-0.23,0.0
1732028673.438553,-0.23,0.0
1732028673.4570076,-0.23,0.0
1732028673.4763258,-0.23,0.0
1732028673.4962873,-0.23,0.0
1732028673.5159876,-0.23,0.0
1732028673.5378482,-0.23,0.0
1732028673.5561166,-0.23,0.0
1732028673.576644,-0.23,0.0
1732028673.5958445,-0.23,0.0
1732028673.6159525,-0.23,0.0
1732028673.6354775,-0.23,0.0
1732028673.655424,-0.23,0.0
1732028673.6753235,-0.23,0.0
1732028673.695912,-0.23,0.0
1732028673.7152069,-0.23,0.0
1732028673.7354789,-0.23,0.0
1732028673.7553515,-0.23,0.0
1732028673.776136,-0.23,0.0
1732028673.7962677,-0.23,0.0
1732028673.8172185,-0.23,0.0
1732028673.8364623,-0.23,0.0
1732028673.8564563,-0.23,0.0
1732028673.8753057,-0.23,0.0
1732028673.8976538,-0.23,0.0
1732028673.9156241,-0.23,0.0
1732028673.9360785,-0.23,0.0
1732028673.9561577,-0.23,0.0
1732028673.975505,-0.23,0.0
1732028673.9960465,-0.23,0.0
1732028674.0166934,-0.23,0.0
1732028674.0367827,-0.23,0.0
1732028674.0569484,-0.23,0.0
1732028674.0767357,-0.23,0.0
1732028674.0969126,-0.23,0.0
1732028674.1155448,-0.23,0.0
1732028674.1358147,-0.23,0.0
1732028674.1555557,-0.23,0.0
1732028674.1759956,-0.23,0.0
1732028674.1976082,-0.23,0.0
1732028674.2159932,-0.23,0.0
1732028674.236318,-0.23,0.0
1732028674.256134,-0.23,0.0
1732028674.2756462,-0.23,0.0
1732028674.2967603,-0.23,0.0
1732028674.3156033,-0.23,0.0
1732028674.3361337,-0.23,0.0
1732028674.357266,-0.23,0.0
1732028674.3754022,-0.23,0.0
1732028674.3958502,-0.23,0.0
1732028674.4156961,-0.23,0.0
1732028674.4366322,-0.23,0.0
1732028674.455547,-0.23,0.0
1732028674.476918,-0.23,0.0
1732028674.4958944,-0.23,0.0
1732028674.5179272,-0.23,0.0
1732028674.5353081,-0.23,0.0
1732028674.5553117,-0.23,0.0
1732028674.5754473,-0.23,0.0
1732028674.5956619,-0.23,0.0
1732028674.616463,-0.23,0.0
1732028674.6357093,-0.23,0.0
1732028674.6560023,-0.23,0.0
1732028674.6761618,-0.23,0.0
1732028674.69528,-0.23,0.0
1732028674.7175207,-0.23,0.0
1732028674.7353575,-0.23,0.0
1732028674.755362,-0.23,0.0
1732028674.7764435,-0.23,0.0
1732028674.7962263,-0.23,0.0
1732028674.8157077,-0.18,0.16
1732028674.835285,-0.18,0.16
1732028674.8552969,0.09,0.29
1732028674.8753142,0.09,0.29
1732028674.8957758,0.09,0.29
1732028674.915763,0.2,0.4
1732028674.9378037,0.2,0.4
1732028674.9557202,0.26,0.48
1732028674.9753113,0.26,0.48
1732028674.9963682,0.26,0.48
1732028675.0158532,0.29,0.54
1732028675.0361745,0.29,0.54
1732028675.0558743,0.31,0.59
1732028675.0752459,0.31,0.59
1732028675.0974033,0.31,0.59
1732028675.1166654,0.32,0.62
1732028675.1359036,0.32,0.62
1732028675.1570227,0.33,0.65
1732028675.175334,0.33,0.65
1732028675.195402,0.33,0.65
1732028675.2193344,0.33,0.67
1732028675.2353978,0.33,0.67
1732028675.2569287,0.33,0.69
1732028675.2783542,0.33,0.69
1732028675.2955325,0.33,0.69
1732028675.317044,0.33,0.7
1732028675.3353882,0.33,0.7
1732028675.3563232,0.33,0.7
1732028675.3752666,0.33,0.7
1732028675.3962975,0.33,0.7
1732028675.415229,0.33,0.7
1732028675.4355097,0.33,0.7
1732028675.4555783,0.33,0.7
1732028675.475655,0.33,0.7
1732028675.4964075,0.33,0.7
1732028675.51864,0.32,0.7
1732028675.535246,0.32,0.7
1732028675.5561075,0.32,0.7
1732028675.5758483,0.32,0.7
1732028675.59582,0.32,0.7
1732028675.6154842,0.32,0.7
1732028675.6357775,0.32,0.7
1732028675.658002,0.31,0.7
1732028675.676147,0.31,0.7
1732028675.6959045,0.31,0.7
1732028675.7153773,0.31,0.7
1732028675.7362463,0.31,0.7
1732028675.7552905,0.3,0.7
1732028675.776895,0.3,0.7
1732028675.7962043,0.3,0.7
1732028675.8166184,0.3,0.7
1732028675.835237,0.3,0.7
1732028675.8553603,0.29,0.7
1732028675.8792233,0.29,0.7
1732028675.8971305,0.29,0.7
1732028675.9158978,0.29,0.7
1732028675.935622,0.29,0.7
1732028675.9577498,0.29,0.7
1732028675.9761527,0.29,0.7
1732028675.996339,0.29,0.7
1732028676.0154293,0.28,0.7
1732028676.0352585,0.28,0.7
1732028676.0557327,0.28,0.7
1732028676.0761998,0.28,0.7
1732028676.0962296,0.28,0.7
1732028676.115419,0.27,0.7
1732028676.1353974,0.27,0.7
1732028676.1573184,0.27,0.7
1732028676.1758695,0.27,0.7
1732028676.1964624,0.27,0.7
1732028676.216511,0.26,0.7
1732028676.237329,0.26,0.7
1732028676.2591367,0.26,0.7
1732028676.2752814,0.26,0.7
1732028676.295948,0.26,0.7
1732028676.3164613,0.25,0.7
1732028676.3357677,0.25,0.7
1732028676.3560221,0.25,0.7
1732028676.3755512,0.25,0.7
1732028676.3951557,0.25,0.7
1732028676.4152865,0.24,0.7
1732028676.4353633,0.24,0.7
1732028676.4579134,0.24,0.7
1732028676.4756124,0.24,0.7
1732028676.496402,0.24,0.7
1732028676.515429,0.23,0.7
1732028676.5368645,0.23,0.7
1732028676.556231,0.23,0.7
1732028676.5755656,0.23,0.7
1732028676.5956259,0.23,0.7
1732028676.615949,0.23,0.7
1732028676.6352813,0.23,0.7
1732028676.6559186,0.22,0.7
1732028676.6753645,0.22,0.7
1732028676.6960266,0.22,0.7
1732028676.7153318,0.22,0.7
1732028676.735825,0.22,0.7
1732028676.7563875,0.21,0.7
1732028676.7787979,0.21,0.7
1732028676.7962303,0.21,0.7
1732028676.8158538,0.21,0.7
1732028676.835713,0.21,0.7
1732028676.8569703,0.2,0.7
1732028676.876104,0.2,0.7
1732028676.8958213,0.2,0.7
1732028676.9171958,0.2,0.7
1732028676.9354854,0.2,0.7
1732028676.9564617,0.19,0.7
1732028676.9762087,0.19,0.7
1732028676.995792,0.19,0.7
1732028677.0154102,0.19,0.7
1732028677.0362802,0.19,0.7
1732028677.0557797,0.19,0.7
1732028677.075428,0.19,0.7
1732028677.1010163,0.19,0.7
1732028677.1157217,0.18,0.7
1732028677.135429,0.18,0.7
1732028677.1575813,0.18,0.7
1732028677.1760025,0.18,0.7
1732028677.1958086,0.18,0.7
1732028677.2156684,0.17,0.7
1732028677.2385976,0.17,0.7
1732028677.2579513,0.17,0.7
1732028677.2757335,0.17,0.7
1732028677.2954538,0.17,0.7
1732028677.3154716,0.16,0.7
1732028677.335402,0.16,0.7
1732028677.355398,0.16,0.7
1732028677.3779743,0.16,0.7
1732028677.3954139,0.16,0.7
1732028677.422239,0.16,0.7
1732028677.4358273,0.16,0.7
1732028677.4555354,0.15,0.7
1732028677.4755423,0.15,0.7
1732028677.4955325,0.15,0.7
1732028677.5175455,0.15,0.7
1732028677.5355108,0.15,0.7
1732028677.5554423,0.14,0.7
1732028677.576023,0.14,0.7
1732028677.5958412,0.14,0.7
1732028677.6160738,0.14,0.7
1732028677.6357255,0.14,0.7
1732028677.6553807,0.14,0.7
1732028677.675598,0.14,0.7
1732028677.6954465,0.14,0.7
1732028677.715418,0.13,0.7
1732028677.7355628,0.13,0.7
1732028677.7555494,0.13,0.7
1732028677.7756057,0.13,0.7
1732028677.795565,0.13,0.7
1732028677.8155735,0.13,0.7
1732028677.836893,0.13,0.7
1732028677.8573716,0.12,0.7
1732028677.8761907,0.12,0.7
1732028677.896309,0.12,0.7
1732028677.918371,0.12,0.7
1732028677.93682,0.12,0.7
1732028677.9566216,0.12,0.7
1732028677.9796817,0.12,0.7
1732028677.9959812,0.12,0.7
1732028678.0154724,0.11,0.7
1732028678.035745,0.11,0.7
1732028678.0554857,0.21,0.7
1732028678.0763927,0.21,0.7
1732028678.0959306,0.21,0.7
1732028678.1153502,0.21,0.7
1732028678.1355104,0.21,0.7
1732028678.1567385,0.2,0.7
1732028678.1761143,0.2,0.7
1732028678.1962855,0.2,0.7
1732028678.2153027,0.2,0.7
1732028678.2391427,0.2,0.7
1732028678.2558548,0.2,0.7
1732028678.2753491,0.2,0.7
1732028678.2960274,0.2,0.7
1732028678.3165345,0.2,0.7
1732028678.3357177,0.2,0.7
1732028678.3565896,0.2,0.7
1732028678.375809,0.2,0.7
1732028678.3961859,0.2,0.7
1732028678.416155,0.2,0.7
1732028678.4372454,0.2,0.7
1732028678.462836,0.2,0.7
1732028678.4771185,0.2,0.7
1732028678.4956293,0.2,0.7
1732028678.515389,0.19,0.7
1732028678.537136,0.19,0.7
1732028678.5558453,0.19,0.7
1732028678.5770466,0.19,0.7
1732028678.5975971,0.19,0.7
1732028678.6161394,0.19,0.7
1732028678.635723,0.19,0.7
1732028678.6573086,0.19,0.7
1732028678.677882,0.19,0.7
1732028678.6960323,0.19,0.7
1732028678.7153451,0.19,0.7
1732028678.7423542,0.19,0.7
1732028678.755984,0.19,0.7
1732028678.775785,0.19,0.7
1732028678.7961884,0.19,0.7
1732028678.8155847,0.19,0.7
1732028678.8358006,0.19,0.7
1732028678.8557918,0.19,0.7
1732028678.875577,0.19,0.7
1732028678.8959413,0.19,0.7
1732028678.915227,0.19,0.7
1732028678.939983,0.19,0.7
1732028678.9558723,0.19,0.7
1732028678.9754536,0.19,0.7
1732028678.9962301,0.19,0.7
1732028679.0156715,0.19,0.7
1732028679.035388,0.19,0.7
1732028679.0556922,0.19,0.7
1732028679.0762072,0.19,0.7
1732028679.0965853,0.19,0.7
1732028679.1176078,0.19,0.7
1732028679.1361926,0.19,0.7
1732028679.1559074,0.19,0.7
1732028679.1753907,0.19,0.7
1732028679.196094,0.19,0.7
1732028679.2155025,0.19,0.7
1732028679.2365978,0.19,0.7
1732028679.2578328,0.19,0.7
1732028679.2763329,0.19,0.7
1732028679.295774,0.19,0.7
1732028679.315278,0.19,0.7
1732028679.33528,0.19,0.7
1732028679.3562052,0.19,0.7
1732028679.3755908,0.19,0.7
1732028679.3957908,0.19,0.7
1732028679.4161196,0.19,0.7
1732028679.4353206,0.19,0.7
1732028679.4553702,0.19,0.7
1732028679.4757395,0.19,0.7
1732028679.4955065,0.19,0.7
1732028679.5188754,0.19,0.7
1732028679.5363507,0.19,0.7
1732028679.5553727,0.19,0.7
1732028679.5763414,0.19,0.7
1732028679.5962486,0.19,0.7
1732028679.618908,0.19,0.7
1732028679.6359296,0.19,0.7
1732028679.6559947,0.19,0.7
1732028679.6755018,0.19,0.7
1732028679.6956635,0.19,0.7
1732028679.7154725,0.2,0.7
1732028679.737284,0.2,0.7
1732028679.7581472,0.2,0.7
1732028679.7757967,0.2,0.7
1732028679.7958527,0.2,0.7
1732028679.816076,0.2,0.7
1732028679.8360279,0.2,0.7
1732028679.8565814,0.2,0.7
1732028679.8755763,0.2,0.7
1732028679.895264,0.2,0.7
1732028679.9165354,0.2,0.7
1732028679.936605,0.2,0.7
1732028679.9559436,0.2,0.7
1732028679.9753795,0.2,0.7
1732028679.9954371,0.2,0.7
1732028680.0169854,0.2,0.7
1732028680.0353165,0.2,0.7
1732028680.0553827,0.2,0.7
1732028680.075339,0.2,0.7
1732028680.0969543,0.2,0.7
1732028680.1155818,0.2,0.7
1732028680.137203,0.2,0.7
1732028680.157119,0.2,0.7
1732028680.1762369,0.2,0.7
1732028680.1956565,0.2,0.7
1732028680.2181425,0.2,0.7
1732028680.2354794,0.2,0.7
1732028680.2564452,0.2,0.7
1732028680.2754872,0.2,0.7
1732028680.296085,0.2,0.7
1732028680.3160613,0.21,0.7
1732028680.3353395,0.21,0.7
1732028680.3553946,0.21,0.7
1732028680.3766575,0.21,0.7
1732028680.3952758,0.21,0.7
1732028680.4163373,0.21,0.7
1732028680.4382923,0.21,0.7
1732028680.4563377,0.21,0.7
1732028680.4753094,0.21,0.7
1732028680.4974594,0.21,0.7
1732028680.5154026,0.21,0.7
1732028680.535692,0.21,0.7
1732028680.5562444,0.21,0.7
1732028680.579669,0.21,0.7
1732028680.5967548,0.21,0.7
1732028680.6175895,0.21,0.7
1732028680.6354601,0.21,0.7
1732028680.6583035,0.21,0.7
1732028680.6753514,0.21,0.7
1732028680.6960897,0.21,0.7
1732028680.716561,0.21,0.7
1732028680.7362502,0.21,0.7
1732028680.7587216,0.21,0.7
1732028680.775263,0.21,0.7
1732028680.7954092,0.21,0.7
1732028680.8159237,0.22,0.7
1732028680.8365583,0.22,0.7
1732028680.8563795,0.22,0.7
1732028680.8769712,0.22,0.7
1732028680.8957448,0.22,0.7
1732028680.9156868,0.22,0.7
1732028680.9359145,0.22,0.7
1732028680.9555368,0.22,0.7
1732028680.9756944,0.22,0.7
1732028680.9954102,0.22,0.7
1732028681.0162551,0.22,0.7
1732028681.0375834,0.22,0.7
1732028681.0584183,0.22,0.7
1732028681.0791578,0.22,0.7
1732028681.0972667,0.22,0.7
1732028681.1161263,0.22,0.7
1732028681.135998,0.22,0.7
1732028681.1586812,0.22,0.7
1732028681.1752956,0.22,0.7
1732028681.1964333,0.22,0.7
1732028681.218181,0.22,0.7
1732028681.2352726,0.22,0.7
1732028681.2561765,0.22,0.7
1732028681.2785974,0.22,0.7
1732028681.2957957,0.22,0.7
1732028681.3153272,0.22,0.7
1732028681.337917,0.22,0.7
1732028681.3564014,0.22,0.7
1732028681.3759863,0.22,0.7
1732028681.395922,0.22,0.7
1732028681.417022,0.23,0.7
1732028681.440135,0.23,0.7
1732028681.4558592,0.23,0.7
1732028681.4755177,0.23,0.7
1732028681.4954917,0.23,0.7
1732028681.5158107,0.23,0.7
1732028681.5354064,0.23,0.7
1732028681.5567396,0.23,0.7
1732028681.5759034,0.23,0.7
1732028681.5972667,0.23,0.7
1732028681.6162481,0.23,0.7
1732028681.6366298,0.23,0.7
1732028681.6555116,0.23,0.7
1732028681.6772692,0.23,0.7
1732028681.6959162,0.23,0.7
1732028681.7159295,0.23,0.7
1732028681.7361934,0.23,0.7
1732028681.7559114,0.23,0.7
1732028681.776663,0.23,0.7
1732028681.795836,0.23,0.7
1732028681.816858,0.23,0.7
1732028681.8365757,0.23,0.7
1732028681.855703,0.23,0.7
1732028681.87539,0.23,0.7
1732028681.8961828,0.23,0.7
1732028681.915252,0.23,0.7
1732028681.9352958,0.23,0.7
1732028681.956207,0.23,0.7
1732028681.977418,0.23,0.7
1732028681.9956636,0.23,0.7
1732028682.0155532,0.23,0.7
1732028682.0355809,0.23,0.7
1732028682.0554783,0.23,0.7
1732028682.0764015,0.23,0.7
1732028682.0973241,0.23,0.7
1732028682.1158562,0.23,0.7
1732028682.138047,0.23,0.7
1732028682.1569023,0.23,0.7
1732028682.1752493,0.23,0.7
1732028682.1957645,0.23,0.7
1732028682.2152414,0.23,0.7
1732028682.2359047,0.23,0.7
1732028682.2555819,0.23,0.7
1732028682.275515,0.23,0.7
1732028682.2956347,0.23,0.7
1732028682.318452,0.23,0.7
1732028682.3359401,0.23,0.7
1732028682.358822,0.23,0.7
1732028682.376247,0.23,0.7
1732028682.3981967,0.23,0.7
1732028682.4154267,0.23,0.7
1732028682.4374676,0.23,0.7
1732028682.457097,0.23,0.7
1732028682.475336,0.23,0.7
1732028682.4958656,0.23,0.7
1732028682.5178201,0.23,0.7
1732028682.5363858,0.23,0.7
1732028682.556122,0.23,0.7
1732028682.577447,0.23,0.7
1732028682.5962653,0.23,0.7
1732028682.6177382,0.23,0.7
1732028682.6358006,0.23,0.7
1732028682.6561038,0.23,0.7
1732028682.6768143,0.23,0.7
1732028682.6968582,0.23,0.7
1732028682.715459,0.23,0.7
1732028682.7354152,0.23,0.7
1732028682.7559764,0.23,0.7
1732028682.7763689,0.23,0.7
1732028682.796495,0.23,0.7
1732028682.815657,0.23,0.7
1732028682.835646,0.23,0.7
1732028682.8566308,0.23,0.7
1732028682.8756516,0.23,0.7
1732028682.8953402,0.23,0.7
1732028682.9156024,0.23,0.7
1732028682.935835,0.23,0.7
1732028682.9572756,0.23,0.7
1732028682.9756515,0.23,0.7
1732028682.995644,0.23,0.7
1732028683.016015,0.23,0.7
1732028683.0357203,0.23,0.7
1732028683.0554001,0.23,0.7
1732028683.0780895,0.23,0.7
1732028683.097286,0.23,0.7
1732028683.1154015,0.23,0.7
1732028683.1361294,0.23,0.7
1732028683.1552477,0.23,0.7
1732028683.175895,0.23,0.7
1732028683.1956382,0.23,0.7
1732028683.2156878,0.23,0.7
1732028683.236221,0.23,0.7
1732028683.2552462,0.23,0.7
1732028683.2756567,0.23,0.7
1732028683.2974267,0.23,0.7
1732028683.3178515,0.23,0.7
1732028683.3359203,0.23,0.7
1732028683.3555028,0.23,0.7
1732028683.3762524,0.23,0.7
1732028683.3956773,0.23,0.7
1732028683.4161282,0.23,0.7
1732028683.4355109,0.23,0.7
1732028683.4567337,0.23,0.7
1732028683.4757197,0.23,0.7
1732028683.4953454,0.23,0.7
1732028683.515927,0.23,0.7
1732028683.536484,0.23,0.7
1732028683.5577812,0.23,0.7
1732028683.5754092,0.23,0.7
1732028683.5958724,0.23,0.7
1732028683.615415,0.23,0.7
1732028683.635496,0.23,0.7
1732028683.6552663,0.23,0.7
1732028683.6762793,0.23,0.7
1732028683.6954498,0.23,0.7
1732028683.7159066,0.23,0.7
1732028683.7363722,0.23,0.7
1732028683.755662,0.23,0.7
1732028683.7758448,0.23,0.7
1732028683.795427,0.23,0.7
1732028683.8158479,0.23,0.7
1732028683.8355758,0.23,0.7
1732028683.8565397,0.23,0.7
1732028683.8786101,0.23,0.7
1732028683.8966439,0.23,0.7
1732028683.9160397,0.23,0.7
1732028683.9354515,0.23,0.7
1732028683.9559379,0.23,0.7
1732028683.9752913,0.23,0.7
1732028683.995457,0.23,0.7
1732028684.0180037,0.23,0.7
1732028684.0359037,0.23,0.7
1732028684.0553606,0.22,0.7
1732028684.0771594,0.22,0.7
1732028684.0975652,0.22,0.7
1732028684.1163642,0.22,0.7
1732028684.1362348,0.22,0.7
1732028684.1554914,0.22,0.7
1732028684.1754673,0.22,0.7
1732028684.1959507,0.22,0.7
1732028684.215743,0.22,0.7
1732028684.2360852,0.22,0.7
1732028684.2553105,0.22,0.7
1732028684.2780275,0.22,0.7
1732028684.2959325,0.22,0.7
1732028684.3157423,0.22,0.7
1732028684.335713,0.22,0.7
1732028684.3553734,0.22,0.7
1732028684.3763185,0.22,0.7
1732028684.3959725,0.22,0.7
1732028684.4154282,0.22,0.7
1732028684.4354854,0.22,0.7
1732028684.4588535,0.22,0.7
1732028684.4754138,0.22,0.7
1732028684.4968636,0.22,0.7
1732028684.515998,0.22,0.7
1732028684.5374196,0.22,0.7
1732028684.5561085,0.22,0.7
1732028684.5757103,0.22,0.7
1732028684.5954773,0.22,0.7
1732028684.6164916,0.22,0.7
1732028684.6356435,0.22,0.7
1732028684.656734,0.22,0.7
1732028684.6763358,0.22,0.7
1732028684.696495,0.22,0.7
1732028684.715368,0.22,0.7
1732028684.7355099,0.22,0.7
1732028684.758496,0.22,0.7
1732028684.7759957,0.22,0.7
1732028684.7953637,0.22,0.7
1732028684.8179271,0.22,0.7
1732028684.837379,0.22,0.7
1732028684.8574464,0.21,0.7
1732028684.878892,0.21,0.7
1732028684.8957334,0.21,0.7
1732028684.9153337,0.21,0.7
1732028684.9383574,0.21,0.7
1732028684.9558916,0.21,0.7
1732028684.9753692,0.21,0.7
1732028684.9959385,0.21,0.7
1732028685.0154736,0.21,0.7
1732028685.0392418,0.21,0.7
1732028685.0559719,0.21,0.7
1732028685.0753355,0.21,0.7
1732028685.095411,0.21,0.7
1732028685.1156957,0.21,0.7
1732028685.138005,0.21,0.7
1732028685.1573565,0.21,0.7
1732028685.1762223,0.21,0.7
1732028685.195936,0.21,0.7
1732028685.2175863,0.21,0.7
1732028685.2358265,0.21,0.7
1732028685.2569232,0.21,0.7
1732028685.2792413,0.21,0.7
1732028685.296767,0.21,0.7
1732028685.3152893,0.21,0.7
1732028685.3355606,0.21,0.7
1732028685.3564894,0.21,0.7
1732028685.378702,0.21,0.7
1732028685.3965151,0.21,0.7
1732028685.4160745,0.21,0.7
1732028685.4368584,0.21,0.7
1732028685.456007,0.21,0.7
1732028685.4753172,0.21,0.7
1732028685.4965763,0.21,0.7
1732028685.5153594,0.21,0.7
1732028685.5356834,0.21,0.7
1732028685.5561688,0.21,0.7
1732028685.5755725,0.21,0.7
1732028685.5954652,0.21,0.7
1732028685.616829,0.21,0.7
1732028685.6355028,0.21,0.7
1732028685.6648548,0.21,0.7
1732028685.676546,0.21,0.7
1732028685.6955104,0.21,0.7
1732028685.7168276,0.21,0.7
1732028685.7354414,0.21,0.7
1732028685.755305,0.2,0.7
1732028685.775599,0.2,0.7
1732028685.7968574,0.2,0.7
1732028685.8167646,0.2,0.7
1732028685.835916,0.2,0.7
1732028685.8566985,0.2,0.7
1732028685.8778732,0.2,0.7
1732028685.8956072,0.2,0.7
1732028685.9165428,0.2,0.7
1732028685.9359047,0.2,0.7
1732028685.9554663,0.2,0.7
1732028685.9769542,0.2,0.7
1732028685.9960883,0.2,0.7
1732028686.015821,0.2,0.7
1732028686.0357666,0.2,0.7
1732028686.055937,0.2,0.7
1732028686.075865,0.2,0.7
1732028686.0963535,0.2,0.7
1732028686.1154282,0.2,0.7
1732028686.135724,0.2,0.7
1732028686.1570437,0.2,0.7
1732028686.1759362,0.2,0.7
1732028686.1952722,0.2,0.7
1732028686.2163837,0.2,0.7
1732028686.2370305,0.2,0.7
1732028686.2566037,0.2,0.7
1732028686.2754514,0.2,0.7
1732028686.295589,0.2,0.7
1732028686.3164775,0.2,0.7
1732028686.3356752,0.2,0.7
1732028686.3553302,0.2,0.7
1732028686.3756723,0.2,0.7
1732028686.3959877,0.2,0.7
1732028686.415348,0.2,0.7
1732028686.4360209,0.2,0.7
1732028686.456531,0.2,0.7
1732028686.4760435,0.2,0.7
1732028686.4958487,0.2,0.7
1732028686.515429,0.2,0.7
1732028686.5371246,0.2,0.7
1732028686.5554957,0.2,0.7
1732028686.578416,0.2,0.7
1732028686.5959187,0.2,0.7
1732028686.6154022,0.2,0.7
1732028686.638467,0.2,0.7
1732028686.656025,0.2,0.7
1732028686.6754854,0.2,0.7
1732028686.696173,0.2,0.7
1732028686.715647,0.2,0.7
1732028686.736893,0.2,0.7
1732028686.75625,0.2,0.7
1732028686.7766287,0.2,0.7
1732028686.7960808,0.2,0.7
1732028686.8156428,0.2,0.7
1732028686.8364658,0.2,0.7
1732028686.8554673,0.2,0.7
1732028686.8763642,0.2,0.7
1732028686.8952963,0.2,0.7
1732028686.9181442,0.19,0.7
1732028686.9367764,0.19,0.7
1732028686.9557729,0.19,0.7
1732028686.9757936,0.19,0.7
1732028686.995909,0.19,0.7
1732028687.0176494,0.19,0.7
1732028687.038871,0.19,0.7
1732028687.0570347,0.19,0.7
1732028687.0781763,0.19,0.7
1732028687.0959353,0.19,0.7
1732028687.115528,0.19,0.7
1732028687.1362176,0.19,0.7
1732028687.1562657,0.19,0.7
1732028687.1761105,0.19,0.7
1732028687.196435,0.19,0.7
1732028687.2157643,0.19,0.7
1732028687.2392757,0.19,0.7
1732028687.2561512,0.19,0.7
1732028687.2755194,0.19,0.7
1732028687.29591,0.19,0.7
1732028687.31635,0.19,0.7
1732028687.3364718,0.19,0.7
1732028687.3582225,0.19,0.7
1732028687.3760524,0.19,0.7
1732028687.3954496,0.19,0.7
1732028687.4152498,0.19,0.7
1732028687.435433,0.19,0.7
1732028687.455693,0.19,0.7
1732028687.4764874,0.19,0.7
1732028687.495341,0.19,0.7
1732028687.5152695,0.19,0.7
1732028687.5395932,0.19,0.7
1732028687.5554597,0.19,0.7
1732028687.5755436,0.19,0.7
1732028687.5954754,0.19,0.7
1732028687.6162539,0.19,0.7
1732028687.6355255,0.19,0.7
1732028687.6561394,0.19,0.7
1732028687.6766326,0.19,0.7
1732028687.6952987,0.19,0.7
1732028687.7153006,0.19,0.7
1732028687.7358708,0.19,0.7
1732028687.755907,0.19,0.7
1732028687.7760026,0.19,0.7
1732028687.797435,0.19,0.7
1732028687.8153872,0.19,0.7
1732028687.8361492,0.19,0.7
1732028687.8554635,0.19,0.7
1732028687.8753607,0.19,0.7
1732028687.895519,0.19,0.7
1732028687.9153895,0.19,0.7
1732028687.9366663,0.19,0.7
1732028687.9557025,0.19,0.7
1732028687.9755714,0.19,0.7
1732028687.9953105,0.19,0.7
1732028688.0155013,0.19,0.7
1732028688.0356438,0.19,0.7
1732028688.056069,0.19,0.7
1732028688.0758054,0.19,0.7
1732028688.0973704,0.19,0.7
1732028688.1162896,0.19,0.7
1732028688.1361587,0.19,0.7
1732028688.155704,0.19,0.7
1732028688.1752672,0.19,0.7
1732028688.1959205,0.19,0.7
1732028688.2153146,0.19,0.7
1732028688.235973,0.19,0.7
1732028688.2570462,0.2,0.7
1732028688.2790594,0.2,0.7
1732028688.2997565,0.2,0.7
1732028688.3155036,0.2,0.7
1732028688.3352542,0.2,0.7
1732028688.3553128,0.2,0.7
1732028688.3807826,0.2,0.7
1732028688.3955095,0.2,0.7
1732028688.4160879,0.2,0.7
1732028688.4356132,0.2,0.7
1732028688.4564357,0.2,0.7
1732028688.4773383,0.2,0.7
1732028688.4957128,0.2,0.7
1732028688.5154629,0.2,0.7
1732028688.5360117,0.2,0.7
1732028688.5561593,0.2,0.7
1732028688.5756285,0.2,0.7
1732028688.595284,0.2,0.7
1732028688.6153576,0.2,0.7
1732028688.63693,0.2,0.7
1732028688.6554735,0.2,0.7
1732028688.6757433,0.2,0.7
1732028688.696713,0.2,0.7
1732028688.715472,0.2,0.7
1732028688.7354946,0.2,0.7
1732028688.755266,0.2,0.7
1732028688.7754254,0.2,0.7
1732028688.796329,0.2,0.7
1732028688.8168712,0.2,0.7
1732028688.8365593,0.2,0.7
1732028688.8552861,0.2,0.7
1732028688.8763225,0.2,0.7
1732028688.8953218,0.2,0.7
1732028688.9175384,0.2,0.7
1732028688.9354112,0.2,0.7
1732028688.9557087,0.2,0.7
1732028688.976367,0.2,0.7
1732028688.9958813,0.2,0.7
1732028689.0182948,0.2,0.7
1732028689.035826,0.2,0.7
1732028689.0554833,0.2,0.7
1732028689.076644,0.2,0.7
1732028689.0952752,0.2,0.7
1732028689.1154566,0.2,0.7
1732028689.1353455,0.2,0.7
1732028689.155362,0.2,0.7
1732028689.175727,0.2,0.7
1732028689.1964293,0.2,0.7
1732028689.2184834,0.2,0.7
1732028689.2353356,0.2,0.7
1732028689.2561302,0.2,0.7
1732028689.276001,0.2,0.7
1732028689.2952282,0.2,0.7
1732028689.315473,0.2,0.7
1732028689.3362155,0.2,0.7
1732028689.3555722,0.2,0.7
1732028689.3758047,0.2,0.7
1732028689.3957515,0.2,0.7
1732028689.4203765,0.2,0.7
1732028689.4352815,0.2,0.7
1732028689.4571183,0.2,0.7
1732028689.4763346,0.2,0.7
1732028689.495954,0.2,0.7
1732028689.5154681,0.2,0.7
1732028689.535324,0.2,0.7
1732028689.5553715,0.2,0.7
1732028689.576455,0.2,0.7
1732028689.5971713,0.2,0.7
1732028689.617061,0.2,0.7
1732028689.635536,0.2,0.7
1732028689.656451,0.2,0.7
1732028689.6758428,0.2,0.7
1732028689.6962667,0.2,0.7
1732028689.7158825,0.2,0.7
1732028689.7353375,0.2,0.7
1732028689.7561138,0.2,0.7
1732028689.7762654,0.2,0.7
1732028689.8007712,0.2,0.7
1732028689.818471,0.2,0.7
1732028689.8357792,0.2,0.7
1732028689.8637285,0.2,0.7
1732028689.8761888,0.2,0.7
1732028689.8957293,0.2,0.7
1732028689.9165318,0.2,0.7
1732028689.9354851,0.2,0.7
1732028689.9552665,0.2,0.7
1732028689.9754188,0.2,0.7
1732028689.9956343,0.2,0.7
1732028690.0161014,0.2,0.7
1732028690.0372858,0.2,0.7
1732028690.056279,0.2,0.7
1732028690.0753343,0.2,0.7
1732028690.0955565,0.2,0.7
1732028690.119317,0.21,0.7
1732028690.1358867,0.21,0.7
1732028690.155446,0.21,0.7
1732028690.175492,0.21,0.7
1732028690.195557,0.21,0.7
1732028690.2153902,0.21,0.7
1732028690.2372434,0.21,0.7
1732028690.256234,0.21,0.7
1732028690.2754767,0.21,0.7
1732028690.2956293,0.21,0.7
1732028690.3156614,0.21,0.7
1732028690.3353932,0.21,0.7
1732028690.3559582,0.21,0.7
1732028690.3767707,0.21,0.7
1732028690.3954844,0.21,0.7
1732028690.417017,0.21,0.7
1732028690.4395576,0.21,0.7
1732028690.4553773,0.21,0.7
1732028690.4756029,0.21,0.7
1732028690.4962394,0.21,0.7
1732028690.5154521,0.21,0.7
1732028690.5371625,0.21,0.7
1732028690.5562313,0.21,0.7
1732028690.5765269,0.21,0.7
1732028690.5963025,0.21,0.7
1732028690.6153789,0.21,0.7
1732028690.6380043,0.21,0.7
1732028690.655664,0.21,0.7
1732028690.675558,0.21,0.7
1732028690.6953206,0.21,0.7
1732028690.7153053,0.21,0.7
1732028690.735525,0.21,0.7
1732028690.7557614,0.21,0.7
1732028690.7759721,0.21,0.7
1732028690.7953477,0.21,0.7
1732028690.815951,0.21,0.7
1732028690.8353422,0.21,0.7
1732028690.8563297,0.21,0.7
1732028690.8757846,0.21,0.7
1732028690.8951797,0.21,0.7
1732028690.915481,0.21,0.7
1732028690.9400313,0.21,0.7
1732028690.9568064,0.21,0.7
1732028690.975847,0.21,0.7
1732028690.9952326,0.21,0.7
1732028691.0158525,0.21,0.7
1732028691.0359054,0.21,0.7
1732028691.055947,0.21,0.7
1732028691.075426,0.21,0.7
1732028691.0960355,0.21,0.7
1732028691.1159098,0.21,0.7
1732028691.1373644,0.21,0.7
1732028691.1559618,0.21,0.7
1732028691.1760707,0.21,0.7
1732028691.1957467,0.21,0.7
1732028691.215392,0.21,0.7
1732028691.2369199,0.21,0.7
1732028691.2555883,0.21,0.7
1732028691.2764373,0.21,0.7
1732028691.295737,0.21,0.7
1732028691.315603,0.21,0.7
1732028691.3365684,0.21,0.7
1732028691.3571699,0.21,0.7
1732028691.375303,0.21,0.7
1732028691.3954775,0.21,0.7
1732028691.4152877,0.21,0.7
1732028691.4358885,0.21,0.7
1732028691.45619,0.21,0.7
1732028691.4764097,0.21,0.7
1732028691.4962099,0.21,0.7
1732028691.5159242,0.21,0.7
1732028691.5365763,0.21,0.7
1732028691.555375,0.21,0.7
1732028691.5756397,0.21,0.7
1732028691.5961168,0.21,0.7
1732028691.6160915,0.21,0.7
1732028691.6353354,0.21,0.7
1732028691.658188,0.21,0.7
1732028691.676037,0.21,0.7
1732028691.6957266,0.21,0.7
1732028691.7154212,0.21,0.7
1732028691.735381,0.21,0.7
1732028691.7557561,0.21,0.7
1732028691.7756286,0.21,0.7
1732028691.7959175,0.21,0.7
1732028691.8154685,0.21,0.7
1732028691.8352323,0.21,0.7
1732028691.8634958,0.21,0.7
1732028691.8791194,0.21,0.7
1732028691.8954313,0.21,0.7
1732028691.9154682,0.21,0.7
1732028691.9354577,0.21,0.7
1732028691.955264,0.21,0.7
1732028691.9756246,0.21,0.7
1732028691.9956486,0.21,0.7
1732028692.0169206,0.22,0.7
1732028692.0352824,0.22,0.7
1732028692.0562043,0.22,0.7
1732028692.0754943,0.22,0.7
1732028692.095289,0.22,0.7
1732028692.1157506,0.22,0.7
1732028692.1355453,0.22,0.7
1732028692.1565545,0.22,0.7
1732028692.175613,0.22,0.7
1732028692.195902,0.22,0.7
1732028692.21604,0.22,0.7
1732028692.2397025,0.22,0.7
1732028692.256195,0.22,0.7
1732028692.275373,0.22,0.7
1732028692.295298,0.22,0.7
1732028692.3186548,0.22,0.7
1732028692.3374069,0.22,0.7
1732028692.3568673,0.22,0.7
1732028692.3754532,0.22,0.7
1732028692.3952372,0.22,0.7
1732028692.415317,0.22,0.7
1732028692.4360983,0.22,0.7
1732028692.4562683,0.22,0.7
1732028692.4765902,0.22,0.7
1732028692.4954674,0.22,0.7
1732028692.5166924,0.22,0.7
1732028692.5358827,0.22,0.7
1732028692.5573585,0.22,0.7
1732028692.579337,0.22,0.7
1732028692.5973923,0.22,0.7
1732028692.6153548,0.22,0.7
1732028692.63703,0.22,0.7
1732028692.6603975,0.22,0.7
1732028692.6761749,0.22,0.7
1732028692.6961493,0.22,0.7
1732028692.7162616,0.22,0.7
1732028692.735901,0.22,0.7
1732028692.7554166,0.22,0.7
1732028692.7779377,0.22,0.7
1732028692.7963262,0.22,0.7
1732028692.8156252,0.22,0.7
1732028692.83546,0.22,0.7
1732028692.856372,0.22,0.7
1732028692.8757775,0.22,0.7
1732028692.8955219,0.22,0.7
1732028692.9167702,0.22,0.7
1732028692.936838,0.22,0.7
1732028692.955737,0.22,0.7
1732028692.9757082,0.22,0.7
1732028692.996088,0.22,0.7
1732028693.0162976,0.22,0.7
1732028693.035279,0.22,0.7
1732028693.0555708,0.22,0.7
1732028693.0756617,0.22,0.7
1732028693.096403,0.22,0.7
1732028693.1169617,0.22,0.7
1732028693.1352677,0.22,0.7
1732028693.1555197,0.22,0.7
1732028693.1769986,0.22,0.7
1732028693.1952896,0.22,0.7
1732028693.218009,0.22,0.7
1732028693.236142,0.22,0.7
1732028693.255427,0.22,0.7
1732028693.2784848,0.22,0.7
1732028693.296149,0.22,0.7
1732028693.3152702,0.22,0.7
1732028693.3354092,0.22,0.7
1732028693.3556585,0.22,0.7
1732028693.3769681,0.22,0.7
1732028693.395701,0.22,0.7
1732028693.4159129,0.22,0.7
1732028693.4361377,0.22,0.7
1732028693.4554207,0.22,0.7
1732028693.475433,0.22,0.7
1732028693.4954314,0.22,0.7
1732028693.515252,0.22,0.7
1732028693.5354726,0.22,0.7
1732028693.5556068,0.22,0.7
1732028693.5768383,0.22,0.7
1732028693.5952709,0.22,0.7
1732028693.6174853,0.22,0.7
1732028693.6359255,0.22,0.7
1732028693.6563246,0.22,0.7
1732028693.6755779,0.22,0.7
1732028693.6979191,0.22,0.7
1732028693.7207062,0.22,0.7
1732028693.7363014,0.22,0.7
1732028693.755388,0.22,0.7
1732028693.780009,0.22,0.7
1732028693.797657,0.22,0.7
1732028693.815546,0.22,0.7
1732028693.835622,0.22,0.7
1732028693.857031,0.22,0.7
1732028693.8756416,0.22,0.7
1732028693.8974097,0.22,0.7
1732028693.9152653,0.22,0.7
1732028693.935958,0.22,0.7
1732028693.956222,0.22,0.7
1732028693.9754221,0.22,0.7
1732028693.99888,0.22,0.7
1732028694.0185692,0.22,0.7
1732028694.0362294,0.22,0.7
1732028694.0572367,0.22,0.7
1732028694.076512,0.22,0.7
1732028694.0965452,0.22,0.7
1732028694.1175745,0.22,0.7
1732028694.1363862,0.22,0.7
1732028694.1554384,0.22,0.7
1732028694.1765096,0.22,0.7
1732028694.1982985,0.22,0.7
1732028694.2165308,0.22,0.7
1732028694.237276,0.22,0.7
1732028694.25534,0.22,0.7
1732028694.275226,0.22,0.7
1732028694.2969213,0.22,0.7
1732028694.318065,0.22,0.7
1732028694.337312,0.22,0.7
1732028694.355411,0.22,0.7
1732028694.3786528,0.22,0.7
1732028694.3973875,0.22,0.7
1732028694.41556,0.22,0.7
1732028694.4367752,0.22,0.7
1732028694.458337,0.22,0.7
1732028694.4752815,0.22,0.7
1732028694.4962497,0.22,0.7
1732028694.5159326,0.22,0.7
1732028694.5376573,0.22,0.7
1732028694.5559168,0.22,0.7
1732028694.5772781,0.22,0.7
1732028694.6018033,0.22,0.7
1732028694.615534,0.22,0.7
1732028694.6355855,0.22,0.7
1732028694.6575303,0.22,0.7
1732028694.6771092,0.22,0.7
1732028694.6959429,0.22,0.7
1732028694.715298,0.22,0.7
1732028694.7363563,0.22,0.7
1732028694.7558641,0.22,0.7
1732028694.7774513,0.22,0.7
1732028694.795427,0.22,0.7
1732028694.8161538,0.22,0.7
1732028694.8364952,0.22,0.7
1732028694.856683,0.22,0.7
1732028694.8753443,0.22,0.7
1732028694.897312,0.22,0.7
1732028694.9170105,0.22,0.7
1732028694.9374394,0.22,0.7
1732028694.9556758,0.22,0.7
1732028694.9757116,0.22,0.7
1732028694.9965553,0.22,0.7
1732028695.015514,0.22,0.7
1732028695.035517,0.22,0.7
1732028695.0561466,0.22,0.7
1732028695.075763,0.22,0.7
1732028695.095242,0.22,0.7
1732028695.1163728,0.22,0.7
1732028695.1356618,0.22,0.7
1732028695.1571317,0.22,0.7
1732028695.1759255,0.22,0.7
1732028695.1955252,0.22,0.7
1732028695.2152534,0.22,0.7
1732028695.236663,0.22,0.7
1732028695.2553248,0.22,0.7
1732028695.277123,0.22,0.7
1732028695.2963855,0.22,0.7
1732028695.3222938,0.22,0.7
1732028695.3353565,0.22,0.7
1732028695.356271,0.22,0.7
1732028695.3766332,0.22,0.7
1732028695.3960447,0.22,0.7
1732028695.4157002,0.22,0.7
1732028695.4360754,0.22,0.7
1732028695.4557319,0.22,0.7
1732028695.4765728,0.22,0.7
1732028695.4955869,0.22,0.7
1732028695.5159807,0.22,0.7
1732028695.536181,0.22,0.7
1732028695.5553806,0.22,0.7
1732028695.5762532,0.22,0.7
1732028695.5954366,0.22,0.7
1732028695.615872,0.22,0.7
1732028695.6356177,0.22,0.7
1732028695.6569393,0.22,0.7
1732028695.6759253,0.22,0.7
1732028695.6957412,0.22,0.7
1732028695.7161603,0.22,0.7
1732028695.7361066,0.22,0.7
1732028695.7555184,0.22,0.7
1732028695.7756996,0.22,0.7
1732028695.7957993,0.22,0.7
1732028695.8154993,0.22,0.7
1732028695.836494,0.22,0.7
1732028695.8555415,0.22,0.7
1732028695.8830938,0.22,0.7
1732028695.8953147,0.22,0.7
1732028695.9170427,0.22,0.7
1732028695.9411836,0.22,0.7
1732028695.955494,0.22,0.7
1732028695.9752727,0.22,0.7
1732028695.9952655,0.22,0.7
1732028696.0159495,0.22,0.7
1732028696.0368483,0.22,0.7
1732028696.0589173,0.22,0.7
1732028696.0752127,0.22,0.7
1732028696.09575,0.22,0.7
1732028696.115341,0.22,0.7
1732028696.138511,0.22,0.7
1732028696.155758,0.22,0.7
1732028696.180616,0.22,0.7
1732028696.1954656,0.22,0.7
1732028696.2152553,0.22,0.7
1732028696.235925,0.22,0.7
1732028696.2561324,0.22,0.7
1732028696.2760117,0.22,0.7
1732028696.2988706,0.22,0.7
1732028696.3163738,0.22,0.7
1732028696.3368316,0.22,0.7
1732028696.3559852,0.22,0.7
1732028696.3761327,0.22,0.7
1732028696.3973963,0.22,0.7
1732028696.4154637,0.22,0.7
1732028696.4364793,0.22,0.7
1732028696.455912,0.22,0.7
1732028696.4765806,0.22,0.7
1732028696.4958508,0.22,0.7
1732028696.5154517,0.22,0.7
1732028696.535833,0.22,0.7
1732028696.5552742,0.22,0.7
1732028696.5757422,0.22,0.7
1732028696.5957923,0.22,0.7
1732028696.620431,0.22,0.7
1732028696.6357334,0.22,0.7
1732028696.6555383,0.22,0.7
1732028696.6763408,0.22,0.7
1732028696.69537,0.22,0.7
1732028696.7177033,0.22,0.7
1732028696.7360585,0.22,0.7
1732028696.7556098,0.22,0.7
1732028696.7754157,0.22,0.7
1732028696.795459,0.22,0.7
