1732028661.9764483,0.0,0.0,0.0
1732028661.9767308,0.0,0.0,0.0
1732028661.9964042,0.0,0.0,0.0
1732028662.0177052,0.0,0.0,0.0
1732028662.036258,0.0,0.0,0.0
1732028662.0557191,0.0,0.0,0.0
1732028662.0760844,0.0,0.0,0.0
1732028662.0961075,0.0,0.0,0.0
1732028662.117009,0.0,0.0,0.0
1732028662.1355855,0.0,0.0,0.0
1732028662.1583242,0.0,0.0,0.0
1732028662.176071,0.0,0.0,0.0
1732028662.1965709,0.0,0.0,0.0
1732028662.2155192,0.0,0.0,0.0
1732028662.2365708,0.0,0.0,0.0
1732028662.2557113,0.0,0.0,0.0
1732028662.2762551,0.0,0.0,0.0
1732028662.296497,0.0,0.0,0.0
1732028662.3159938,0.0,0.0,0.0
1732028662.335969,0.0,0.0,0.0
1732028662.3562796,0.0,0.0,0.0
1732028662.376154,0.0,0.0,0.0
1732028662.3955436,0.0,0.0,0.0
1732028662.4160333,0.0,0.0,0.0
1732028662.4363744,0.0,0.0,0.0
1732028662.4575138,0.0,0.0,0.0
1732028662.4760613,0.0,0.0,0.0
1732028662.4958515,0.0,0.0,0.0
1732028662.5157034,0.0,0.0,0.0
1732028662.5355225,0.0,0.0,0.0
1732028662.5558507,0.0,0.0,0.0
1732028662.5756984,0.0,0.0,0.0
1732028662.5964355,0.0,0.0,0.0
1732028662.6180303,0.0,0.0,0.0
1732028662.63544,0.0,0.0,0.0
1732028662.6568522,0.0,0.0,0.0
1732028662.675961,0.0,0.0,0.0
1732028662.6978388,0.0,0.0,0.0
1732028662.7159848,0.0,0.0,0.0
1732028662.7354774,0.0,0.0,0.0
1732028662.7556903,0.0,0.0,0.0
1732028662.7757394,0.0,0.0,0.0
1732028662.7965057,0.0,0.0,0.0
1732028662.8164432,0.0,0.0,0.0
1732028662.8357842,0.0,0.0,0.0
1732028662.8561041,0.0,0.0,0.0
1732028662.8762364,0.0,0.0,0.0
1732028662.8958774,0.0,0.0,0.0
1732028662.9156253,0.0,0.0,0.0
1732028662.935707,0.0,0.0,0.0
1732028662.9575744,0.0,0.0,0.0
1732028662.9757974,0.0,0.0,0.0
1732028662.997093,0.0,0.0,0.0
1732028663.0163789,0.0,0.0,0.0
1732028663.035939,0.0,0.0,0.0
1732028663.0573936,0.0,0.0,0.0
1732028663.076466,0.0,0.0,0.0
1732028663.0960224,0.0,0.0,0.0
1732028663.115481,0.0,0.0,0.0
1732028663.136003,0.0,0.0,0.0
1732028663.1559532,0.0,0.0,0.0
1732028663.175719,0.0,0.0,0.0
1732028663.1973374,0.0,0.0,0.0
1732028663.216082,0.0,0.0,0.0
1732028663.2367253,0.0,0.0,0.0
1732028663.2558985,0.0,0.0,0.0
1732028663.275697,0.0,0.0,0.0
1732028663.2962,0.0,0.0,0.0
1732028663.3158581,0.0,0.0,0.0
1732028663.3360593,0.0,0.0,0.0
1732028663.356402,0.0,0.0,0.0
1732028663.3778806,0.0,0.0,0.0
1732028663.3961625,0.0,0.0,0.0
1732028663.4163861,0.0,0.0,0.0
1732028663.4356842,0.0,0.0,0.0
1732028663.4565763,0.0,0.0,0.0
1732028663.4771678,0.0,0.0,0.0
1732028663.4961755,0.0,0.0,0.0
1732028663.5158062,0.0,0.0,0.0
1732028663.5358489,0.0,0.0,0.0
1732028663.5567517,0.0,0.0,0.0
1732028663.5788102,0.0,0.0,0.0
1732028663.5956278,0.0,0.0,0.0
1732028663.6156888,0.0,0.0,0.0
1732028663.6363509,0.0,0.0,0.0
1732028663.6601338,0.0,0.0,0.0
1732028663.676448,0.0,0.0,0.0
1732028663.6957488,0.0,0.0,0.0
1732028663.7164614,0.0,0.0,0.0
1732028663.7360525,0.0,0.0,0.0
1732028663.7559543,0.0,0.0,0.0
1732028663.777534,0.0,0.0,0.0
1732028663.795447,0.0,0.0,0.0
1732028663.815666,0.0,0.0,0.0
1732028663.8360019,0.0,0.0,0.0
1732028663.8555727,0.0,0.0,0.0
1732028663.8765335,0.0,0.0,0.0
1732028663.8959682,0.0,0.0,0.0
1732028663.9154313,0.0,0.0,0.0
1732028663.9355364,0.0,0.0,0.0
1732028663.955748,0.0,0.0,0.0
1732028663.9760454,0.0,0.0,0.0
1732028663.9977257,0.0,0.0,0.0
1732028664.0158324,0.0,0.0,0.0
1732028664.0367193,0.0,0.0,0.0
1732028664.055594,0.0,0.0,0.0
1732028664.0756812,0.0,0.0,0.0
1732028664.0975401,0.0,0.0,0.0
1732028664.1188262,0.0,0.0,0.0
1732028664.1361618,0.0,0.0,0.0
1732028664.156173,0.0,0.0,0.0
1732028664.17602,0.0,0.0,0.0
1732028664.1975923,0.0,0.0,0.0
1732028664.2159655,0.0,0.0,0.0
1732028664.236025,0.0,0.0,0.0
1732028664.2556722,0.0,0.0,0.0
1732028664.276123,0.0,0.0,0.0
1732028664.2964597,0.0,0.0,0.0
1732028664.316441,0.0,0.0,0.0
1732028664.3357933,0.0,0.0,0.0
1732028664.3555272,0.0,0.0,0.0
1732028664.3760426,0.0,0.0,0.0
1732028664.395799,0.0,0.0,0.0
1732028664.4171321,0.0,0.0,0.0
1732028664.4361906,0.0,0.0,0.0
1732028664.4558256,0.0,0.0,0.0
1732028664.4764032,0.0,0.0,0.0
1732028664.4956708,0.0,0.0,0.0
1732028664.5160046,0.0,0.0,0.0
1732028664.5358381,0.0,0.0,0.0
1732028664.55658,0.0,0.0,0.0
1732028664.5756593,0.0,0.0,0.0
1732028664.5955586,0.0,0.0,0.0
1732028664.6163836,0.0,0.0,0.0
1732028664.6364362,0.0,0.0,0.0
1732028664.6557791,0.0,0.0,0.0
1732028664.6773934,0.0,0.0,0.0
1732028664.6961718,0.0,0.0,0.0
1732028664.7159407,0.0,0.0,0.0
1732028664.737174,0.0,0.0,0.0
1732028664.7557344,0.0,0.0,0.0
1732028664.7783298,0.0,0.0,0.0
1732028664.7963688,0.0,0.0,0.0
1732028664.8171668,0.0,0.0,0.0
1732028664.8360298,0.0,0.0,0.0
1732028664.8563929,0.0,0.0,0.0
1732028664.8757107,0.0,0.0,0.0
1732028664.8966017,0.0,0.0,0.0
1732028664.9159615,0.0,0.0,0.0
1732028664.9358568,0.0,0.0,0.0
1732028664.9560537,0.0,0.0,0.0
1732028664.9759238,0.0,0.0,0.0
1732028664.996351,0.0,0.0,0.0
1732028665.0168054,0.0,0.0,0.0
1732028665.0357327,0.0,0.0,0.0
1732028665.0562906,0.0,0.0,0.0
1732028665.076871,0.0,0.0,0.0
1732028665.096537,0.0,0.0,0.0
1732028665.1157556,0.0,0.0,0.0
1732028665.1364315,0.0,0.0,0.0
1732028665.1558087,0.0,0.0,0.0
1732028665.1754763,0.0,0.0,0.0
1732028665.196812,0.0,0.0,0.0
1732028665.2157075,0.0,0.0,0.0
1732028665.2370913,0.0,0.0,0.0
1732028665.2575693,0.0,0.0,0.0
1732028665.278089,0.0,0.0,0.0
1732028665.2961888,0.0,0.0,0.0
1732028665.3176491,0.0,0.0,0.0
1732028665.3355813,0.0,0.0,0.0
1732028665.356151,0.0,0.0,0.0
1732028665.3757014,0.0,0.0,0.0
1732028665.3977845,0.0,0.0,0.0
1732028665.4183176,0.0,0.0,0.0
1732028665.4360058,0.0,0.0,0.0
1732028665.456761,0.0,0.0,0.0
1732028665.4766667,0.0,0.0,0.0
1732028665.4964345,0.0,0.0,0.0
1732028665.5159056,0.0,0.0,0.0
1732028665.536753,0.0,0.0,0.0
1732028665.55589,0.0,0.0,0.0
1732028665.5754743,0.0,0.0,0.0
1732028665.5958495,0.0,0.0,0.0
1732028665.6163275,0.0,0.0,0.0
1732028665.636541,0.0,0.0,0.0
1732028665.6558006,0.0,0.0,0.0
1732028665.675688,0.0,0.0,0.0
1732028665.6963882,0.0,0.0,0.0
1732028665.7159176,0.0,0.0,0.0
1732028665.7364287,0.0,0.0,0.0
1732028665.7583115,0.0,0.0,0.0
1732028665.7756402,0.0,0.0,0.0
1732028665.7954538,0.0,0.0,0.0
1732028665.815523,0.0,0.0,0.0
1732028665.8357494,0.0,0.0,0.0
1732028665.858085,0.0,0.0,0.0
1732028665.8761518,0.0,0.0,0.0
1732028665.8962138,0.0,0.0,0.0
1732028665.9158692,0.0,0.0,0.0
1732028665.9354522,0.0,0.0,0.0
1732028665.9562907,0.0,0.0,0.0
1732028665.9755857,0.0,0.0,0.0
1732028665.9979763,0.0,0.0,0.0
1732028666.017113,0.0,0.0,0.0
1732028666.0360432,0.0,0.0,0.0
1732028666.058055,0.0,0.0,0.0
1732028666.0765572,0.0,0.0,0.0
1732028666.096527,0.0,0.0,0.0
1732028666.1160567,0.0,0.0,0.0
1732028666.1362622,0.0,0.0,0.0
1732028666.1555457,0.0,0.0,0.0
1732028666.1770284,0.0,0.0,0.0
1732028666.1980991,0.0,0.0,0.0
1732028666.2159722,0.0,0.0,0.0
1732028666.2358198,0.0,0.0,0.0
1732028666.2556572,0.0,0.0,0.0
1732028666.2755163,0.0,0.0,0.0
1732028666.2964675,0.0,0.0,0.0
1732028666.316058,0.0,0.0,0.0
1732028666.3358927,0.0,0.0,0.0
1732028666.3573022,0.0,0.0,0.0
1732028666.375721,0.0,0.0,0.0
1732028666.3956258,0.0,0.0,0.0
1732028666.4163077,0.0,0.0,0.0
1732028666.4360826,0.0,0.0,0.0
1732028666.4565537,0.0,0.0,0.0
1732028666.475971,0.0,0.0,0.0
1732028666.4958134,0.0,0.0,0.0
1732028666.5158563,0.0,0.0,0.0
1732028666.5407917,0.0,0.0,0.0
1732028666.5554469,0.0,0.0,0.0
1732028666.576164,0.0,0.0,0.0
1732028666.5966034,0.0,0.0,0.0
1732028666.6154914,0.0,0.0,0.0
1732028666.636459,0.0,0.0,0.0
1732028666.656819,0.0,0.0,0.0
1732028666.676168,0.0,0.0,0.0
1732028666.6954412,0.0,0.0,0.0
1732028666.717848,0.0,0.0,0.0
1732028666.736448,0.0,0.0,0.0
1732028666.755711,0.0,0.0,0.0
1732028666.7810662,0.0,0.0,0.0
1732028666.7960727,0.0,0.0,0.0
1732028666.8159106,0.0,0.0,0.0
1732028666.8354301,0.0,0.0,0.0
1732028666.855723,0.0,0.0,0.0
1732028666.8759768,0.0,0.0,0.0
1732028666.8958018,0.0,0.0,0.0
1732028666.9157114,0.0,0.0,0.0
1732028666.9354405,0.0,0.0,0.0
1732028666.9554281,0.0,0.0,0.0
1732028666.9759808,0.0,0.0,0.0
1732028666.9954145,0.0,0.0,0.0
1732028667.0159147,0.0,0.0,0.0
1732028667.0355856,0.0,0.0,0.0
1732028667.0560195,0.0,0.0,0.0
1732028667.0770628,0.0,0.0,0.0
1732028667.095566,0.0,0.0,0.0
1732028667.115557,0.0,0.0,0.0
1732028667.1366453,0.0,0.0,0.0
1732028667.164406,0.0,0.0,0.0
1732028667.1764657,0.0,0.0,0.0
1732028667.196013,0.0,0.0,0.0
1732028667.2167044,0.0,0.0,0.0
1732028667.2376473,0.0,0.0,0.0
1732028667.2559173,0.0,0.0,0.0
1732028667.2757182,0.0,0.0,0.0
1732028667.2963204,0.0,0.0,0.0
1732028667.3174143,0.0,0.0,0.0
1732028667.3361695,0.0,0.0,0.0
1732028667.3559508,0.0,0.0,0.0
1732028667.376234,0.0,0.0,0.0
1732028667.3967624,0.0,0.0,0.0
1732028667.4163463,0.0,0.0,0.0
1732028667.4360456,0.0,0.0,0.0
1732028667.455303,0.0,0.0,0.0
1732028667.475981,0.0,0.0,0.0
1732028667.4957244,0.0,0.0,0.0
1732028667.5166564,0.0,0.0,0.0
1732028667.53853,0.0,0.0,0.0
1732028667.5572402,0.0,0.0,0.0
1732028667.5764086,0.0,0.0,0.0
1732028667.5960283,0.0,0.0,0.0
1732028667.6161995,0.0,0.0,0.0
1732028667.6398451,0.0,0.0,0.0
1732028667.6561239,0.0,0.0,0.0
1732028667.6757748,0.0,0.0,0.0
1732028667.695536,0.0,0.0,0.0
1732028667.7166147,0.0,0.0,0.0
1732028667.7367253,0.0,0.0,0.0
1732028667.7561505,0.0,0.0,0.0
1732028667.7766223,0.0,0.0,0.0
1732028667.7959216,0.0,0.0,0.0
1732028667.81674,0.0,0.0,0.0
1732028667.8356857,0.0,0.0,0.0
1732028667.8565698,0.0,0.0,0.0
1732028667.8759432,0.0,0.0,0.0
1732028667.8969755,0.0,0.0,0.0
1732028667.9167044,0.0,0.0,0.0
1732028667.9362597,0.0,0.0,0.0
1732028667.955735,0.0,0.0,0.0
1732028667.975944,0.0,0.0,0.0
1732028667.9960985,0.0,0.0,0.0
1732028668.0168014,0.0,0.0,0.0
1732028668.0371222,0.0,0.0,0.0
1732028668.0570004,0.0,0.0,0.0
1732028668.0758843,0.0,0.0,0.0
1732028668.0963256,0.0,0.0,0.0
1732028668.1178045,0.0,0.0,0.0
1732028668.135542,0.0,0.0,0.0
1732028668.1561928,0.0,0.0,0.0
1732028668.175395,0.0,0.0,0.0
1732028668.1980078,0.0,0.0,0.0
1732028668.2168615,0.0,0.0,0.0
1732028668.2363265,0.0,0.0,0.0
1732028668.2558901,0.0,0.0,0.0
1732028668.2755365,0.0,0.0,0.0
1732028668.295816,0.0,0.0,0.0
1732028668.3158412,0.0,0.0,0.0
1732028668.3357728,0.0,0.0,0.0
1732028668.3560967,0.0,0.0,0.0
1732028668.376056,0.0,0.0,0.0
1732028668.3960361,0.0,0.0,0.0
1732028668.415588,0.0,0.0,0.0
1732028668.4356933,0.0,0.0,0.0
1732028668.4562473,0.0,0.0,0.0
1732028668.4767466,0.0,0.0,0.0
1732028668.495972,0.0,0.0,0.0
1732028668.5159156,0.0,0.0,0.0
1732028668.5362613,0.0,0.0,0.0
1732028668.5555553,0.0,0.0,0.0
1732028668.5762203,0.0,0.0,0.0
1732028668.5967102,0.0,0.0,0.0
1732028668.615778,0.0,0.0,0.0
1732028668.6377497,0.0,0.0,0.0
1732028668.6557684,0.0,0.0,0.0
1732028668.676049,0.0,0.0,0.0
1732028668.6963594,0.0,0.0,0.0
1732028668.715815,0.0,0.0,0.0
1732028668.7357416,0.0,0.0,0.0
1732028668.7577212,0.0,0.0,0.0
1732028668.7755718,0.0,0.0,0.0
1732028668.7959068,0.0,0.0,0.0
1732028668.815892,0.0,0.0,0.0
1732028668.8362334,0.0,0.0,0.0
1732028668.8557446,0.0,0.0,0.0
1732028668.876435,0.0,0.0,0.0
1732028668.8960636,0.0,0.0,0.0
1732028668.9174502,0.0,0.0,0.0
1732028668.9372406,0.0,0.0,0.0
1732028668.9563437,0.0,0.0,0.0
1732028668.976497,0.0,0.0,0.0
1732028668.9968867,0.0,0.0,0.0
1732028669.0166328,0.0,0.0,0.0
1732028669.0376964,0.0,0.0,0.0
1732028669.05637,0.0,0.0,0.0
1732028669.075699,0.0,0.0,0.0
1732028669.0959797,0.0,0.0,0.0
1732028669.1157148,0.0,0.0,0.0
1732028669.1367714,0.0,0.0,0.0
1732028669.1573863,0.0,0.0,0.0
1732028669.1770165,0.0,0.0,0.0
1732028669.1959887,0.0,0.0,0.0
1732028669.2170386,0.0,0.0,0.0
1732028669.2367432,0.0,0.0,0.0
1732028669.2562726,0.0,0.0,0.0
1732028669.276521,0.0,0.0,0.0
1732028669.2980156,0.0,0.0,0.0
1732028669.3161945,0.0,0.0,0.0
1732028669.3359995,0.0,0.0,0.0
1732028669.3608744,0.0,0.0,0.0
1732028669.3759117,0.0,0.0,0.0
1732028669.396234,0.0,0.0,0.0
1732028669.4167757,0.0,0.0,0.0
1732028669.4377491,0.0,0.0,0.0
1732028669.456367,0.0,0.0,0.0
1732028669.4785664,0.0,0.0,0.0
1732028669.4960282,0.0,0.0,0.0
1732028669.5159163,0.0,0.0,0.0
1732028669.5355232,0.0,0.0,0.0
1732028669.5558536,0.0,0.0,0.0
1732028669.5764496,0.0,0.0,0.0
1732028669.5963342,0.0,0.0,0.0
1732028669.616597,0.0,0.0,0.0
1732028669.6369605,0.0,0.0,0.0
1732028669.6562276,0.0,0.0,0.0
1732028669.6759887,0.0,0.0,0.0
1732028669.6964548,0.0,0.0,0.0
1732028669.716361,0.0,0.0,0.0
1732028669.7359369,0.0,0.0,0.0
1732028669.7555628,0.0,0.0,0.0
1732028669.7759807,0.0,0.0,0.0
1732028669.7979157,0.0,0.0,0.0
1732028669.815891,0.0,0.0,0.0
1732028669.837312,0.0,0.0,0.0
1732028669.8558862,0.0,0.0,0.0
1732028669.87681,0.0,0.0,0.0
1732028669.8956437,0.0,0.0,0.0
1732028669.9159665,0.0,0.0,0.0
1732028669.9356875,0.0,0.0,0.0
1732028669.9562473,0.0,0.0,0.0
1732028669.9762228,0.0,0.0,0.0
1732028669.9954515,0.0,0.0,0.0
1732028670.0154874,0.0,0.0,0.0
1732028670.0369542,0.0,0.0,0.0
1732028670.0554006,0.0,0.0,0.0
1732028670.078016,0.0,0.0,0.0
1732028670.0956645,0.0,0.0,0.0
1732028670.1158066,0.0,0.0,0.0
1732028670.1360893,0.0,0.0,0.0
1732028670.15596,0.0,0.0,0.0
1732028670.1757052,0.0,0.0,0.0
1732028670.1964536,0.0,0.0,0.0
1732028670.2158844,0.0,0.0,0.0
1732028670.2362394,0.0,0.0,0.0
1732028670.2560737,0.0,0.0,0.0
1732028670.2757604,0.0,0.0,0.0
1732028670.2960143,0.0,0.0,0.0
1732028670.3157747,0.0,0.0,0.0
1732028670.3377583,0.0,0.0,0.0
1732028670.357435,0.0,0.0,0.0
1732028670.376206,0.0,0.0,0.0
1732028670.3961072,0.0,0.0,0.0
1732028670.416212,0.0,0.0,0.0
1732028670.4367905,0.0,0.0,0.0
1732028670.4569712,0.0,0.0,0.0
1732028670.4761078,0.0,0.0,0.0
1732028670.4956307,0.0,0.0,0.0
1732028670.5166779,0.0,0.0,0.0
1732028670.537562,0.0,0.0,0.0
1732028670.5557163,0.0,0.0,0.0
1732028670.5759773,0.0,0.0,0.0
1732028670.596003,0.0,0.0,0.0
1732028670.6182525,0.0,0.0,0.0
1732028670.6361284,0.0,0.0,0.0
1732028670.6563494,0.0,0.0,0.0
1732028670.676126,0.0,0.0,0.0
1732028670.695694,0.0,0.0,0.0
1732028670.716388,0.0,0.0,0.0
1732028670.7357178,0.0,0.0,0.0
1732028670.755899,0.0,0.0,0.0
1732028670.775925,0.0,0.0,0.0
1732028670.7962956,0.0,0.0,0.0
1732028670.8168037,0.0,0.0,0.0
1732028670.8364522,0.0,0.0,0.0
1732028670.8559804,0.0,0.0,0.0
1732028670.876582,0.0,0.0,0.0
1732028670.8967936,0.0,0.0,0.0
1732028670.9170108,0.0,0.0,0.0
1732028670.9359326,0.0,0.0,0.0
1732028670.9557352,0.0,0.0,0.0
1732028670.975992,0.0,0.0,0.0
1732028670.9966662,0.0,0.0,0.0
1732028671.0163577,0.0,0.0,0.0
1732028671.0364697,0.0,0.0,0.0
1732028671.0555916,0.0,0.0,0.0
1732028671.0756085,0.0,0.0,0.0
1732028671.097993,0.0,0.0,0.0
1732028671.1161573,0.0,0.0,0.0
1732028671.1379988,0.0,0.0,0.0
1732028671.1559536,0.0,0.0,0.0
1732028671.1757407,0.0,0.0,0.0
1732028671.1965082,0.0,0.0,0.0
1732028671.2161388,0.0,0.0,0.0
1732028671.2358272,0.0,0.0,0.0
1732028671.2555485,0.0,0.0,0.0
1732028671.2765408,0.0,0.0,0.0
1732028671.2965794,0.0,0.0,0.0
1732028671.3160703,0.0,0.0,0.0
1732028671.3362784,0.0,0.0,0.0
1732028671.3562284,0.0,0.0,0.0
1732028671.3761299,0.0,0.0,0.0
1732028671.3965747,0.0,0.0,0.0
1732028671.4163017,0.0,0.0,0.0
1732028671.4378703,0.0,0.0,0.0
1732028671.4563913,0.0,0.0,0.0
1732028671.4756386,0.0,0.0,0.0
1732028671.4960058,0.0,0.0,0.0
1732028671.5162327,0.0,0.0,0.0
1732028671.5360112,0.0,0.0,0.0
1732028671.5562236,0.0,0.0,0.0
1732028671.5765917,0.0,0.0,0.0
1732028671.5962396,0.0,0.0,0.0
1732028671.6181374,0.0,0.0,0.0
1732028671.6370811,0.0,0.0,0.0
1732028671.6572168,0.0,0.0,0.0
1732028671.6762714,0.0,0.0,0.0
1732028671.6954262,0.0,0.0,0.0
1732028671.717108,0.0,0.0,0.0
1732028671.7379913,0.0,0.0,0.0
1732028671.7566912,0.0,0.0,0.0
1732028671.7772539,0.0,0.0,0.0
1732028671.796246,0.0,0.0,0.0
1732028671.8178933,0.0,0.0,0.0
1732028671.8357239,0.0,0.0,0.0
1732028671.8562005,0.0,0.0,0.0
1732028671.8775156,0.0,0.0,0.0
1732028671.8966663,0.0,0.0,0.0
1732028671.9161627,0.0,0.0,0.0
1732028671.935859,0.0,0.0,0.0
1732028671.9575572,0.0,0.0,0.0
1732028671.9760077,0.0,0.0,0.0
1732028671.9961941,0.0,0.0,0.0
1732028672.0165095,0.0,0.0,0.0
1732028672.0366452,0.0,0.0,0.0
1732028672.0555983,0.0,0.0,0.0
1732028672.0762715,0.0,0.0,0.0
1732028672.0956364,0.0,0.0,0.0
1732028672.1159713,0.0,0.0,0.0
1732028672.1360705,0.0,0.0,0.0
1732028672.1580486,0.0,0.0,0.0
1732028672.176312,0.0,0.0,0.0
1732028672.1958733,0.0,0.0,0.0
1732028672.2160149,0.0,0.0,0.0
1732028672.236866,0.0,0.0,0.0
1732028672.2560618,0.0,0.0,0.0
1732028672.2779655,0.0,0.0,0.0
1732028672.2962012,0.0,0.0,0.0
1732028672.3185887,0.0,0.0,0.0
1732028672.3366375,0.0,0.0,0.0
1732028672.355614,0.0,0.0,0.0
1732028672.377989,0.0,0.0,0.0
1732028672.3962786,0.0,0.0,0.0
1732028672.4162607,0.0,0.0,0.0
1732028672.4370325,0.0,0.0,0.0
1732028672.4559174,0.0,0.0,0.0
1732028672.4761863,0.0,0.0,0.0
1732028672.4972844,0.0,0.0,0.0
1732028672.5164523,0.0,0.0,0.0
1732028672.536462,0.0,0.0,0.0
1732028672.5561175,0.0,0.0,0.0
1732028672.57608,0.0,0.0,0.0
1732028672.598366,0.0,0.0,0.0
1732028672.616409,0.0,0.0,0.0
1732028672.6366131,0.0,0.0,0.0
1732028672.6559925,0.0,0.0,0.0
1732028672.6769097,0.0,0.0,0.0
1732028672.6965833,0.0,0.0,0.0
1732028672.7154973,0.0,0.0,0.0
1732028672.7362506,0.0,0.0,0.0
1732028672.7561853,0.0,0.0,0.0
1732028672.7756238,0.0,0.0,0.0
1732028672.7955437,0.0,0.0,0.0
1732028672.8159237,0.0,0.0,0.0
1732028672.8361342,0.0,0.0,0.0
1732028672.855577,0.0,0.0,0.0
1732028672.8772874,0.0,0.0,0.0
1732028672.8956,0.0,0.0,0.0
1732028672.916345,0.0,0.0,0.0
1732028672.9366744,0.0,0.0,0.0
1732028672.9557335,0.0,0.0,0.0
1732028672.9765515,0.0,0.0,0.0
1732028672.996075,0.0,0.0,0.0
1732028673.0177372,0.0,0.0,0.0
1732028673.0370347,0.0,0.0,0.0
1732028673.056093,0.0,0.0,0.0
1732028673.0763812,0.0,0.0,0.0
1732028673.0964618,0.0,0.0,0.0
1732028673.1156545,0.0,0.0,0.0
1732028673.1356947,0.0,0.0,0.0
1732028673.1563823,0.0,0.0,0.0
1732028673.1761267,0.0,0.0,0.0
1732028673.19595,0.0,0.0,0.0
1732028673.2156966,0.0,0.0,0.0
1732028673.238767,0.0,0.0,0.0
1732028673.2567353,0.0,0.0,0.0
1732028673.2754767,0.0,0.0,0.0
1732028673.2962618,0.0,0.0,0.0
1732028673.3166134,0.0,0.0,0.0
1732028673.3363538,0.0,0.0,0.0
1732028673.3561895,0.0,0.0,0.0
1732028673.3761842,0.0,0.0,0.0
1732028673.3955603,0.0,0.0,0.0
1732028673.4167132,0.0,0.0,0.0
1732028673.4382074,0.0,0.0,0.0
1732028673.4558103,0.0,0.0,0.0
1732028673.4766572,0.0,0.0,0.0
1732028673.495799,0.0,0.0,0.0
1732028673.5165462,0.0,0.0,0.0
1732028673.5399778,0.0,0.0,0.0
1732028673.5563982,0.0,0.0,0.0
1732028673.577305,0.0,0.0,0.0
1732028673.5961015,0.0,0.0,0.0
1732028673.6163106,0.0,0.0,0.0
1732028673.6361003,0.0,0.0,0.0
1732028673.6578565,0.0,0.0,0.0
1732028673.6757,0.0,0.0,0.0
1732028673.6955545,0.0,0.0,0.0
1732028673.7155523,0.0,0.0,0.0
1732028673.7364063,0.0,0.0,0.0
1732028673.7556722,0.0,0.0,0.0
1732028673.775585,0.0,0.0,0.0
1732028673.7958825,0.0,0.0,0.0
1732028673.8169234,0.0,0.0,0.0
1732028673.8358347,0.0,0.0,0.0
1732028673.8567157,0.0,0.0,0.0
1732028673.8757565,0.0,0.0,0.0
1732028673.8984728,0.0,0.0,0.0
1732028673.9160879,0.0,0.0,0.0
1732028673.9356427,0.0,0.0,0.0
1732028673.9557884,0.0,0.0,0.0
1732028673.9762769,0.0,0.0,0.0
1732028673.9957542,0.0,0.0,0.0
1732028674.016175,0.0,0.0,0.0
1732028674.0363116,0.0,0.0,0.0
1732028674.055919,0.0,0.0,0.0
1732028674.0756571,0.0,0.0,0.0
1732028674.0965493,0.0,0.0,0.0
1732028674.117196,0.0,0.0,0.0
1732028674.1362312,0.0,0.0,0.0
1732028674.1558895,0.0,0.0,0.0
1732028674.175612,0.0,0.0,0.0
1732028674.1963682,0.0,0.0,0.0
1732028674.2168765,0.0,0.0,0.0
1732028674.2366195,0.0,0.0,0.0
1732028674.25637,0.0,0.0,0.0
1732028674.2764919,0.0,0.0,0.0
1732028674.299891,0.0,0.0,0.0
1732028674.3189125,0.0,0.0,0.0
1732028674.3364468,0.0,0.0,0.0
1732028674.3585958,0.0,0.0,0.0
1732028674.3759296,0.0,0.0,0.0
1732028674.396465,0.0,0.0,0.0
1732028674.4167125,0.0,0.0,0.0
1732028674.4368927,0.0,0.0,0.0
1732028674.4560766,0.0,0.0,0.0
1732028674.4762616,0.0,0.0,0.0
1732028674.4969437,0.0,0.0,0.0
1732028674.517185,0.0,0.0,0.0
1732028674.535721,0.0,0.0,0.0
1732028674.5556524,0.0,0.0,0.0
1732028674.5759075,0.0,0.0,0.0
1732028674.5967712,0.0,0.0,0.0
1732028674.6161997,0.0,0.0,0.0
1732028674.6363475,0.0,0.0,0.0
1732028674.6581826,0.0,0.0,0.0
1732028674.6764297,0.0,0.0,0.0
1732028674.6959891,0.0,0.0,0.0
1732028674.7170603,0.0,0.0,0.0
1732028674.736144,0.0,0.0,0.0
1732028674.7559319,0.0,0.0,0.0
1732028674.775624,0.0,0.0,0.0
1732028674.795956,0.0,0.0,0.0
1732028674.8160796,0.0,0.0,0.0
1732028674.8360157,0.0,0.0,0.0
1732028674.8557456,0.0,0.0,0.0
1732028674.8758802,0.0,0.0,0.0
1732028674.895425,0.0,0.0,0.0
1732028674.9161465,0.0,0.0,0.0
1732028674.9356391,0.0,0.0,0.0
1732028674.9561825,0.0,0.0,0.0
1732028674.9756544,0.0,0.0,0.0
1732028674.9960756,0.0,0.0,0.0
1732028675.0202322,0.0,0.0,0.0
1732028675.0357327,0.0,0.0,0.0
1732028675.0561464,0.0,0.0,0.0
1732028675.0766017,0.0,0.0,0.0
1732028675.0963216,0.0,0.0,0.0
1732028675.116264,0.0,0.0,0.0
1732028675.1365747,0.0,0.0,0.0
1732028675.1572351,0.0,0.0,0.0
1732028675.1759944,0.0,0.0,0.0
1732028675.1956646,0.0,0.0,0.0
1732028675.217567,0.0,0.0,0.0
1732028675.2358556,0.0,0.0,0.0
1732028675.2581205,0.0,0.0,0.0
1732028675.27811,0.0,0.0,0.0
1732028675.2978318,0.0,0.0,0.0
1732028675.3154693,0.0,0.0,0.0
1732028675.3365457,0.0,0.0,0.0
1732028675.3561115,0.0,0.0,0.0
1732028675.3759112,0.0,0.0,0.0
1732028675.39602,0.0,0.0,0.0
1732028675.4155605,0.0,0.0,0.0
1732028675.4360473,0.0,0.0,0.0
1732028675.4569192,0.0,0.0,0.0
1732028675.4760935,0.0,0.0,0.0
1732028675.496077,0.0,0.0,0.0
1732028675.5183446,0.0,0.0,0.0
1732028675.5360467,0.0,0.0,0.0
1732028675.556629,0.0,0.0,0.0
1732028675.5755231,0.0,0.0,0.0
1732028675.59659,0.0,0.0,0.0
1732028675.615993,0.0,0.0,0.0
1732028675.6363463,0.0,0.0,0.0
1732028675.6583729,0.0,0.0,0.0
1732028675.6757967,0.0,0.0,0.0
1732028675.6953878,0.0,0.0,0.0
1732028675.7165248,0.0,0.0,0.0
1732028675.735783,0.0,0.0,0.0
1732028675.7556112,0.0,0.0,0.0
1732028675.7772253,0.0,0.0,0.0
1732028675.795887,0.0,0.0,0.0
1732028675.8157413,0.0,0.0,0.0
1732028675.8357046,0.0,0.0,0.0
1732028675.8560102,0.0,0.0,0.0
1732028675.8794253,0.0,0.0,0.0
1732028675.8988144,0.0,0.0,0.0
1732028675.916192,0.0,0.0,0.0
1732028675.935894,0.0,0.0,0.0
1732028675.956479,0.0,0.0,0.0
1732028675.9765074,0.0,0.0,0.0
1732028675.9960113,0.0,0.0,0.0
1732028676.0163143,0.0,0.0,0.0
1732028676.0356853,0.0,0.0,0.0
1732028676.056186,0.0,0.0,0.0
1732028676.0757108,0.0,0.0,0.0
1732028676.0957272,0.0,0.0,0.0
1732028676.1157136,0.0,0.0,0.0
1732028676.1356275,0.0,0.0,0.0
1732028676.1569045,0.0,0.0,0.0
1732028676.1762424,0.0,0.0,0.0
1732028676.1977298,0.0,0.0,0.0
1732028676.2162118,0.0,0.0,0.0
1732028676.2364702,0.0,0.0,0.0
1732028676.2587547,0.0,0.0,0.0
1732028676.2756069,0.0,0.0,0.0
1732028676.2962348,0.0,0.0,0.0
1732028676.3161964,0.0,0.0,0.0
1732028676.3359826,0.0,0.0,0.0
1732028676.355649,0.0,0.0,0.0
1732028676.3759234,0.0,0.0,0.0
1732028676.3955638,0.0,0.0,0.0
1732028676.4165843,0.0,0.0,0.0
1732028676.4355392,0.0,0.0,0.0
1732028676.4586453,0.0,0.0,0.0
1732028676.4763834,0.0,0.0,0.0
1732028676.496,0.0,0.0,0.0
1732028676.516404,0.0,0.0,0.0
1732028676.5364838,0.0,0.0,0.0
1732028676.5571651,0.0,0.0,0.0
1732028676.5758488,0.0,0.0,0.0
1732028676.5953846,0.0,0.0,0.0
1732028676.61564,0.0,0.0,0.0
1732028676.636568,0.0,0.0,0.0
1732028676.6562037,0.0,0.0,0.0
1732028676.6758153,0.0,0.0,0.0
1732028676.6963725,0.0,0.0,0.0
1732028676.7155848,0.0,0.0,0.0
1732028676.736637,0.0,0.0,0.0
1732028676.7557058,0.0,0.0,0.0
1732028676.7783322,0.0,0.0,0.0
1732028676.7966774,0.0,0.0,0.0
1732028676.8161685,0.0,0.0,0.0
1732028676.8361208,0.0,0.0,0.0
1732028676.8580818,0.0,0.0,0.0
1732028676.8756971,0.0,0.0,0.0
1732028676.8960562,0.0,0.0,0.0
1732028676.9167683,0.0,0.0,0.0
1732028676.93579,0.0,0.0,0.0
1732028676.956806,0.0,0.0,0.0
1732028676.9765842,0.0,0.0,0.0
1732028676.9963017,0.0,0.0,0.0
1732028677.0157588,0.0,0.0,0.0
1732028677.0358558,0.0,0.0,0.0
1732028677.0560327,0.0,0.0,0.0
1732028677.0760138,0.0,0.0,0.0
1732028677.1005485,0.0,0.0,0.0
1732028677.1163454,0.0,0.0,0.0
1732028677.136054,0.0,0.0,0.0
1732028677.156241,0.0,0.0,0.0
1732028677.1763864,0.0,0.0,0.0
1732028677.1965475,0.0,0.0,0.0
1732028677.2161245,0.0,0.0,0.0
1732028677.2407339,0.0,0.0,0.0
1732028677.2582943,0.0,0.0,0.0
1732028677.2763538,0.0,0.0,0.0
1732028677.296166,0.0,0.0,0.0
1732028677.3158667,0.0,0.0,0.0
1732028677.3362038,0.0,0.0,0.0
1732028677.3565383,0.0,0.0,0.0
1732028677.377566,0.0,0.0,0.0
1732028677.3967657,0.0,0.0,0.0
1732028677.41794,0.0,0.0,0.0
1732028677.4382534,0.0,0.0,0.0
1732028677.4561431,0.0,0.0,0.0
1732028677.4761481,0.0,0.0,0.0
1732028677.496099,0.0,0.0,0.0
1732028677.5179057,0.0,0.0,0.0
1732028677.536027,0.0,0.0,0.0
1732028677.5559437,0.0,0.0,0.0
1732028677.5764296,0.0,0.0,0.0
1732028677.5971444,0.0,0.0,0.0
1732028677.6157427,0.0,0.0,0.0
1732028677.6361763,0.0,0.0,0.0
1732028677.655888,0.0,0.0,0.0
1732028677.6760995,0.0,0.0,0.0
1732028677.6958866,0.0,0.0,0.0
1732028677.7159622,0.0,0.0,0.0
1732028677.7359493,0.0,0.0,0.0
1732028677.7560527,0.0,0.0,0.0
1732028677.775969,0.0,0.0,0.0
1732028677.796375,0.0,0.0,0.0
1732028677.815976,0.0,0.0,0.0
1732028677.835714,0.0,0.0,0.0
1732028677.8561976,0.0,0.0,0.0
1732028677.8758812,0.0,0.0,0.0
1732028677.8959785,0.0,0.0,0.0
1732028677.9162638,0.0,0.0,0.0
1732028677.936375,0.0,0.0,0.0
1732028677.9559188,0.0,0.0,0.0
1732028677.9798932,0.0,0.0,0.0
1732028677.996323,0.0,0.0,0.0
1732028678.0157936,0.0,0.0,0.0
1732028678.0363722,0.0,0.0,0.0
1732028678.0566106,0.0,0.0,0.0
1732028678.076758,0.0,0.0,0.0
1732028678.0973642,0.0,0.0,0.0
1732028678.1156812,0.0,0.0,0.0
1732028678.1359184,0.0,0.0,0.0
1732028678.156308,0.0,0.0,0.0
1732028678.1756933,0.0,0.0,0.0
1732028678.196586,0.0,0.0,0.0
1732028678.2157488,0.0,0.0,0.0
1732028678.2399397,0.0,0.0,0.0
1732028678.2553885,0.0,0.0,0.0
1732028678.275715,0.0,0.0,0.0
1732028678.2953105,0.0,0.0,0.0
1732028678.3167627,0.0,0.0,0.0
1732028678.3362598,0.0,0.0,0.0
1732028678.3562663,0.0,0.0,0.0
1732028678.3759882,0.0,0.0,0.0
1732028678.3959777,0.0,0.0,0.0
1732028678.4157007,0.0,0.0,0.0
1732028678.437813,0.0,0.0,0.0
1732028678.4630754,0.0,0.0,0.0
1732028678.4774022,0.0,0.0,0.0
1732028678.4963927,0.0,0.0,0.0
1732028678.5156698,0.0,0.0,0.0
1732028678.5373752,0.0,0.0,0.0
1732028678.5562677,0.0,0.0,0.0
1732028678.57675,0.0,0.0,0.0
1732028678.5963616,0.0,0.0,0.0
1732028678.6155407,0.0,0.0,0.0
1732028678.636665,0.0,0.0,0.0
1732028678.6567893,0.0,0.0,0.0
1732028678.6776042,0.0,0.0,0.0
1732028678.6957295,0.0,0.0,0.0
1732028678.7162595,0.0,0.0,0.0
1732028678.7377617,0.0,0.0,0.0
1732028678.7557282,0.0,0.0,0.0
1732028678.777004,0.0,0.0,0.0
1732028678.7958078,0.0,0.0,0.0
1732028678.8181212,0.0,0.0,0.0
1732028678.8354778,0.0,0.0,0.0
1732028678.8553882,0.0,0.0,0.0
1732028678.8753016,0.0,0.0,0.0
1732028678.8966525,0.0,0.0,0.0
1732028678.9155152,0.0,0.0,0.0
1732028678.9404526,0.0,0.0,0.0
1732028678.9565234,0.0,0.0,0.0
1732028678.9757023,0.0,0.0,0.0
1732028678.99588,0.0,0.0,0.0
1732028679.0160112,0.0,0.0,0.0
1732028679.0367544,0.0,0.0,0.0
1732028679.0564828,0.0,0.0,0.0
1732028679.077666,0.0,0.0,0.0
1732028679.0974123,0.0,0.0,0.0
1732028679.117944,0.0,0.0,0.0
1732028679.1359487,0.0,0.0,0.0
1732028679.155395,0.0,0.0,0.0
1732028679.1756651,0.0,0.0,0.0
1732028679.195577,0.0,0.0,0.0
1732028679.216038,0.0,0.0,0.0
1732028679.2370288,0.0,0.0,0.0
1732028679.2571557,0.0,0.0,0.0
1732028679.2766669,0.0,0.0,0.0
1732028679.2961192,0.0,0.0,0.0
1732028679.315543,0.0,0.0,0.0
1732028679.335591,0.0,0.0,0.0
1732028679.3565948,0.0,0.0,0.0
1732028679.3763878,0.0,0.0,0.0
1732028679.3954506,0.0,0.0,0.0
1732028679.4154603,0.0,0.0,0.0
1732028679.4356747,0.0,0.0,0.0
1732028679.4556575,0.0,0.0,0.0
1732028679.4769073,0.0,0.0,0.0
1732028679.4959497,0.0,0.0,0.0
1732028679.5173564,0.0,0.0,0.0
1732028679.5366507,0.0,0.0,0.0
1732028679.555604,0.0,0.0,0.0
1732028679.5760005,0.0,0.0,0.0
1732028679.5969193,0.0,0.0,0.0
1732028679.6186123,0.0,0.0,0.0
1732028679.635506,0.0,0.0,0.0
1732028679.6563432,0.0,0.0,0.0
1732028679.6778107,0.0,0.0,0.0
1732028679.696136,0.0,0.0,0.0
1732028679.7158973,0.0,0.0,0.0
1732028679.7383168,0.0,0.0,0.0
1732028679.7560973,0.0,0.0,0.0
1732028679.776109,0.0,0.0,0.0
1732028679.7972937,0.0,0.0,0.0
1732028679.816461,0.0,0.0,0.0
1732028679.8354807,0.0,0.0,0.0
1732028679.8562121,0.0,0.0,0.0
1732028679.8763475,0.0,0.0,0.0
1732028679.8955684,0.0,0.0,0.0
1732028679.9167473,0.0,0.0,0.0
1732028679.9375443,0.0,0.0,0.0
1732028679.9563553,0.0,0.0,0.0
1732028679.975642,0.0,0.0,0.0
1732028679.9959803,0.0,0.0,0.0
1732028680.0172055,0.0,0.0,0.0
1732028680.0356314,0.0,0.0,0.0
1732028680.055793,0.0,0.0,0.0
1732028680.0755827,0.0,0.0,0.0
1732028680.0962873,0.0,0.0,0.0
1732028680.115881,0.0,0.0,0.0
1732028680.1359951,0.0,0.0,0.0
1732028680.156352,0.0,0.0,0.0
1732028680.1754508,0.0,0.0,0.0
1732028680.1953545,0.0,0.0,0.0
1732028680.2160478,0.0,0.0,0.0
1732028680.2357843,0.0,0.0,0.0
1732028680.2553988,0.0,0.0,0.0
1732028680.2758105,0.0,0.0,0.0
1732028680.299609,0.0,0.0,0.0
1732028680.3166943,0.0,0.0,0.0
1732028680.3356166,0.0,0.0,0.0
1732028680.355647,0.0,0.0,0.0
1732028680.3771665,0.0,0.0,0.0
1732028680.39607,0.0,0.0,0.0
1732028680.4170713,0.0,0.0,0.0
1732028680.4386678,0.0,0.0,0.0
1732028680.456914,0.0,0.0,0.0
1732028680.475829,0.0,0.0,0.0
1732028680.4977548,0.0,0.0,0.0
1732028680.515696,0.0,0.0,0.0
1732028680.5360475,0.0,0.0,0.0
1732028680.5555983,0.0,0.0,0.0
1732028680.5779345,0.0,0.0,0.0
1732028680.5964928,0.0,0.0,0.0
1732028680.6162634,0.0,0.0,0.0
1732028680.6357534,0.0,0.0,0.0
1732028680.658928,0.0,0.0,0.0
1732028680.675855,0.0,0.0,0.0
1732028680.695554,0.0,0.0,0.0
1732028680.716774,0.0,0.0,0.0
1732028680.7357988,0.0,0.0,0.0
1732028680.7567647,0.0,0.0,0.0
1732028680.7755325,0.0,0.0,0.0
1732028680.795702,0.0,0.0,0.0
1732028680.81564,0.0,0.0,0.0
1732028680.838763,0.0,0.0,0.0
1732028680.8560195,0.0,0.0,0.0
1732028680.8766398,0.0,0.0,0.0
1732028680.896027,0.0,0.0,0.0
1732028680.9174793,0.0,0.0,0.0
1732028680.9356883,0.0,0.0,0.0
1732028680.9564059,0.0,0.0,0.0
1732028680.9753838,0.0,0.0,0.0
1732028680.9962573,0.0,0.0,0.0
1732028681.0154958,0.0,0.0,0.0
1732028681.0373135,0.0,0.0,0.0
1732028681.05888,0.0,0.0,0.0
1732028681.0785213,0.0,0.0,0.0
1732028681.0975509,0.0,0.0,0.0
1732028681.1168394,0.0,0.0,0.0
1732028681.1362624,0.0,0.0,0.0
1732028681.1561503,0.0,0.0,0.0
1732028681.1756341,0.0,0.0,0.0
1732028681.1960063,0.0,0.0,0.0
1732028681.2157676,0.0,0.0,0.0
1732028681.2355692,0.0,0.0,0.0
1732028681.256479,0.0,0.0,0.0
1732028681.2762825,0.0,0.0,0.0
1732028681.2953606,0.0,0.0,0.0
1732028681.315609,0.0,0.0,0.0
1732028681.3370283,0.0,0.0,0.0
1732028681.3558695,0.0,0.0,0.0
1732028681.3754742,0.0,0.0,0.0
1732028681.3963146,0.0,0.0,0.0
1732028681.4164364,0.0,0.0,0.0
1732028681.439772,0.0,0.0,0.0
1732028681.456788,0.0,0.0,0.0
1732028681.4759696,0.0,0.0,0.0
1732028681.4958596,0.0,0.0,0.0
1732028681.5167558,0.0,0.0,0.0
1732028681.5363183,0.0,0.0,0.0
1732028681.5573523,0.0,0.0,0.0
1732028681.5753336,0.0,0.0,0.0
1732028681.5978858,0.0,0.0,0.0
1732028681.6158953,0.0,0.0,0.0
1732028681.6371405,0.0,0.0,0.0
1732028681.6559596,0.0,0.0,0.0
1732028681.6755667,0.0,0.0,0.0
1732028681.697105,0.0,0.0,0.0
1732028681.716251,0.0,0.0,0.0
1732028681.7365813,0.0,0.0,0.0
1732028681.7571783,0.0,0.0,0.0
1732028681.7777722,0.0,0.0,0.0
1732028681.7954297,0.0,0.0,0.0
1732028681.817126,0.0,0.0,0.0
1732028681.8378267,0.0,0.0,0.0
1732028681.8559809,0.0,0.0,0.0
1732028681.8756332,0.0,0.0,0.0
1732028681.8967738,0.0,0.0,0.0
1732028681.9155366,0.0,0.0,0.0
1732028681.9356518,0.0,0.0,0.0
1732028681.9573693,0.0,0.0,0.0
1732028681.9770544,0.0,0.0,0.0
1732028681.9959016,0.0,0.0,0.0
1732028682.0161097,0.0,0.0,0.0
1732028682.0358846,0.0,0.0,0.0
1732028682.0568495,0.0,0.0,0.0
1732028682.0760214,0.0,0.0,0.0
1732028682.0964463,0.0,0.0,0.0
1732028682.1169603,0.0,0.0,0.0
1732028682.1398175,0.0,0.0,0.0
1732028682.156605,0.0,0.0,0.0
1732028682.1755188,0.0,0.0,0.0
1732028682.196609,0.0,0.0,0.0
1732028682.2155054,0.0,0.0,0.0
1732028682.235609,0.0,0.0,0.0
1732028682.256501,0.0,0.0,0.0
1732028682.276486,0.0,0.0,0.0
1732028682.2971098,0.0,0.0,0.0
1732028682.3179493,0.0,0.0,0.0
1732028682.3355954,0.0,0.0,0.0
1732028682.3581135,0.0,0.0,0.0
1732028682.3758075,0.0,0.0,0.0
1732028682.3956237,0.0,0.0,0.0
1732028682.4180877,0.0,0.0,0.0
1732028682.437771,0.0,0.0,0.0
1732028682.4562569,0.0,0.0,0.0
1732028682.4756792,0.0,0.0,0.0
1732028682.49797,0.0,0.0,0.0
1732028682.5175204,0.0,0.0,0.0
1732028682.5359516,0.0,0.0,0.0
1732028682.5554452,0.0,0.0,0.0
1732028682.5770772,0.0,0.0,0.0
1732028682.595958,0.0,0.0,0.0
1732028682.6160479,0.0,0.0,0.0
1732028682.6361885,0.0,0.0,0.0
1732028682.657036,0.0,0.0,0.0
1732028682.6757898,0.0,0.0,0.0
1732028682.6959975,0.0,0.0,0.0
1732028682.716147,0.0,0.0,0.0
1732028682.7357714,0.0,0.0,0.0
1732028682.7568433,0.0,0.0,0.0
1732028682.7773643,0.0,0.0,0.0
1732028682.796164,0.0,0.0,0.0
1732028682.815938,0.0,0.0,0.0
1732028682.8359618,0.0,0.0,0.0
1732028682.8554702,0.0,0.0,0.0
1732028682.8769517,0.0,0.0,0.0
1732028682.8955903,0.0,0.0,0.0
1732028682.9159973,0.0,0.0,0.0
1732028682.935482,0.0,0.0,0.0
1732028682.955567,0.0,0.0,0.0
1732028682.9758828,0.0,0.0,0.0
1732028683.0003033,0.0,0.0,0.0
1732028683.0162442,0.0,0.0,0.0
1732028683.035381,0.0,0.0,0.0
1732028683.0557432,0.0,0.0,0.0
1732028683.0771558,0.0,0.0,0.0
1732028683.0974991,0.0,0.0,0.0
1732028683.1160324,0.0,0.0,0.0
1732028683.1356728,0.0,0.0,0.0
1732028683.1559157,0.0,0.0,0.0
1732028683.1755664,0.0,0.0,0.0
1732028683.1960442,0.0,0.0,0.0
1732028683.2153685,0.0,0.0,0.0
1732028683.235913,0.0,0.0,0.0
1732028683.255586,0.0,0.0,0.0
1732028683.2754142,0.0,0.0,0.0
1732028683.2977417,0.0,0.0,0.0
1732028683.3154466,0.0,0.0,0.0
1732028683.3365128,0.0,0.0,0.0
1732028683.3562462,0.0,0.0,0.0
1732028683.3758302,0.0,0.0,0.0
1732028683.395408,0.0,0.0,0.0
1732028683.41537,0.0,0.0,0.0
1732028683.436462,0.0,0.0,0.0
1732028683.4560127,0.0,0.0,0.0
1732028683.4761744,0.0,0.0,0.0
1732028683.495578,0.0,0.0,0.0
1732028683.5156698,0.0,0.0,0.0
1732028683.5413616,0.0,0.0,0.0
1732028683.5596776,0.0,0.0,0.0
1732028683.576273,0.0,0.0,0.0
1732028683.5965025,0.0,0.0,0.0
1732028683.6158938,0.0,0.0,0.0
1732028683.6359468,0.0,0.0,0.0
1732028683.6555345,0.0,0.0,0.0
1732028683.6757748,0.0,0.0,0.0
1732028683.6956728,0.0,0.0,0.0
1732028683.7155092,0.0,0.0,0.0
1732028683.7369876,0.0,0.0,0.0
1732028683.7559319,0.0,0.0,0.0
1732028683.775436,0.0,0.0,0.0
1732028683.7961102,0.0,0.0,0.0
1732028683.8154693,0.0,0.0,0.0
1732028683.8363595,0.0,0.0,0.0
1732028683.8556664,0.0,0.0,0.0
1732028683.8790655,0.0,0.0,0.0
1732028683.895798,0.0,0.0,0.0
1732028683.9156454,0.0,0.0,0.0
1732028683.9358764,0.0,0.0,0.0
1732028683.9561417,0.0,0.0,0.0
1732028683.9755783,0.0,0.0,0.0
1732028683.995705,0.0,0.0,0.0
1732028684.016571,0.0,0.0,0.0
1732028684.035571,0.0,0.0,0.0
1732028684.0582867,0.0,0.0,0.0
1732028684.076636,0.0,0.0,0.0
1732028684.097989,0.0,0.0,0.0
1732028684.1166065,0.0,0.0,0.0
1732028684.1353223,0.0,0.0,0.0
1732028684.1557112,0.0,0.0,0.0
1732028684.1759377,0.0,0.0,0.0
1732028684.1995552,0.0,0.0,0.0
1732028684.2164764,0.0,0.0,0.0
1732028684.2355373,0.0,0.0,0.0
1732028684.255577,0.0,0.0,0.0
1732028684.2760825,0.0,0.0,0.0
1732028684.295479,0.0,0.0,0.0
1732028684.3153746,0.0,0.0,0.0
1732028684.3354127,0.0,0.0,0.0
1732028684.3556721,0.0,0.0,0.0
1732028684.3758264,0.0,0.0,0.0
1732028684.3962696,0.0,0.0,0.0
1732028684.416084,0.0,0.0,0.0
1732028684.4357417,0.0,0.0,0.0
1732028684.4597332,0.0,0.0,0.0
1732028684.4757936,0.0,0.0,0.0
1732028684.49565,0.0,0.0,0.0
1732028684.5163488,0.0,0.0,0.0
1732028684.538518,0.0,0.0,0.0
1732028684.556537,0.0,0.0,0.0
1732028684.5760417,0.0,0.0,0.0
1732028684.5968287,0.0,0.0,0.0
1732028684.6167657,0.0,0.0,0.0
1732028684.6361585,0.0,0.0,0.0
1732028684.655679,0.0,0.0,0.0
1732028684.6759949,0.0,0.0,0.0
1732028684.696745,0.0,0.0,0.0
1732028684.7156632,0.0,0.0,0.0
1732028684.7363183,0.0,0.0,0.0
1732028684.758226,0.0,0.0,0.0
1732028684.7754946,0.0,0.0,0.0
1732028684.7957628,0.0,0.0,0.0
1732028684.817157,0.0,0.0,0.0
1732028684.8370903,0.0,0.0,0.0
1732028684.8559444,0.0,0.0,0.0
1732028684.8795557,0.0,0.0,0.0
1732028684.896267,0.0,0.0,0.0
1732028684.9158838,0.0,0.0,0.0
1732028684.9378777,0.0,0.0,0.0
1732028684.956764,0.0,0.0,0.0
1732028684.9756343,0.0,0.0,0.0
1732028684.9953232,0.0,0.0,0.0
1732028685.0159938,0.0,0.0,0.0
1732028685.0386086,0.0,0.0,0.0
1732028685.056926,0.0,0.0,0.0
1732028685.0756028,0.0,0.0,0.0
1732028685.0958571,0.0,0.0,0.0
1732028685.1160882,0.0,0.0,0.0
1732028685.1373184,0.0,0.0,0.0
1732028685.1570635,0.0,0.0,0.0
1732028685.1772132,0.0,0.0,0.0
1732028685.195514,0.0,0.0,0.0
1732028685.217289,0.0,0.0,0.0
1732028685.2372634,0.0,0.0,0.0
1732028685.2583494,0.0,0.0,0.0
1732028685.2775173,0.0,0.0,0.0
1732028685.2994974,0.0,0.0,0.0
1732028685.3155444,0.0,0.0,0.0
1732028685.3359282,0.0,0.0,0.0
1732028685.356869,0.0,0.0,0.0
1732028685.3760118,0.0,0.0,0.0
1732028685.3975084,0.0,0.0,0.0
1732028685.4156349,0.0,0.0,0.0
1732028685.435763,0.0,0.0,0.0
1732028685.4573383,0.0,0.0,0.0
1732028685.4756558,0.0,0.0,0.0
1732028685.4968157,0.0,0.0,0.0
1732028685.5162249,0.0,0.0,0.0
1732028685.536542,0.0,0.0,0.0
1732028685.556583,0.0,0.0,0.0
1732028685.575969,0.0,0.0,0.0
1732028685.5972896,0.0,0.0,0.0
1732028685.6155448,0.0,0.0,0.0
1732028685.6359506,0.0,0.0,0.0
1732028685.6659143,0.0,0.0,0.0
1732028685.677425,0.0,0.0,0.0
1732028685.6960244,0.0,0.0,0.0
1732028685.71563,0.0,0.0,0.0
1732028685.7361174,0.0,0.0,0.0
1732028685.7581599,0.0,0.0,0.0
1732028685.7753444,0.0,0.0,0.0
1732028685.79659,0.0,0.0,0.0
1732028685.8153787,0.0,0.0,0.0
1732028685.8354661,0.0,0.0,0.0
1732028685.8554165,0.0,0.0,0.0
1732028685.8775322,0.0,0.0,0.0
1732028685.8953345,0.0,0.0,0.0
1732028685.9156604,0.0,0.0,0.0
1732028685.9354436,0.0,0.0,0.0
1732028685.955771,0.0,0.0,0.0
1732028685.9784632,0.0,0.0,0.0
1732028685.995686,0.0,0.0,0.0
1732028686.0154529,0.0,0.0,0.0
1732028686.036191,0.0,0.0,0.0
1732028686.056221,0.0,0.0,0.0
1732028686.0755684,0.0,0.0,0.0
1732028686.0954301,0.0,0.0,0.0
1732028686.1167657,0.0,0.0,0.0
1732028686.1360207,0.0,0.0,0.0
1732028686.155643,0.0,0.0,0.0
1732028686.1756241,0.0,0.0,0.0
1732028686.1955907,0.0,0.0,0.0
1732028686.2160785,0.0,0.0,0.0
1732028686.2368,0.0,0.0,0.0
1732028686.257835,0.0,0.0,0.0
1732028686.2772684,0.0,0.0,0.0
1732028686.2961216,0.0,0.0,0.0
1732028686.3186786,0.0,0.0,0.0
1732028686.3361096,0.0,0.0,0.0
1732028686.3555906,0.0,0.0,0.0
1732028686.3761888,0.0,0.0,0.0
1732028686.3964016,0.0,0.0,0.0
1732028686.4156582,0.0,0.0,0.0
1732028686.4384823,0.0,0.0,0.0
1732028686.4558306,0.0,0.0,0.0
1732028686.4762907,0.0,0.0,0.0
1732028686.496659,0.0,0.0,0.0
1732028686.5165887,0.0,0.0,0.0
1732028686.5364778,0.0,0.0,0.0
1732028686.5562472,0.0,0.0,0.0
1732028686.5769484,0.0,0.0,0.0
1732028686.596207,0.0,0.0,0.0
1732028686.6156974,0.0,0.0,0.0
1732028686.6362836,0.0,0.0,0.0
1732028686.6555827,0.0,0.0,0.0
1732028686.6758208,0.0,0.0,0.0
1732028686.69575,0.0,0.0,0.0
1732028686.7162602,0.0,0.0,0.0
1732028686.7365835,0.0,0.0,0.0
1732028686.7565424,0.0,0.0,0.0
1732028686.7762396,0.0,0.0,0.0
1732028686.7957373,0.0,0.0,0.0
1732028686.8158934,0.0,0.0,0.0
1732028686.8359606,0.0,0.0,0.0
1732028686.855934,0.0,0.0,0.0
1732028686.8758957,0.0,0.0,0.0
1732028686.8956048,0.0,0.0,0.0
1732028686.9199476,0.0,0.0,0.0
1732028686.936272,0.0,0.0,0.0
1732028686.955452,0.0,0.0,0.0
1732028686.9760828,0.0,0.0,0.0
1732028686.9955375,0.0,0.0,0.0
1732028687.0163088,0.0,0.0,0.0
1732028687.0390923,0.0,0.0,0.0
1732028687.0573688,0.0,0.0,0.0
1732028687.077784,0.0,0.0,0.0
1732028687.100255,0.0,0.0,0.0
1732028687.118265,0.0,0.0,0.0
1732028687.136506,0.0,0.0,0.0
1732028687.1559846,0.0,0.0,0.0
1732028687.178969,0.0,0.0,0.0
1732028687.1957448,0.0,0.0,0.0
1732028687.216527,0.0,0.0,0.0
1732028687.2386544,0.0,0.0,0.0
1732028687.2559114,0.0,0.0,0.0
1732028687.276114,0.0,0.0,0.0
1732028687.295414,0.0,0.0,0.0
1732028687.3166068,0.0,0.0,0.0
1732028687.3355556,0.0,0.0,0.0
1732028687.358663,0.0,0.0,0.0
1732028687.375511,0.0,0.0,0.0
1732028687.399934,0.0,0.0,0.0
1732028687.4154894,0.0,0.0,0.0
1732028687.4359076,0.0,0.0,0.0
1732028687.4553447,0.0,0.0,0.0
1732028687.47672,0.0,0.0,0.0
1732028687.4956818,0.0,0.0,0.0
1732028687.515601,0.0,0.0,0.0
1732028687.5381699,0.0,0.0,0.0
1732028687.556066,0.0,0.0,0.0
1732028687.576061,0.0,0.0,0.0
1732028687.5963476,0.0,0.0,0.0
1732028687.615482,0.0,0.0,0.0
1732028687.6397812,0.0,0.0,0.0
1732028687.6557093,0.0,0.0,0.0
1732028687.6768534,0.0,0.0,0.0
1732028687.695674,0.0,0.0,0.0
1732028687.7156372,0.0,0.0,0.0
1732028687.735509,0.0,0.0,0.0
1732028687.7562103,0.0,0.0,0.0
1732028687.7755525,0.0,0.0,0.0
1732028687.7977297,0.0,0.0,0.0
1732028687.815648,0.0,0.0,0.0
1732028687.8366032,0.0,0.0,0.0
1732028687.8557143,0.0,0.0,0.0
1732028687.875929,0.0,0.0,0.0
1732028687.8960102,0.0,0.0,0.0
1732028687.9156492,0.0,0.0,0.0
1732028687.9354324,0.0,0.0,0.0
1732028687.9559379,0.0,0.0,0.0
1732028687.9776096,0.0,0.0,0.0
1732028687.9954932,0.0,0.0,0.0
1732028688.015991,0.0,0.0,0.0
1732028688.0380685,0.0,0.0,0.0
1732028688.0556066,0.0,0.0,0.0
1732028688.0754478,0.0,0.0,0.0
1732028688.0954676,0.0,0.0,0.0
1732028688.1158109,0.0,0.0,0.0
1732028688.1364834,0.0,0.0,0.0
1732028688.1553752,0.0,0.0,0.0
1732028688.175547,0.0,0.0,0.0
1732028688.1954563,0.0,0.0,0.0
1732028688.2156613,0.0,0.0,0.0
1732028688.2363183,0.0,0.0,0.0
1732028688.259765,0.0,0.0,0.0
1732028688.2799225,0.0,0.0,0.0
1732028688.2958152,0.0,0.0,0.0
1732028688.3178535,0.0,0.0,0.0
1732028688.3355348,0.0,0.0,0.0
1732028688.3555515,0.0,0.0,0.0
1732028688.3811147,0.0,0.0,0.0
1732028688.3958702,0.0,0.0,0.0
1732028688.4163527,0.0,0.0,0.0
1732028688.4364994,0.0,0.0,0.0
1732028688.4567444,0.0,0.0,0.0
1732028688.4777613,0.0,0.0,0.0
1732028688.4954104,0.0,0.0,0.0
1732028688.5161154,0.0,0.0,0.0
1732028688.5356987,0.0,0.0,0.0
1732028688.5557706,0.0,0.0,0.0
1732028688.5766344,0.0,0.0,0.0
1732028688.5957294,0.0,0.0,0.0
1732028688.616213,0.0,0.0,0.0
1732028688.6367002,0.0,0.0,0.0
1732028688.655741,0.0,0.0,0.0
1732028688.6764517,0.0,0.0,0.0
1732028688.6972306,0.0,0.0,0.0
1732028688.7184951,0.0,0.0,0.0
1732028688.7360237,0.0,0.0,0.0
1732028688.755582,0.0,0.0,0.0
1732028688.7757082,0.0,0.0,0.0
1732028688.7969975,0.0,0.0,0.0
1732028688.8165348,0.0,0.0,0.0
1732028688.8356109,0.0,0.0,0.0
1732028688.8556166,0.0,0.0,0.0
1732028688.8766649,0.0,0.0,0.0
1732028688.8956459,0.0,0.0,0.0
1732028688.9171455,0.0,0.0,0.0
1732028688.9357147,0.0,0.0,0.0
1732028688.95679,0.0,0.0,0.0
1732028688.9760587,0.0,0.0,0.0
1732028688.9956126,0.0,0.0,0.0
1732028689.0185106,0.0,0.0,0.0
1732028689.0372396,0.0,0.0,0.0
1732028689.0561407,0.0,0.0,0.0
1732028689.0757668,0.0,0.0,0.0
1732028689.0960412,0.0,0.0,0.0
1732028689.115907,0.0,0.0,0.0
1732028689.135689,0.0,0.0,0.0
1732028689.1559703,0.0,0.0,0.0
1732028689.1753752,0.0,0.0,0.0
1732028689.196081,0.0,0.0,0.0
1732028689.2180774,0.0,0.0,0.0
1732028689.235622,0.0,0.0,0.0
1732028689.257885,0.0,0.0,0.0
1732028689.2762687,0.0,0.0,0.0
1732028689.295517,0.0,0.0,0.0
1732028689.3159127,0.0,0.0,0.0
1732028689.335742,0.0,0.0,0.0
1732028689.3566036,0.0,0.0,0.0
1732028689.3760574,0.0,0.0,0.0
1732028689.395427,0.0,0.0,0.0
1732028689.416872,0.0,0.0,0.0
1732028689.4358974,0.0,0.0,0.0
1732028689.4561703,0.0,0.0,0.0
1732028689.4755769,0.0,0.0,0.0
1732028689.4955013,0.0,0.0,0.0
1732028689.5159407,0.0,0.0,0.0
1732028689.5356052,0.0,0.0,0.0
1732028689.5556445,0.0,0.0,0.0
1732028689.5754812,0.0,0.0,0.0
1732028689.5967875,0.0,0.0,0.0
1732028689.6157954,0.0,0.0,0.0
1732028689.6364982,0.0,0.0,0.0
1732028689.656721,0.0,0.0,0.0
1732028689.6754866,0.0,0.0,0.0
1732028689.6959968,0.0,0.0,0.0
1732028689.715587,0.0,0.0,0.0
1732028689.7364948,0.0,0.0,0.0
1732028689.7565541,0.0,0.0,0.0
1732028689.7756512,0.0,0.0,0.0
1732028689.8004527,0.0,0.0,0.0
1732028689.8168566,0.0,0.0,0.0
1732028689.836101,0.0,0.0,0.0
1732028689.859665,0.0,0.0,0.0
1732028689.878307,0.0,0.0,0.0
1732028689.895478,0.0,0.0,0.0
1732028689.9161987,0.0,0.0,0.0
1732028689.9362316,0.0,0.0,0.0
1732028689.9555798,0.0,0.0,0.0
1732028689.9756386,0.0,0.0,0.0
1732028689.9961278,0.0,0.0,0.0
1732028690.0156415,0.0,0.0,0.0
1732028690.035571,0.0,0.0,0.0
1732028690.055691,0.0,0.0,0.0
1732028690.075709,0.0,0.0,0.0
1732028690.096152,0.0,0.0,0.0
1732028690.1213849,0.0,0.0,0.0
1732028690.1354597,0.0,0.0,0.0
1732028690.1558974,0.0,0.0,0.0
1732028690.1758523,0.0,0.0,0.0
1732028690.1961637,0.0,0.0,0.0
1732028690.2178357,0.0,0.0,0.0
1732028690.2369697,0.0,0.0,0.0
1732028690.2556362,0.0,0.0,0.0
1732028690.2760708,0.0,0.0,0.0
1732028690.2960575,0.0,0.0,0.0
1732028690.3153145,0.0,0.0,0.0
1732028690.335659,0.0,0.0,0.0
1732028690.3555722,0.0,0.0,0.0
1732028690.3761976,0.0,0.0,0.0
1732028690.395869,0.0,0.0,0.0
1732028690.4160357,0.0,0.0,0.0
1732028690.4365494,0.0,0.0,0.0
1732028690.4557378,0.0,0.0,0.0
1732028690.4758942,0.0,0.0,0.0
1732028690.4965484,0.0,0.0,0.0
1732028690.5156982,0.0,0.0,0.0
1732028690.535508,0.0,0.0,0.0
1732028690.557153,0.0,0.0,0.0
1732028690.575699,0.0,0.0,0.0
1732028690.5973797,0.0,0.0,0.0
1732028690.6156862,0.0,0.0,0.0
1732028690.6391993,0.0,0.0,0.0
1732028690.6559236,0.0,0.0,0.0
1732028690.6775615,0.0,0.0,0.0
1732028690.6957383,0.0,0.0,0.0
1732028690.7155874,0.0,0.0,0.0
1732028690.7360814,0.0,0.0,0.0
1732028690.7554219,0.0,0.0,0.0
1732028690.7755766,0.0,0.0,0.0
1732028690.7956274,0.0,0.0,0.0
1732028690.8156068,0.0,0.0,0.0
1732028690.8358839,0.0,0.0,0.0
1732028690.8566232,0.0,0.0,0.0
1732028690.8760262,0.0,0.0,0.0
1732028690.8961523,0.0,0.0,0.0
1732028690.9163308,0.0,0.0,0.0
1732028690.9392912,0.0,0.0,0.0
1732028690.9554126,0.0,0.0,0.0
1732028690.9753542,0.0,0.0,0.0
1732028690.9954996,0.0,0.0,0.0
1732028691.015429,0.0,0.0,0.0
1732028691.035387,0.0,0.0,0.0
1732028691.0565193,0.0,0.0,0.0
1732028691.0758896,0.0,0.0,0.0
1732028691.0962512,0.0,0.0,0.0
1732028691.1167905,0.0,0.0,0.0
1732028691.136074,0.0,0.0,0.0
1732028691.1554384,0.0,0.0,0.0
1732028691.175495,0.0,0.0,0.0
1732028691.1960766,0.0,0.0,0.0
1732028691.2157457,0.0,0.0,0.0
1732028691.2352984,0.0,0.0,0.0
1732028691.255962,0.0,0.0,0.0
1732028691.2771664,0.0,0.0,0.0
1732028691.2959118,0.0,0.0,0.0
1732028691.315882,0.0,0.0,0.0
1732028691.3356907,0.0,0.0,0.0
1732028691.356407,0.0,0.0,0.0
1732028691.3756313,0.0,0.0,0.0
1732028691.3961222,0.0,0.0,0.0
1732028691.4156127,0.0,0.0,0.0
1732028691.4355772,0.0,0.0,0.0
1732028691.4575465,0.0,0.0,0.0
1732028691.4767077,0.0,0.0,0.0
1732028691.4991746,0.0,0.0,0.0
1732028691.516462,0.0,0.0,0.0
1732028691.5361054,0.0,0.0,0.0
1732028691.5556517,0.0,0.0,0.0
1732028691.575361,0.0,0.0,0.0
1732028691.595854,0.0,0.0,0.0
1732028691.6169698,0.0,0.0,0.0
1732028691.635661,0.0,0.0,0.0
1732028691.6575592,0.0,0.0,0.0
1732028691.6756573,0.0,0.0,0.0
1732028691.6971006,0.0,0.0,0.0
1732028691.7158527,0.0,0.0,0.0
1732028691.7355742,0.0,0.0,0.0
1732028691.7555392,0.0,0.0,0.0
1732028691.7767675,0.0,0.0,0.0
1732028691.7979033,0.0,0.0,0.0
1732028691.816023,0.0,0.0,0.0
1732028691.8366294,0.0,0.0,0.0
1732028691.857093,0.0,0.0,0.0
1732028691.87949,0.0,0.0,0.0
1732028691.8962393,0.0,0.0,0.0
1732028691.9171803,0.0,0.0,0.0
1732028691.9357283,0.0,0.0,0.0
1732028691.9555616,0.0,0.0,0.0
1732028691.9758766,0.0,0.0,0.0
1732028691.9976935,0.0,0.0,0.0
1732028692.0172808,0.0,0.0,0.0
1732028692.0355675,0.0,0.0,0.0
1732028692.0565429,0.0,0.0,0.0
1732028692.075715,0.0,0.0,0.0
1732028692.0955439,0.0,0.0,0.0
1732028692.1155019,0.0,0.0,0.0
1732028692.1359885,0.0,0.0,0.0
1732028692.1557512,0.0,0.0,0.0
1732028692.1759274,0.0,0.0,0.0
1732028692.1973796,0.0,0.0,0.0
1732028692.2155757,0.0,0.0,0.0
1732028692.2360249,0.0,0.0,0.0
1732028692.2556505,0.0,0.0,0.0
1732028692.2802663,0.0,0.0,0.0
1732028692.2955997,0.0,0.0,0.0
1732028692.3190446,0.0,0.0,0.0
1732028692.3377247,0.0,0.0,0.0
1732028692.3565423,0.0,0.0,0.0
1732028692.3757732,0.0,0.0,0.0
1732028692.3960266,0.0,0.0,0.0
1732028692.4156468,0.0,0.0,0.0
1732028692.4363108,0.0,0.0,0.0
1732028692.4556992,0.0,0.0,0.0
1732028692.4756079,0.0,0.0,0.0
1732028692.49575,0.0,0.0,0.0
1732028692.5169911,0.0,0.0,0.0
1732028692.535449,0.0,0.0,0.0
1732028692.5568752,0.0,0.0,0.0
1732028692.57962,0.0,0.0,0.0
1732028692.5961275,0.0,0.0,0.0
1732028692.6156018,0.0,0.0,0.0
1732028692.6365454,0.0,0.0,0.0
1732028692.6563697,0.0,0.0,0.0
1732028692.6768165,0.0,0.0,0.0
1732028692.695374,0.0,0.0,0.0
1732028692.716576,0.0,0.0,0.0
1732028692.7355766,0.0,0.0,0.0
1732028692.7557168,0.0,0.0,0.0
1732028692.776509,0.0,0.0,0.0
1732028692.797673,0.0,0.0,0.0
1732028692.816173,0.0,0.0,0.0
1732028692.8358476,0.0,0.0,0.0
1732028692.856663,0.0,0.0,0.0
1732028692.8754542,0.0,0.0,0.0
1732028692.8959472,0.0,0.0,0.0
1732028692.915505,0.0,0.0,0.0
1732028692.9371154,0.0,0.0,0.0
1732028692.9554422,0.0,0.0,0.0
1732028692.9754083,0.0,0.0,0.0
1732028692.9956985,0.0,0.0,0.0
1732028693.0158885,0.0,0.0,0.0
1732028693.035683,0.0,0.0,0.0
1732028693.0559685,0.0,0.0,0.0
1732028693.075379,0.0,0.0,0.0
1732028693.096001,0.0,0.0,0.0
1732028693.1157346,0.0,0.0,0.0
1732028693.1359468,0.0,0.0,0.0
1732028693.1552668,0.0,0.0,0.0
1732028693.176488,0.0,0.0,0.0
1732028693.195594,0.0,0.0,0.0
1732028693.217611,0.0,0.0,0.0
1732028693.2364526,0.0,0.0,0.0
1732028693.2556863,0.0,0.0,0.0
1732028693.2781975,0.0,0.0,0.0
1732028693.2969584,0.0,0.0,0.0
1732028693.315562,0.0,0.0,0.0
1732028693.3356545,0.0,0.0,0.0
1732028693.3553464,0.0,0.0,0.0
1732028693.3753972,0.0,0.0,0.0
1732028693.395324,0.0,0.0,0.0
1732028693.4163337,0.0,0.0,0.0
1732028693.435434,0.0,0.0,0.0
1732028693.4556615,0.0,0.0,0.0
1732028693.4756987,0.0,0.0,0.0
1732028693.4956868,0.0,0.0,0.0
1732028693.515513,0.0,0.0,0.0
1732028693.535647,0.0,0.0,0.0
1732028693.5553784,0.0,0.0,0.0
1732028693.5764651,0.0,0.0,0.0
1732028693.595592,0.0,0.0,0.0
1732028693.6176977,0.0,0.0,0.0
1732028693.6354198,0.0,0.0,0.0
1732028693.6559718,0.0,0.0,0.0
1732028693.677133,0.0,0.0,0.0
1732028693.6981845,0.0,0.0,0.0
1732028693.720404,0.0,0.0,0.0
1732028693.73661,0.0,0.0,0.0
1732028693.7557893,0.0,0.0,0.0
1732028693.7786062,0.0,0.0,0.0
1732028693.7961771,0.0,0.0,0.0
1732028693.8159783,0.0,0.0,0.0
1732028693.8353512,0.0,0.0,0.0
1732028693.8573973,0.0,0.0,0.0
1732028693.8759234,0.0,0.0,0.0
1732028693.8969176,0.0,0.0,0.0
1732028693.915622,0.0,0.0,0.0
1732028693.9354467,0.0,0.0,0.0
1732028693.9559026,0.0,0.0,0.0
1732028693.9758902,0.0,0.0,0.0
1732028693.9991932,0.0,0.0,0.0
1732028694.0178983,0.0,0.0,0.0
1732028694.0359254,0.0,0.0,0.0
1732028694.0569222,0.0,0.0,0.0
1732028694.0755146,0.0,0.0,0.0
1732028694.098061,0.0,0.0,0.0
1732028694.117171,0.0,0.0,0.0
1732028694.1360126,0.0,0.0,0.0
1732028694.1556957,0.0,0.0,0.0
1732028694.175903,0.0,0.0,0.0
1732028694.1993546,0.0,0.0,0.0
1732028694.2159677,0.0,0.0,0.0
1732028694.2368467,0.0,0.0,0.0
1732028694.255923,0.0,0.0,0.0
1732028694.2763379,0.0,0.0,0.0
1732028694.296595,0.0,0.0,0.0
1732028694.3187883,0.0,0.0,0.0
1732028694.3369808,0.0,0.0,0.0
1732028694.3558667,0.0,0.0,0.0
1732028694.3788466,0.0,0.0,0.0
1732028694.3983014,0.0,0.0,0.0
1732028694.4159136,0.0,0.0,0.0
1732028694.4357615,0.0,0.0,0.0
1732028694.458632,0.0,0.0,0.0
1732028694.4755533,0.0,0.0,0.0
1732028694.4969559,0.0,0.0,0.0
1732028694.515687,0.0,0.0,0.0
1732028694.5363996,0.0,0.0,0.0
1732028694.5561829,0.0,0.0,0.0
1732028694.5767171,0.0,0.0,0.0
1732028694.6022763,0.0,0.0,0.0
1732028694.6159606,0.0,0.0,0.0
1732028694.635858,0.0,0.0,0.0
1732028694.6590822,0.0,0.0,0.0
1732028694.67683,0.0,0.0,0.0
1732028694.695528,0.0,0.0,0.0
1732028694.715632,0.0,0.0,0.0
1732028694.7356722,0.0,0.0,0.0
1732028694.7561588,0.0,0.0,0.0
1732028694.7777689,0.0,0.0,0.0
1732028694.7956927,0.0,0.0,0.0
1732028694.815494,0.0,0.0,0.0
1732028694.8366725,0.0,0.0,0.0
1732028694.8564537,0.0,0.0,0.0
1732028694.8788748,0.0,0.0,0.0
1732028694.8969624,0.0,0.0,0.0
1732028694.9172552,0.0,0.0,0.0
1732028694.9372396,0.0,0.0,0.0
1732028694.9560535,0.0,0.0,0.0
1732028694.9760094,0.0,0.0,0.0
1732028694.9968748,0.0,0.0,0.0
1732028695.0157814,0.0,0.0,0.0
1732028695.0360816,0.0,0.0,0.0
1732028695.0570238,0.0,0.0,0.0
1732028695.076081,0.0,0.0,0.0
1732028695.0959492,0.0,0.0,0.0
1732028695.115674,0.0,0.0,0.0
1732028695.1361446,0.0,0.0,0.0
1732028695.1605172,0.0,0.0,0.0
1732028695.1754572,0.0,0.0,0.0
1732028695.19606,0.0,0.0,0.0
1732028695.2155561,0.0,0.0,0.0
1732028695.2355213,0.0,0.0,0.0
1732028695.2557292,0.0,0.0,0.0
1732028695.275985,0.0,0.0,0.0
1732028695.2959006,0.0,0.0,0.0
1732028695.324076,0.0,0.0,0.0
1732028695.3356614,0.0,0.0,0.0
1732028695.3567228,0.0,0.0,0.0
1732028695.3757877,0.0,0.0,0.0
1732028695.397077,0.0,0.0,0.0
1732028695.4154577,0.0,0.0,0.0
1732028695.436394,0.0,0.0,0.0
1732028695.4565873,0.0,0.0,0.0
1732028695.4772375,0.0,0.0,0.0
1732028695.4959657,0.0,0.0,0.0
1732028695.5168414,0.0,0.0,0.0
1732028695.5365908,0.0,0.0,0.0
1732028695.5557048,0.0,0.0,0.0
1732028695.5759568,0.0,0.0,0.0
1732028695.5959623,0.0,0.0,0.0
1732028695.6161656,0.0,0.0,0.0
1732028695.6361887,0.0,0.0,0.0
1732028695.6565173,0.0,0.0,0.0
1732028695.676306,0.0,0.0,0.0
1732028695.695405,0.0,0.0,0.0
1732028695.7155929,0.0,0.0,0.0
1732028695.7355628,0.0,0.0,0.0
1732028695.7570298,0.0,0.0,0.0
1732028695.7772028,0.0,0.0,0.0
1732028695.795539,0.0,0.0,0.0
1732028695.8159125,0.0,0.0,0.0
1732028695.8355808,0.0,0.0,0.0
1732028695.8559709,0.0,0.0,0.0
1732028695.8782587,0.0,0.0,0.0
1732028695.895578,0.0,0.0,0.0
1732028695.9161952,0.0,0.0,0.0
1732028695.9358244,0.0,0.0,0.0
1732028695.9562087,0.0,0.0,0.0
1732028695.9755452,0.0,0.0,0.0
1732028695.9955413,0.0,0.0,0.0
1732028696.0162396,0.0,0.0,0.0
1732028696.0364861,0.0,0.0,0.0
1732028696.0576825,0.0,0.0,0.0
1732028696.0759363,0.0,0.0,0.0
1732028696.0953765,0.0,0.0,0.0
1732028696.115684,0.0,0.0,0.0
1732028696.1360688,0.0,0.0,0.0
1732028696.1553957,0.0,0.0,0.0
1732028696.1787698,0.0,0.0,0.0
1732028696.1958826,0.0,0.0,0.0
1732028696.2159107,0.0,0.0,0.0
1732028696.2354498,0.0,0.0,0.0
1732028696.255732,0.0,0.0,0.0
1732028696.2754922,0.0,0.0,0.0
1732028696.2976892,0.0,0.0,0.0
1732028696.3159566,0.0,0.0,0.0
1732028696.3377066,0.0,0.0,0.0
1732028696.3555903,0.0,0.0,0.0
1732028696.3763907,0.0,0.0,0.0
1732028696.3983393,0.0,0.0,0.0
1732028696.4159124,0.0,0.0,0.0
1732028696.436004,0.0,0.0,0.0
1732028696.4554698,0.0,0.0,0.0
1732028696.475803,0.0,0.0,0.0
1732028696.4984586,0.0,0.0,0.0
1732028696.5157368,0.0,0.0,0.0
1732028696.5353956,0.0,0.0,0.0
1732028696.5556316,0.0,0.0,0.0
1732028696.575408,0.0,0.0,0.0
1732028696.5961616,0.0,0.0,0.0
1732028696.6164064,0.0,0.0,0.0
1732028696.6354017,0.0,0.0,0.0
1732028696.6559267,0.0,0.0,0.0
1732028696.675842,0.0,0.0,0.0
1732028696.6956217,0.0,0.0,0.0
1732028696.7159245,0.0,0.0,0.0
1732028696.7364469,0.0,0.0,0.0
1732028696.756168,0.0,0.0,0.0
1732028696.7761388,0.0,0.0,0.0
1732028696.7958467,0.0,0.0,0.0
