1731948706.4002395,-0.02,0.01,0.79
1731948706.4005492,-0.01,0.02,0.79
1731948706.4492753,0.01,0.02,0.79
1731948706.5003436,0.03,0.03,0.79
1731948706.5484438,0.05,0.04,0.79
1731948706.6299067,0.07,0.05,0.79
1731948706.6501374,0.1,0.07,0.79
1731948706.6983633,0.13,0.09,0.79
1731948706.7517707,0.16,0.1,0.79
1731948706.798388,0.18,0.12,0.79
1731948706.8485222,0.21,0.14,0.78
1731948706.90197,0.24,0.16,0.78
1731948706.94843,0.27,0.18,0.78
1731948706.9994926,0.31,0.2,0.78
1731948707.048686,0.34,0.22,0.78
1731948707.0986428,0.37,0.24,0.78
1731948707.148191,0.4,0.26,0.78
1731948707.1983907,0.43,0.28,0.78
1731948707.2482212,0.46,0.3,0.77
1731948707.2992258,0.49,0.32,0.77
1731948707.3522906,0.53,0.34,0.77
1731948707.3984866,0.56,0.36,0.77
1731948707.4485624,0.59,0.39,0.77
1731948707.4986098,0.62,0.41,0.76
1731948707.548553,0.65,0.43,0.76
1731948707.5979738,0.69,0.45,0.76
1731948707.648409,0.72,0.47,0.75
1731948707.7084274,0.75,0.49,0.75
1731948707.748421,0.79,0.51,0.75
1731948707.7987206,0.82,0.53,0.74
1731948707.8487234,0.85,0.55,0.74
1731948707.899094,0.89,0.57,0.74
1731948707.9484518,0.92,0.59,0.73
1731948707.9981384,0.96,0.61,0.73
1731948708.0483074,0.99,0.63,0.73
1731948708.098712,1.02,0.65,0.72
1731948708.1478736,1.06,0.68,0.72
1731948708.1993854,1.1,0.7,0.71
1731948708.2478068,1.13,0.72,0.71
1731948708.2981045,1.17,0.74,0.7
1731948708.3480694,1.2,0.76,0.7
1731948708.397621,1.24,0.78,0.7
1731948708.4508731,1.28,0.8,0.69
1731948708.4982357,1.32,0.82,0.69
1731948708.5482833,1.35,0.85,0.68
1731948708.598411,1.39,0.87,0.68
1731948708.6500936,1.43,0.89,0.67
1731948708.6979806,1.47,0.91,0.67
1731948708.7475328,1.51,0.93,0.66
1731948708.801314,1.55,0.95,0.66
1731948708.8492942,1.59,0.98,0.65
1731948708.8977518,1.63,1.0,0.65
1731948708.9528222,1.67,1.02,0.64
1731948708.9985583,1.71,1.04,0.64
1731948709.052974,1.76,1.06,0.63
1731948709.0983949,1.8,1.09,0.63
1731948709.147927,1.84,1.11,0.62
1731948709.1973295,1.89,1.13,0.62
1731948709.2531374,1.93,1.15,0.61
1731948709.2981162,1.98,1.18,0.61
1731948709.3480432,2.02,1.2,0.6
1731948709.3995984,2.07,1.22,0.6
1731948709.4489028,2.11,1.24,0.59
1731948709.500714,2.16,1.26,0.59
1731948709.555378,2.21,1.29,0.58
1731948709.598776,2.25,1.31,0.58
1731948709.6476748,2.3,1.33,0.57
1731948709.6991105,2.35,1.35,0.57
1731948709.7475226,2.4,1.38,0.56
1731948709.797894,2.45,1.4,0.56
1731948709.8512728,2.5,1.42,0.55
1731948709.8978953,2.55,1.44,0.55
1731948709.9505436,2.6,1.47,0.54
1731948709.9985578,2.65,1.49,0.54
1731948710.0517914,2.7,1.51,0.53
1731948710.0979905,2.76,1.53,0.53
1731948710.147598,2.81,1.56,0.52
1731948710.1974466,2.86,1.58,0.52
1731948710.2488875,2.92,1.6,0.51
1731948710.29843,2.97,1.62,0.51
1731948710.3477318,3.03,1.65,0.5
1731948710.3992035,3.08,1.67,0.5
1731948710.4486883,3.14,1.69,0.5
1731948710.499431,3.19,1.71,0.49
1731948710.55075,3.25,1.73,0.49
1731948710.6019573,3.31,1.76,0.48
1731948710.6482882,3.36,1.78,0.48
1731948710.697735,3.42,1.8,0.48
1731948710.74763,3.48,1.82,0.47
1731948710.7985058,3.54,1.84,0.47
1731948710.8511822,3.6,1.87,0.47
1731948710.898057,3.66,1.89,0.46
1731948710.949708,3.71,1.91,0.46
1731948710.9991484,3.77,1.93,0.46
1731948711.048972,3.83,1.95,0.45
1731948711.0977407,3.9,1.97,0.45
1731948711.1493857,3.96,2.0,0.45
1731948711.1982934,4.02,2.02,0.45
1731948711.251615,4.08,2.04,0.44
1731948711.2979481,4.14,2.06,0.44
1731948711.3481753,4.2,2.08,0.44
1731948711.3974218,4.27,2.1,0.44
1731948711.4491618,4.33,2.12,0.43
1731948711.4977424,4.39,2.15,0.43
1731948711.5537288,4.45,2.17,0.43
1731948711.5973058,4.52,2.19,0.43
1731948711.6490357,4.58,2.21,0.43
1731948711.69761,4.64,2.23,0.43
1731948711.7492678,4.71,2.25,0.43
1731948711.7984731,4.77,2.27,0.42
1731948711.8485498,4.84,2.3,0.42
1731948711.8985043,4.9,2.32,0.42
1731948711.9485176,4.96,2.34,0.42
1731948712.0010018,5.03,2.36,0.42
1731948712.0492618,5.09,2.38,0.42
1731948712.099002,5.16,2.4,0.42
1731948712.1488714,5.22,2.42,0.42
1731948712.197649,5.29,2.45,0.42
1731948712.2496173,5.35,2.47,0.42
1731948712.298899,5.42,2.49,0.42
1731948712.3489735,5.49,2.51,0.42
1731948712.398697,5.55,2.53,0.42
1731948712.4496982,5.62,2.55,0.42
1731948712.5014052,5.68,2.58,0.42
1731948712.5522308,5.75,2.6,0.42
1731948712.600249,5.81,2.62,0.42
1731948712.6485476,5.88,2.64,0.42
1731948712.697821,5.95,2.66,0.43
1731948712.7500932,6.01,2.69,0.43
1731948712.7977257,6.08,2.71,0.43
1731948712.849016,6.14,2.73,0.43
1731948712.8977594,6.21,2.75,0.43
1731948712.9523654,6.28,2.78,0.43
1731948712.997594,6.34,2.8,0.43
1731948713.0475485,6.41,2.82,0.43
1731948713.09788,6.48,2.84,0.44
1731948713.148797,6.54,2.87,0.44
1731948713.1974776,6.61,2.89,0.44
1731948713.2479014,6.67,2.91,0.44
1731948713.297816,6.74,2.94,0.44
1731948713.3488617,6.81,2.96,0.45
1731948713.399443,6.87,2.98,0.45
1731948713.4523022,6.94,3.01,0.45
1731948713.4977732,7.0,3.03,0.45
1731948713.5498319,7.07,3.06,0.45
1731948713.5990233,7.14,3.08,0.46
1731948713.6519115,7.2,3.11,0.46
1731948713.6987066,7.27,3.13,0.46
1731948713.7497742,7.33,3.15,0.46
1731948713.799887,7.4,3.18,0.47
1731948713.8481011,7.47,3.2,0.47
1731948713.898488,7.53,3.23,0.47
1731948713.9487808,7.6,3.25,0.47
1731948713.9989243,7.66,3.28,0.48
1731948714.0504673,7.73,3.31,0.48
1731948714.0986235,7.79,3.33,0.48
1731948714.148834,7.86,3.36,0.48
1731948714.205428,7.92,3.38,0.49
1731948714.2625518,7.99,3.41,0.49
1731948714.2973526,8.05,3.44,0.49
1731948714.3488052,8.12,3.46,0.49
1731948714.3976622,8.18,3.49,0.5
1731948714.4484208,8.25,3.52,0.5
1731948714.500371,8.31,3.54,0.5
1731948714.54862,8.38,3.57,0.5
1731948714.601567,8.44,3.6,0.51
1731948714.6483319,8.5,3.63,0.51
1731948714.697715,8.57,3.65,0.51
1731948714.748751,8.63,3.68,0.51
1731948714.7988224,8.7,3.71,0.52
1731948714.848559,8.76,3.74,0.52
1731948714.8989215,8.82,3.76,0.52
1731948714.9494658,8.89,3.79,0.52
1731948714.9976172,8.95,3.82,0.53
1731948715.048328,9.01,3.85,0.53
1731948715.0980659,9.08,3.88,0.53
1731948715.1501317,9.14,3.91,0.53
1731948715.1999116,9.2,3.93,0.54
1731948715.2501106,9.27,3.96,0.54
1731948715.2993162,9.33,3.99,0.54
1731948715.3497179,9.39,4.02,0.54
1731948715.400229,9.45,4.05,0.55
1731948715.4482832,9.52,4.08,0.55
1731948715.4982374,9.58,4.11,0.55
1731948715.5502028,9.64,4.14,0.55
1731948715.5990846,9.7,4.17,0.55
1731948715.648949,9.76,4.2,0.56
1731948715.6991625,9.82,4.23,0.56
1731948715.7534664,9.89,4.26,0.56
1731948715.7988603,9.95,4.29,0.56
1731948715.8490381,10.01,4.32,0.56
1731948715.899391,10.07,4.35,0.57
1731948715.951524,10.13,4.38,0.57
1731948716.0001557,10.19,4.41,0.57
1731948716.047911,10.25,4.44,0.57
1731948716.100607,10.31,4.47,0.57
1731948716.1483912,10.37,4.5,0.57
1731948716.1977084,10.43,4.53,0.58
1731948716.2500188,10.49,4.56,0.58
1731948716.297811,10.55,4.59,0.58
1731948716.347641,10.61,4.62,0.58
1731948716.4017203,10.67,4.65,0.58
1731948716.4488184,10.73,4.68,0.58
1731948716.4980009,10.79,4.71,0.58
1731948716.5486503,10.85,4.74,0.58
1731948716.5976367,10.91,4.77,0.59
1731948716.647867,10.97,4.8,0.59
1731948716.6986597,11.03,4.83,0.59
1731948716.7473705,11.08,4.86,0.59
1731948716.800543,11.14,4.89,0.59
1731948716.8485456,11.2,4.92,0.59
1731948716.898165,11.26,4.95,0.59
1731948716.9529576,11.32,4.98,0.59
1731948716.9975064,11.38,5.01,0.59
1731948717.048795,11.43,5.04,0.59
1731948717.0977244,11.49,5.07,0.59
1731948717.148347,11.55,5.1,0.6
1731948717.2014253,11.61,5.13,0.6
1731948717.2476473,11.67,5.16,0.6
1731948717.2991219,11.72,5.19,0.6
1731948717.3485868,11.78,5.22,0.6
1731948717.3990757,11.84,5.25,0.6
1731948717.4482408,11.9,5.28,0.6
1731948717.4992187,11.95,5.31,0.6
1731948717.5506046,12.01,5.34,0.6
1731948717.599071,12.07,5.37,0.6
1731948717.6497297,12.13,5.4,0.6
1731948717.6979637,12.18,5.43,0.6
1731948717.7496939,12.24,5.46,0.6
1731948717.7992904,12.3,5.49,0.6
1731948717.848007,12.35,5.52,0.6
1731948717.898408,12.41,5.55,0.6
1731948717.9528563,12.47,5.58,0.6
1731948717.9993105,12.53,5.61,0.6
1731948718.0490186,12.58,5.64,0.6
1731948718.0998635,12.64,5.68,0.6
1731948718.149678,12.7,5.71,0.6
1731948718.1993618,12.75,5.74,0.6
1731948718.2510402,12.81,5.77,0.6
1731948718.2976656,12.87,5.8,0.6
1731948718.3482456,12.92,5.82,0.6
1731948718.3987374,12.98,5.85,0.6
1731948718.4545913,13.04,5.88,0.6
1731948718.4974444,13.09,5.91,0.6
1731948718.5480983,13.15,5.94,0.6
1731948718.597555,13.21,5.97,0.6
1731948718.6483347,13.26,6.0,0.6
1731948718.697902,13.32,6.03,0.6
1731948718.74736,13.38,6.06,0.6
1731948718.7983143,13.44,6.09,0.6
1731948718.8487236,13.49,6.12,0.6
1731948718.898325,13.55,6.15,0.6
1731948718.9475195,13.61,6.18,0.6
1731948718.99761,13.66,6.21,0.59
1731948719.0489874,13.72,6.24,0.59
1731948719.100091,13.78,6.27,0.59
1731948719.153042,13.83,6.3,0.59
1731948719.1979747,13.89,6.33,0.59
1731948719.247433,13.95,6.36,0.59
1731948719.298226,14.0,6.39,0.59
1731948719.3491526,14.06,6.42,0.59
1731948719.3981855,14.12,6.45,0.59
1731948719.4476354,14.18,6.48,0.59
1731948719.5000694,14.23,6.51,0.59
1731948719.5492399,14.29,6.54,0.59
1731948719.598081,14.35,6.57,0.59
1731948719.6481643,14.4,6.59,0.59
1731948719.6976986,14.46,6.62,0.59
1731948719.7530742,14.52,6.65,0.59
1731948719.7996545,14.58,6.68,0.59
1731948719.8479161,14.63,6.71,0.59
1731948719.8984218,14.69,6.74,0.58
1731948719.950196,14.75,6.77,0.58
1731948720.0011513,14.81,6.8,0.58
1731948720.0485737,14.86,6.83,0.58
1731948720.0985706,14.92,6.86,0.58
1731948720.1482613,14.98,6.89,0.58
1731948720.1982925,15.04,6.92,0.58
1731948720.247676,15.09,6.95,0.58
1731948720.2987306,15.15,6.97,0.58
1731948720.34852,15.21,7.0,0.58
1731948720.3998702,15.27,7.03,0.58
1731948720.4498057,15.32,7.06,0.58
1731948720.4975517,15.38,7.09,0.58
1731948720.5479317,15.44,7.12,0.58
1731948720.5988972,15.5,7.15,0.58
1731948720.6491187,15.56,7.18,0.58
1731948720.6986513,15.61,7.21,0.57
1731948720.74822,15.67,7.24,0.57
1731948720.800024,15.73,7.26,0.57
1731948720.84917,15.79,7.29,0.57
1731948720.8977485,15.85,7.32,0.57
1731948720.949829,15.91,7.35,0.57
1731948720.9994357,15.96,7.38,0.57
1731948721.0494812,16.02,7.41,0.57
1731948721.0975404,16.08,7.44,0.57
1731948721.1476912,16.14,7.47,0.57
1731948721.197724,16.2,7.49,0.57
1731948721.248399,16.26,7.52,0.57
1731948721.297357,16.32,7.55,0.57
1731948721.3497255,16.37,7.58,0.57
1731948721.3984373,16.43,7.61,0.57
1731948721.448823,16.49,7.64,0.57
1731948721.4983737,16.55,7.67,0.57
1731948721.5487013,16.61,7.7,0.57
1731948721.5985222,16.67,7.73,0.57
1731948721.6490958,16.73,7.75,0.57
1731948721.698261,16.79,7.78,0.57
1731948721.7479312,16.84,7.81,0.56
1731948721.798228,16.9,7.84,0.56
1731948721.8500288,16.96,7.87,0.56
1731948721.9000857,17.02,7.9,0.56
1731948721.947556,17.08,7.93,0.56
1731948721.9975805,17.14,7.96,0.56
1731948722.0480688,17.2,7.98,0.56
1731948722.0987005,17.26,8.01,0.56
1731948722.150014,17.32,8.04,0.56
