1732028467.8360167,-0.33,0.0,0.79
1732028467.8385675,-0.32,0.0,0.79
1732028467.8887112,-0.3,0.01,0.79
1732028467.9398968,-0.28,0.01,0.79
1732028467.988768,-0.26,0.03,0.79
1732028468.038986,-0.24,0.04,0.79
1732028468.0893512,-0.21,0.05,0.79
1732028468.1402051,-0.19,0.07,0.79
1732028468.189419,-0.16,0.09,0.79
1732028468.2397714,-0.13,0.11,0.79
1732028468.2898226,-0.1,0.13,0.78
1732028468.3394575,-0.07,0.14,0.78
1732028468.3893275,-0.04,0.16,0.78
1732028468.4390152,-0.01,0.18,0.78
1732028468.4887695,0.02,0.2,0.78
1732028468.539457,0.05,0.22,0.78
1732028468.5897408,0.08,0.24,0.78
1732028468.6401708,0.12,0.26,0.78
1732028468.6888125,0.15,0.28,0.77
1732028468.7398021,0.18,0.3,0.77
1732028468.7888498,0.21,0.33,0.77
1732028468.8390322,0.24,0.35,0.77
1732028468.8892083,0.27,0.37,0.76
1732028468.9393332,0.31,0.39,0.76
1732028468.9908657,0.34,0.41,0.76
1732028469.040735,0.37,0.43,0.76
1732028469.0907204,0.4,0.45,0.75
1732028469.1388216,0.44,0.47,0.75
1732028469.188559,0.47,0.49,0.75
1732028469.238712,0.5,0.51,0.74
1732028469.288728,0.53,0.53,0.74
1732028469.3396676,0.57,0.55,0.74
1732028469.3886874,0.6,0.57,0.73
1732028469.4386306,0.64,0.59,0.73
1732028469.4922092,0.67,0.61,0.73
1732028469.5390537,0.7,0.63,0.72
1732028469.589369,0.74,0.65,0.72
1732028469.6392016,0.78,0.67,0.71
1732028469.69019,0.81,0.69,0.71
1732028469.7398536,0.85,0.72,0.7
1732028469.7891812,0.88,0.74,0.7
1732028469.8405828,0.92,0.76,0.7
1732028469.889059,0.96,0.78,0.69
1732028469.9395072,0.99,0.8,0.69
1732028469.9887629,1.03,0.82,0.68
1732028470.03991,1.07,0.84,0.68
1732028470.0888999,1.11,0.86,0.67
1732028470.1419146,1.15,0.88,0.67
1732028470.1889646,1.19,0.91,0.66
1732028470.2409027,1.23,0.93,0.66
1732028470.28936,1.27,0.95,0.65
1732028470.3407547,1.31,0.97,0.65
1732028470.3895588,1.35,0.99,0.64
1732028470.4386096,1.39,1.01,0.64
1732028470.4909003,1.43,1.04,0.63
1732028470.5391273,1.47,1.06,0.63
1732028470.588489,1.52,1.08,0.62
1732028470.6410303,1.56,1.1,0.62
1732028470.6892436,1.6,1.12,0.61
1732028470.7393541,1.65,1.15,0.6
1732028470.7888513,1.69,1.17,0.6
1732028470.8393767,1.74,1.19,0.59
1732028470.889183,1.78,1.21,0.59
1732028470.9388835,1.83,1.23,0.58
1732028470.9887872,1.88,1.26,0.58
1732028471.0387836,1.92,1.28,0.57
1732028471.0883493,1.97,1.3,0.57
1732028471.1383722,2.02,1.32,0.56
1732028471.1900337,2.07,1.34,0.56
1732028471.238898,2.12,1.37,0.55
1732028471.2889216,2.17,1.39,0.55
1732028471.340053,2.22,1.41,0.54
1732028471.3886273,2.27,1.43,0.54
1732028471.4401278,2.32,1.46,0.53
1732028471.4892461,2.37,1.48,0.53
1732028471.53898,2.43,1.5,0.52
1732028471.5894446,2.48,1.52,0.52
1732028471.639245,2.53,1.54,0.51
1732028471.6893554,2.58,1.57,0.51
1732028471.7390447,2.64,1.59,0.51
1732028471.788589,2.69,1.61,0.5
1732028471.8386629,2.75,1.63,0.5
1732028471.8891816,2.8,1.65,0.49
1732028471.9391751,2.86,1.68,0.49
1732028471.98873,2.92,1.7,0.48
1732028472.0387561,2.97,1.72,0.48
1732028472.088407,3.03,1.74,0.48
1732028472.1406517,3.09,1.76,0.47
1732028472.192445,3.15,1.78,0.47
1732028472.2394974,3.2,1.81,0.47
1732028472.2889695,3.26,1.83,0.46
1732028472.339133,3.32,1.85,0.46
1732028472.3898222,3.38,1.87,0.46
1732028472.438472,3.44,1.89,0.45
1732028472.489467,3.5,1.91,0.45
1732028472.5401778,3.56,1.93,0.45
1732028472.589875,3.62,1.96,0.44
1732028472.6398313,3.68,1.98,0.44
1732028472.6920347,3.74,2.0,0.44
1732028472.7391415,3.81,2.02,0.44
1732028472.788953,3.87,2.04,0.43
1732028472.8390162,3.93,2.06,0.43
1732028472.8892365,3.99,2.08,0.43
1732028472.9409165,4.06,2.1,0.43
1732028472.9903853,4.12,2.12,0.43
1732028473.039598,4.18,2.15,0.42
1732028473.089415,4.25,2.17,0.42
1732028473.1390817,4.31,2.19,0.42
1732028473.1899886,4.37,2.21,0.42
1732028473.238574,4.44,2.23,0.42
1732028473.2896957,4.5,2.25,0.42
1732028473.3436852,4.57,2.27,0.42
1732028473.388508,4.63,2.29,0.42
1732028473.4386191,4.69,2.31,0.42
1732028473.488817,4.76,2.33,0.42
1732028473.539541,4.82,2.36,0.42
1732028473.5914626,4.89,2.38,0.42
1732028473.6385791,4.95,2.4,0.41
1732028473.6887877,5.02,2.42,0.41
1732028473.739873,5.09,2.44,0.41
1732028473.7889833,5.15,2.46,0.42
1732028473.8385723,5.22,2.48,0.42
1732028473.8888285,5.28,2.5,0.42
1732028473.9396324,5.35,2.53,0.42
1732028473.988859,5.41,2.55,0.42
1732028474.0394661,5.48,2.57,0.42
1732028474.0887082,5.55,2.59,0.42
1732028474.1404836,5.61,2.61,0.42
1732028474.188976,5.68,2.63,0.42
1732028474.2394547,5.74,2.66,0.42
1732028474.289924,5.81,2.68,0.42
1732028474.3395202,5.88,2.7,0.42
1732028474.3895762,5.94,2.72,0.43
1732028474.4391003,6.01,2.74,0.43
1732028474.4883535,6.08,2.77,0.43
1732028474.5386448,6.14,2.79,0.43
1732028474.5895154,6.21,2.81,0.43
1732028474.63874,6.27,2.83,0.43
1732028474.688816,6.34,2.86,0.43
1732028474.7391126,6.41,2.88,0.44
1732028474.789726,6.47,2.9,0.44
1732028474.838665,6.54,2.93,0.44
1732028474.8885653,6.61,2.95,0.44
1732028474.938402,6.67,2.97,0.44
1732028474.9888902,6.74,3.0,0.45
1732028475.0389729,6.8,3.02,0.45
1732028475.089071,6.87,3.05,0.45
1732028475.138564,6.94,3.07,0.45
1732028475.1895077,7.0,3.09,0.46
1732028475.2392962,7.07,3.12,0.46
1732028475.2886093,7.13,3.14,0.46
1732028475.3385653,7.2,3.17,0.46
1732028475.3889065,7.26,3.19,0.47
1732028475.4385707,7.33,3.22,0.47
1732028475.4894187,7.4,3.24,0.47
1732028475.5390666,7.46,3.27,0.47
1732028475.5891109,7.53,3.29,0.48
1732028475.6388016,7.59,3.32,0.48
1732028475.6899652,7.66,3.34,0.48
1732028475.7385945,7.72,3.37,0.48
1732028475.7909753,7.79,3.4,0.49
1732028475.8396363,7.85,3.42,0.49
1732028475.8891566,7.92,3.45,0.49
1732028475.9387872,7.98,3.48,0.49
1732028475.9896336,8.05,3.5,0.5
1732028476.0391214,8.11,3.53,0.5
1732028476.0904899,8.18,3.56,0.5
1732028476.1392856,8.24,3.58,0.5
1732028476.1888478,8.3,3.61,0.51
1732028476.2386513,8.37,3.64,0.51
1732028476.2949677,8.43,3.67,0.51
1732028476.3387837,8.5,3.69,0.52
1732028476.3896732,8.56,3.72,0.52
1732028476.438516,8.62,3.75,0.52
1732028476.4885278,8.69,3.78,0.52
1732028476.5394459,8.75,3.81,0.52
1732028476.5898511,8.81,3.83,0.53
1732028476.6386333,8.88,3.86,0.53
1732028476.6894784,8.94,3.89,0.53
1732028476.7391782,9.0,3.92,0.53
1732028476.789891,9.06,3.95,0.54
1732028476.8399782,9.13,3.98,0.54
1732028476.8892157,9.19,4.0,0.54
1732028476.9395366,9.25,4.03,0.54
1732028476.9888568,9.31,4.06,0.55
1732028477.0390737,9.38,4.09,0.55
1732028477.090262,9.44,4.12,0.55
1732028477.139766,9.5,4.15,0.55
1732028477.193765,9.56,4.18,0.55
1732028477.2388513,9.62,4.21,0.56
1732028477.2897365,9.68,4.24,0.56
1732028477.338569,9.74,4.27,0.56
1732028477.38993,9.8,4.3,0.56
1732028477.4384604,9.87,4.33,0.56
1732028477.4891486,9.93,4.36,0.56
1732028477.5392807,9.99,4.39,0.57
1732028477.5886815,10.05,4.42,0.57
1732028477.638957,10.11,4.45,0.57
1732028477.6904724,10.17,4.48,0.57
1732028477.7386837,10.23,4.51,0.57
1732028477.7888124,10.29,4.53,0.57
1732028477.8385446,10.35,4.56,0.58
1732028477.8895133,10.41,4.59,0.58
1732028477.9397583,10.47,4.62,0.58
1732028477.988686,10.53,4.65,0.58
1732028478.0384896,10.58,4.68,0.58
1732028478.0885625,10.64,4.71,0.58
1732028478.1402607,10.7,4.74,0.58
1732028478.188756,10.76,4.77,0.58
1732028478.2387393,10.82,4.8,0.59
1732028478.289473,10.88,4.83,0.59
1732028478.3401895,10.94,4.86,0.59
1732028478.390254,11.0,4.89,0.59
1732028478.440376,11.05,4.93,0.59
1732028478.489602,11.11,4.96,0.59
1732028478.5383701,11.17,4.99,0.59
1732028478.5886714,11.23,5.02,0.59
1732028478.6392937,11.29,5.05,0.59
1732028478.6904194,11.34,5.08,0.59
1732028478.7385514,11.4,5.11,0.59
1732028478.789065,11.46,5.14,0.59
1732028478.8405068,11.52,5.17,0.59
1732028478.888458,11.58,5.2,0.59
1732028478.9383981,11.63,5.23,0.59
1732028478.989098,11.69,5.26,0.59
1732028479.038982,11.75,5.29,0.6
1732028479.0904963,11.81,5.32,0.6
1732028479.1397336,11.86,5.35,0.6
1732028479.1902595,11.92,5.38,0.6
1732028479.2392921,11.98,5.41,0.6
1732028479.2893465,12.03,5.44,0.6
1732028479.3397338,12.09,5.46,0.6
1732028479.3893814,12.15,5.49,0.6
1732028479.44072,12.21,5.52,0.6
1732028479.4894845,12.26,5.55,0.6
1732028479.538521,12.32,5.58,0.6
1732028479.5896904,12.38,5.61,0.6
1732028479.6386652,12.43,5.64,0.6
1732028479.688631,12.49,5.67,0.6
1732028479.7396147,12.55,5.7,0.6
1732028479.793158,12.61,5.73,0.6
1732028479.839035,12.66,5.76,0.6
1732028479.8900983,12.72,5.79,0.6
1732028479.9393594,12.78,5.82,0.59
1732028479.98862,12.83,5.85,0.59
1732028480.0392892,12.89,5.88,0.59
1732028480.088546,12.95,5.91,0.59
1732028480.139703,13.0,5.94,0.59
1732028480.189198,13.06,5.97,0.59
1732028480.2392993,13.12,6.0,0.59
1732028480.288662,13.17,6.03,0.59
1732028480.3387003,13.23,6.06,0.59
1732028480.3889205,13.29,6.09,0.59
1732028480.441302,13.34,6.12,0.59
1732028480.4910607,13.4,6.15,0.59
1732028480.5385199,13.46,6.18,0.59
1732028480.5898168,13.52,6.2,0.59
1732028480.639314,13.57,6.23,0.59
1732028480.689274,13.63,6.26,0.59
1732028480.7387087,13.69,6.29,0.59
1732028480.7896347,13.74,6.32,0.59
1732028480.8402836,13.8,6.35,0.59
1732028480.8888686,13.86,6.38,0.59
1732028480.9399292,13.91,6.41,0.59
1732028480.9921982,13.97,6.44,0.58
1732028481.04073,14.03,6.47,0.58
1732028481.0897899,14.09,6.5,0.58
1732028481.1394255,14.14,6.52,0.58
1732028481.1895409,14.2,6.55,0.58
1732028481.2392108,14.26,6.58,0.58
1732028481.289404,14.32,6.61,0.58
1732028481.3394706,14.37,6.64,0.58
1732028481.3883567,14.43,6.67,0.58
1732028481.4415784,14.49,6.7,0.58
1732028481.4886525,14.55,6.73,0.58
1732028481.5396688,14.6,6.76,0.58
1732028481.5908906,14.66,6.79,0.58
1732028481.6394954,14.72,6.81,0.58
1732028481.6890376,14.78,6.84,0.58
1732028481.7383196,14.83,6.87,0.58
1732028481.7893775,14.89,6.9,0.57
1732028481.8395953,14.95,6.93,0.57
1732028481.8887634,15.01,6.96,0.57
1732028481.9486625,15.07,6.99,0.57
1732028481.9893968,15.12,7.02,0.57
1732028482.0399446,15.18,7.04,0.57
1732028482.0893464,15.24,7.07,0.57
1732028482.1392825,15.3,7.1,0.57
1732028482.1889956,15.36,7.13,0.57
1732028482.238835,15.41,7.16,0.57
1732028482.2891085,15.47,7.19,0.57
1732028482.3389716,15.53,7.22,0.57
1732028482.3892043,15.59,7.24,0.57
1732028482.4389129,15.65,7.27,0.57
1732028482.489206,15.71,7.3,0.57
1732028482.5393581,15.77,7.33,0.57
1732028482.5893328,15.82,7.36,0.57
1732028482.6394498,15.88,7.39,0.57
1732028482.690456,15.94,7.42,0.56
1732028482.7386553,16.0,7.44,0.56
1732028482.7885191,16.06,7.47,0.56
1732028482.838837,16.12,7.5,0.56
1732028482.8897624,16.18,7.53,0.56
1732028482.9387138,16.23,7.56,0.56
1732028482.990148,16.29,7.59,0.56
1732028483.0406103,16.35,7.62,0.56
1732028483.0891547,16.41,7.64,0.56
1732028483.1390185,16.47,7.67,0.56
1732028483.1887214,16.53,7.7,0.56
1732028483.2390814,16.59,7.73,0.56
1732028483.2890024,16.65,7.76,0.56
1732028483.338457,16.71,7.79,0.56
1732028483.3901963,16.77,7.81,0.56
1732028483.442247,16.83,7.84,0.56
1732028483.4887254,16.88,7.87,0.56
1732028483.5388253,16.94,7.9,0.56
1732028483.5894403,17.0,7.93,0.56
1732028483.640324,17.06,7.96,0.56
1732028483.6884458,17.12,7.98,0.56
1732028483.7393172,17.18,8.01,0.56
1732028483.7886693,17.24,8.04,0.56
1732028483.838781,17.3,8.07,0.56
1732028483.8896673,17.36,8.1,0.56
1732028483.9441593,17.42,8.13,0.56
1732028483.989327,17.48,8.16,0.56
1732028484.0388737,17.54,8.18,0.56
1732028484.0895362,17.6,8.21,0.56
1732028484.1403973,17.66,8.24,0.56
1732028484.1901214,17.72,8.27,0.56
1732028484.238837,17.78,8.3,0.56
1732028484.2894547,17.84,8.33,0.56
1732028484.3393075,17.9,8.35,0.56
1732028484.3913949,17.96,8.38,0.56
1732028484.4405909,18.02,8.41,0.56
1732028484.489089,18.07,8.44,0.56
1732028484.5405452,18.13,8.47,0.56
1732028484.588983,18.19,8.5,0.56
1732028484.6402538,18.25,8.52,0.56
1732028484.6892743,18.31,8.55,0.56
1732028484.73847,18.37,8.58,0.56
1732028484.7897146,18.43,8.61,0.56
1732028484.8398976,18.49,8.64,0.56
1732028484.891926,18.55,8.67,0.56
1732028484.940565,18.61,8.7,0.56
1732028484.9893742,18.67,8.72,0.56
1732028485.0394442,18.73,8.75,0.56
1732028485.0890384,18.79,8.78,0.56
1732028485.1384056,18.85,8.81,0.56
1732028485.1886055,18.91,8.84,0.56
1732028485.238827,18.97,8.87,0.56
1732028485.295716,19.03,8.9,0.56
1732028485.3388457,19.09,8.92,0.56
1732028485.3888586,19.15,8.95,0.56
1732028485.4384856,19.21,8.98,0.56
1732028485.488835,19.27,9.01,0.56
1732028485.538624,19.33,9.04,0.56
1732028485.5892665,19.39,9.07,0.56
1732028485.6400354,19.45,9.1,0.56
1732028485.6884682,19.51,9.12,0.56
1732028485.7389297,19.57,9.15,0.56
1732028485.7896023,19.63,9.18,0.56
1732028485.8386178,19.69,9.21,0.56
1732028485.8892581,19.75,9.24,0.56
1732028485.939361,19.81,9.27,0.56
1732028485.9890883,19.87,9.3,0.56
1732028486.0400867,19.93,9.32,0.56
1732028486.0888984,19.99,9.35,0.56
1732028486.1401236,20.05,9.38,0.56
1732028486.1897469,20.11,9.41,0.56
1732028486.2396262,20.17,9.44,0.56
1732028486.2887352,20.23,9.47,0.56
1732028486.3389854,20.29,9.5,0.56
1732028486.3889744,20.35,9.53,0.56
1732028486.4417238,20.41,9.55,0.56
1732028486.4901454,20.47,9.58,0.56
1732028486.5393631,20.53,9.61,0.56
1732028486.5895002,20.59,9.64,0.56
1732028486.6416316,20.65,9.67,0.56
1732028486.6926267,20.71,9.7,0.56
1732028486.738974,20.77,9.73,0.56
1732028486.7896633,20.83,9.76,0.56
1732028486.839454,20.88,9.78,0.56
1732028486.8897634,20.94,9.81,0.56
1732028486.9401014,21.0,9.84,0.56
1732028486.9893909,21.06,9.87,0.56
1732028487.0398126,21.12,9.9,0.56
1732028487.0889564,21.18,9.93,0.56
1732028487.138397,21.24,9.96,0.56
1732028487.188516,21.3,9.99,0.56
1732028487.238992,21.36,10.02,0.56
1732028487.2901485,21.42,10.04,0.56
1732028487.33853,21.48,10.07,0.56
1732028487.3889136,21.54,10.1,0.56
1732028487.4393547,21.6,10.13,0.56
1732028487.4894018,21.66,10.16,0.56
1732028487.543264,21.72,10.19,0.56
1732028487.5890837,21.78,10.22,0.56
1732028487.6421309,21.84,10.25,0.56
1732028487.68865,21.9,10.28,0.56
1732028487.7386165,21.96,10.3,0.56
1732028487.7887726,22.02,10.33,0.56
1732028487.8396177,22.08,10.36,0.56
1732028487.8889592,22.13,10.39,0.56
1732028487.948711,22.19,10.42,0.56
1732028487.9899073,22.25,10.45,0.57
1732028488.0399425,22.31,10.48,0.57
1732028488.089428,22.37,10.51,0.57
1732028488.140244,22.43,10.54,0.57
1732028488.1907594,22.49,10.57,0.57
1732028488.239225,22.55,10.59,0.57
1732028488.2894802,22.61,10.62,0.57
1732028488.338533,22.67,10.65,0.57
1732028488.3885942,22.73,10.68,0.57
1732028488.4387877,22.79,10.71,0.57
1732028488.488408,22.85,10.74,0.57
1732028488.540611,22.91,10.77,0.57
1732028488.5887852,22.96,10.8,0.57
1732028488.6385815,23.02,10.83,0.57
1732028488.6897607,23.08,10.86,0.57
1732028488.7396429,23.14,10.88,0.57
1732028488.7884595,23.2,10.91,0.57
1732028488.838735,23.26,10.94,0.57
1732028488.8887856,23.32,10.97,0.57
1732028488.9422529,23.38,11.0,0.57
1732028488.9898279,23.44,11.03,0.57
1732028489.0403624,23.5,11.06,0.57
1732028489.0907447,23.56,11.09,0.57
1732028489.1399055,23.62,11.12,0.57
1732028489.1924927,23.67,11.15,0.57
1732028489.2399318,23.73,11.17,0.57
1732028489.2886567,23.79,11.2,0.57
1732028489.3386784,23.85,11.23,0.57
1732028489.389899,23.91,11.26,0.57
1732028489.4396439,23.97,11.29,0.57
1732028489.4899852,24.03,11.32,0.57
1732028489.538722,24.09,11.35,0.57
1732028489.5907748,24.15,11.38,0.57
1732028489.63947,24.21,11.41,0.57
1732028489.6885517,24.27,11.44,0.57
1732028489.7387602,24.32,11.46,0.57
1732028489.788822,24.38,11.49,0.57
1732028489.8384647,24.44,11.52,0.57
1732028489.888674,24.5,11.55,0.57
1732028489.938715,24.56,11.58,0.57
1732028489.9895298,24.62,11.61,0.57
1732028490.0388024,24.68,11.64,0.57
1732028490.089698,24.74,11.67,0.57
1732028490.138445,24.8,11.7,0.57
1732028490.1897297,24.86,11.73,0.57
1732028490.2396023,24.91,11.75,0.57
1732028490.288575,24.97,11.78,0.57
1732028490.3396819,25.03,11.81,0.57
1732028490.38864,25.09,11.84,0.57
1732028490.4399421,25.15,11.87,0.57
1732028490.4886863,25.21,11.9,0.57
1732028490.538686,25.27,11.93,0.57
1732028490.5888817,25.33,11.96,0.57
1732028490.6386032,25.39,11.99,0.57
1732028490.6897192,25.45,12.02,0.57
1732028490.7419417,25.5,12.04,0.57
1732028490.7893574,25.56,12.07,0.57
1732028490.839986,25.62,12.1,0.57
1732028490.8894908,25.68,12.13,0.57
1732028490.9395595,25.74,12.16,0.57
1732028490.9890058,25.8,12.19,0.57
1732028491.0386713,25.86,12.22,0.57
1732028491.0894382,25.92,12.25,0.57
1732028491.1390731,25.98,12.28,0.57
1732028491.1890872,26.03,12.3,0.57
1732028491.2392066,26.09,12.33,0.57
1732028491.2893927,26.15,12.36,0.57
1732028491.3389952,26.21,12.39,0.57
1732028491.3887115,26.27,12.42,0.57
1732028491.4388156,26.33,12.45,0.57
1732028491.4901736,26.39,12.48,0.57
1732028491.5391464,26.45,12.51,0.57
1732028491.589363,26.51,12.54,0.57
1732028491.6414018,26.57,12.57,0.57
1732028491.68937,26.62,12.59,0.57
1732028491.7386699,26.68,12.62,0.57
1732028491.7888544,26.74,12.65,0.57
1732028491.8395827,26.8,12.68,0.57
1732028491.889011,26.86,12.71,0.57
1732028491.9398165,26.92,12.74,0.57
1732028491.9904685,26.98,12.77,0.57
1732028492.0409253,27.04,12.8,0.57
1732028492.0898867,27.1,12.83,0.57
1732028492.1472743,27.16,12.85,0.57
1732028492.188951,27.21,12.88,0.57
1732028492.2400198,27.27,12.91,0.57
1732028492.2937117,27.33,12.94,0.57
1732028492.3390598,27.39,12.97,0.57
1732028492.3891988,27.45,13.0,0.57
1732028492.4398153,27.51,13.03,0.57
1732028492.4900641,27.57,13.06,0.57
1732028492.5395696,27.63,13.09,0.57
1732028492.5918622,27.69,13.11,0.57
1732028492.640948,27.75,13.14,0.57
1732028492.689853,27.81,13.17,0.57
1732028492.7391226,27.86,13.2,0.57
1732028492.789919,27.92,13.23,0.57
1732028492.839054,27.98,13.26,0.57
1732028492.8911827,28.04,13.29,0.57
1732028492.9395063,28.1,13.32,0.57
1732028492.9889805,28.16,13.35,0.57
1732028493.039286,28.22,13.37,0.57
1732028493.089712,28.28,13.4,0.57
1732028493.1390908,28.34,13.43,0.57
1732028493.1899235,28.4,13.46,0.57
1732028493.2393138,28.45,13.49,0.57
1732028493.2912686,28.51,13.52,0.57
1732028493.3439653,28.57,13.55,0.57
1732028493.3944044,28.63,13.58,0.57
1732028493.4422667,28.69,13.61,0.57
1732028493.4928882,28.75,13.63,0.57
1732028493.539256,28.81,13.66,0.57
1732028493.5897605,28.87,13.69,0.57
1732028493.639578,28.93,13.72,0.57
1732028493.6911871,28.99,13.75,0.57
1732028493.73861,29.05,13.78,0.57
1732028493.7890282,29.11,13.81,0.57
1732028493.8397787,29.16,13.84,0.57
1732028493.8895018,29.22,13.86,0.57
1732028493.9394832,29.28,13.89,0.57
1732028493.9900115,29.34,13.92,0.57
1732028494.0388052,29.4,13.95,0.57
1732028494.0913618,29.46,13.98,0.57
1732028494.146634,29.52,14.01,0.57
1732028494.196367,29.58,14.04,0.57
1732028494.239034,29.64,14.07,0.57
1732028494.2888303,29.7,14.1,0.57
1732028494.3409417,29.76,14.12,0.57
1732028494.3896887,29.82,14.15,0.57
1732028494.4389176,29.87,14.18,0.56
1732028494.48834,29.93,14.21,0.56
1732028494.5395217,29.99,14.24,0.56
1732028494.5896807,30.05,14.27,0.56
1732028494.6414893,30.11,14.3,0.56
1732028494.6895561,30.17,14.33,0.56
1732028494.7392368,30.23,14.36,0.56
1732028494.7889676,30.29,14.38,0.56
1732028494.8397827,30.35,14.41,0.56
1732028494.8891282,30.41,14.44,0.56
1732028494.9412005,30.47,14.47,0.56
1732028494.9887724,30.53,14.5,0.56
1732028495.0386724,30.58,14.53,0.56
1732028495.0886436,30.64,14.56,0.56
1732028495.1395314,30.7,14.59,0.56
1732028495.189635,30.76,14.62,0.56
1732028495.2393255,30.82,14.64,0.56
1732028495.2895596,30.88,14.67,0.56
1732028495.3390508,30.94,14.7,0.56
1732028495.393192,31.0,14.73,0.56
1732028495.4394786,31.06,14.76,0.56
1732028495.4895828,31.12,14.79,0.56
1732028495.5388286,31.18,14.82,0.56
1732028495.5902448,31.24,14.85,0.56
1732028495.6393178,31.3,14.87,0.56
1732028495.6890228,31.35,14.9,0.56
1732028495.7387846,31.41,14.93,0.56
1732028495.7890937,31.47,14.96,0.56
1732028495.8405466,31.53,14.99,0.56
1732028495.8904166,31.59,15.02,0.56
1732028495.944358,31.65,15.05,0.56
1732028495.9936547,31.71,15.08,0.56
1732028496.038966,31.77,15.11,0.56
1732028496.0885482,31.83,15.13,0.56
1732028496.1394327,31.89,15.16,0.56
1732028496.1888487,31.95,15.19,0.56
1732028496.2393441,32.01,15.22,0.56
1732028496.288349,32.07,15.25,0.56
1732028496.3392918,32.12,15.28,0.56
1732028496.3893783,32.18,15.31,0.56
1732028496.4385748,32.24,15.34,0.56
1732028496.4898546,32.3,15.37,0.56
1732028496.5416715,32.36,15.39,0.56
1732028496.5958176,32.42,15.42,0.56
1732028496.639105,32.48,15.45,0.56
1732028496.6887167,32.54,15.48,0.56
1732028496.7392795,32.6,15.51,0.56
1732028496.7928722,32.66,15.54,0.56
1732028496.8460178,32.72,15.57,0.56
1732028496.8924284,32.78,15.6,0.56
1732028496.942048,32.83,15.63,0.56
1732028496.9925158,32.89,15.65,0.56
1732028497.0389247,32.95,15.68,0.57
1732028497.0886602,33.01,15.71,0.57
1732028497.1399212,33.07,15.74,0.57
1732028497.1888266,33.13,15.77,0.57
1732028497.239935,33.19,15.8,0.57
1732028497.2892082,33.25,15.83,0.57
1732028497.3408303,33.31,15.86,0.57
1732028497.3887827,33.37,15.89,0.57
1732028497.438823,33.43,15.91,0.57
1732028497.4891171,33.49,15.94,0.57
1732028497.5394733,33.55,15.97,0.57
1732028497.588665,33.6,16.0,0.57
1732028497.6446936,33.66,16.03,0.57
1732028497.6891358,33.72,16.06,0.57
1732028497.7388742,33.78,16.09,0.57
1732028497.7888553,33.84,16.12,0.57
1732028497.8402138,33.9,16.15,0.57
1732028497.8897097,33.96,16.17,0.57
1732028497.938901,34.02,16.2,0.57
1732028497.9888566,34.08,16.23,0.57
1732028498.0389404,34.14,16.26,0.57
1732028498.0885983,34.2,16.29,0.57
1732028498.1455626,34.26,16.32,0.57
1732028498.1898031,34.32,16.35,0.57
1732028498.2417517,34.37,16.38,0.57
1732028498.2890499,34.43,16.41,0.57
1732028498.3410866,34.49,16.43,0.57
1732028498.3886921,34.55,16.46,0.57
1732028498.4437165,34.61,16.49,0.57
1732028498.489539,34.67,16.52,0.57
1732028498.5404973,34.73,16.55,0.57
1732028498.588549,34.79,16.58,0.57
1732028498.6388724,34.85,16.61,0.57
1732028498.6893268,34.91,16.64,0.57
1732028498.738484,34.97,16.67,0.57
1732028498.788642,35.03,16.69,0.57
1732028498.8385892,35.08,16.72,0.57
1732028498.8895946,35.14,16.75,0.57
1732028498.9390354,35.2,16.78,0.57
1732028498.9894285,35.26,16.81,0.57
1732028499.038464,35.32,16.84,0.57
1732028499.0884361,35.38,16.87,0.57
1732028499.1403818,35.44,16.9,0.57
1732028499.1897173,35.5,16.93,0.57
1732028499.2387245,35.56,16.95,0.57
1732028499.2894216,35.62,16.98,0.57
1732028499.3383052,35.68,17.01,0.57
1732028499.3899107,35.74,17.04,0.57
1732028499.4418616,35.79,17.07,0.57
1732028499.4901366,35.85,17.1,0.57
1732028499.542642,35.91,17.13,0.57
1732028499.5890872,35.97,17.16,0.57
1732028499.6387115,36.03,17.19,0.57
1732028499.6913078,36.09,17.21,0.57
1732028499.738558,36.15,17.24,0.57
1732028499.7883523,36.21,17.27,0.57
1732028499.8396912,36.27,17.3,0.57
1732028499.8885863,36.33,17.33,0.57
1732028499.9385598,36.39,17.36,0.57
1732028499.9884732,36.45,17.39,0.57
1732028500.0389898,36.5,17.42,0.57
1732028500.0898664,36.56,17.45,0.57
1732028500.1385686,36.62,17.47,0.57
1732028500.188801,36.68,17.5,0.57
1732028500.2383764,36.74,17.53,0.57
1732028500.2890303,36.8,17.56,0.57
1732028500.3382866,36.86,17.59,0.57
1732028500.388398,36.92,17.62,0.57
1732028500.438567,36.98,17.65,0.57
1732028500.4901128,37.04,17.68,0.57
1732028500.5384545,37.1,17.71,0.57
1732028500.5892758,37.16,17.73,0.57
1732028500.6385498,37.21,17.76,0.57
1732028500.6897225,37.27,17.79,0.57
1732028500.7386403,37.33,17.82,0.57
1732028500.7889419,37.39,17.85,0.57
1732028500.8402274,37.45,17.88,0.57
1732028500.888357,37.51,17.91,0.57
1732028500.9397058,37.57,17.94,0.57
1732028500.9907026,37.63,17.97,0.57
1732028501.0396128,37.69,17.99,0.57
1732028501.088393,37.75,18.02,0.57
1732028501.1387117,37.81,18.05,0.57
1732028501.1902459,37.87,18.08,0.57
1732028501.2386625,37.92,18.11,0.57
1732028501.289111,37.98,18.14,0.57
1732028501.3386202,38.04,18.17,0.57
1732028501.3897514,38.1,18.2,0.57
1732028501.4390128,38.16,18.23,0.57
1732028501.488829,38.22,18.25,0.57
1732028501.5390277,38.28,18.28,0.57
1732028501.5904794,38.34,18.31,0.57
1732028501.638334,38.4,18.34,0.57
1732028501.689724,38.46,18.37,0.57
1732028501.7394974,38.52,18.4,0.57
1732028501.7897713,38.57,18.43,0.57
1732028501.8399343,38.63,18.46,0.57
1732028501.8885891,38.69,18.49,0.57
1732028501.944471,38.75,18.51,0.57
1732028501.9883866,38.81,18.54,0.57
1732028502.0396242,38.87,18.57,0.57
1732028502.088502,38.93,18.6,0.57
1732028502.1386654,38.99,18.63,0.57
1732028502.1887622,39.05,18.66,0.57
1732028502.2385738,39.11,18.69,0.57
1732028502.288454,39.17,18.72,0.57
1732028502.3390508,39.23,18.75,0.57
1732028502.3916519,39.28,18.77,0.57
1732028502.4386485,39.34,18.8,0.57
1732028502.4887707,39.4,18.83,0.57
1732028502.5391295,39.46,18.86,0.57
1732028502.5886128,39.52,18.89,0.57
1732028502.6390488,39.58,18.92,0.57
1732028502.688565,39.64,18.95,0.57
1732028502.739632,39.7,18.98,0.57
1732028502.7893243,39.76,19.01,0.57
1732028502.8419673,39.82,19.03,0.57
1732028502.890049,39.88,19.06,0.57
1732028502.9395638,39.94,19.09,0.57
1732028502.988919,39.99,19.12,0.57
1732028503.0384328,40.05,19.15,0.57
1732028503.08849,40.11,19.18,0.57
1732028503.1405249,40.17,19.21,0.57
1732028503.1885617,40.23,19.24,0.57
1732028503.239596,40.29,19.27,0.57
1732028503.2894816,40.35,19.29,0.57
1732028503.3387427,40.41,19.32,0.57
1732028503.388563,40.47,19.35,0.57
1732028503.4384232,40.53,19.38,0.57
1732028503.4885855,40.59,19.41,0.57
1732028503.5399103,40.65,19.44,0.57
1732028503.5883396,40.7,19.47,0.57
1732028503.6423192,40.76,19.5,0.57
1732028503.6891286,40.82,19.53,0.57
1732028503.7390678,40.88,19.55,0.57
1732028503.7886176,40.94,19.58,0.57
1732028503.8386507,41.0,19.61,0.57
1732028503.8889487,41.06,19.64,0.57
1732028503.9388123,41.12,19.67,0.57
1732028503.989461,41.18,19.7,0.57
1732028504.038884,41.24,19.73,0.57
1732028504.0897334,41.3,19.76,0.57
1732028504.138984,41.36,19.79,0.57
1732028504.1889725,41.41,19.81,0.57
1732028504.2403054,41.47,19.84,0.57
1732028504.2896814,41.53,19.87,0.57
1732028504.3383727,41.59,19.9,0.57
1732028504.3907971,41.65,19.93,0.57
1732028504.439908,41.71,19.96,0.57
1732028504.4886997,41.77,19.99,0.57
1732028504.539114,41.83,20.02,0.57
1732028504.590085,41.89,20.05,0.57
1732028504.6401258,41.95,20.07,0.57
1732028504.6887455,42.01,20.1,0.57
1732028504.7387025,42.06,20.13,0.57
1732028504.7890053,42.12,20.16,0.57
1732028504.839013,42.18,20.19,0.57
1732028504.8917344,42.24,20.22,0.57
1732028504.9385958,42.3,20.25,0.57
1732028504.9885688,42.36,20.28,0.57
1732028505.0417783,42.42,20.31,0.57
1732028505.088729,42.48,20.33,0.57
1732028505.1386309,42.54,20.36,0.57
1732028505.1888304,42.6,20.39,0.57
1732028505.2421498,42.66,20.42,0.57
1732028505.2889693,42.72,20.45,0.57
1732028505.3389904,42.77,20.48,0.57
1732028505.3901198,42.83,20.51,0.57
1732028505.4392607,42.89,20.54,0.57
1732028505.4885187,42.95,20.57,0.57
1732028505.5438485,43.01,20.59,0.57
1732028505.59093,43.07,20.62,0.57
1732028505.639055,43.13,20.65,0.57
1732028505.6888814,43.19,20.68,0.57
1732028505.7395797,43.25,20.71,0.57
1732028505.7886147,43.31,20.74,0.57
1732028505.838429,43.37,20.77,0.57
1732028505.888792,43.43,20.8,0.57
1732028505.9390287,43.48,20.83,0.57
1732028505.988658,43.54,20.85,0.57
1732028506.0388129,43.6,20.88,0.57
1732028506.0883262,43.66,20.91,0.57
1732028506.138726,43.72,20.94,0.57
1732028506.1900249,43.78,20.97,0.57
1732028506.2391214,43.84,21.0,0.57
1732028506.291001,43.9,21.03,0.57
1732028506.3397639,43.96,21.06,0.57
1732028506.3895931,44.02,21.09,0.57
1732028506.4393928,44.08,21.11,0.57
1732028506.4885452,44.14,21.14,0.57
1732028506.53851,44.2,21.17,0.57
1732028506.5891457,44.25,21.2,0.57
1732028506.638696,44.31,21.23,0.57
1732028506.6894763,44.37,21.26,0.57
1732028506.7395532,44.43,21.29,0.57
1732028506.7925036,44.49,21.32,0.57
1732028506.8400695,44.55,21.35,0.57
1732028506.8892462,44.61,21.37,0.57
1732028506.9396467,44.67,21.4,0.57
1732028506.9910727,44.73,21.43,0.57
1732028507.0387485,44.79,21.46,0.57
1732028507.0923393,44.85,21.49,0.57
1732028507.1387186,44.91,21.52,0.57
1732028507.1885512,44.96,21.55,0.57
1732028507.2388554,45.02,21.58,0.57
1732028507.289329,45.08,21.61,0.57
1732028507.34196,45.14,21.63,0.57
1732028507.3899713,45.2,21.66,0.57
1732028507.4395282,45.26,21.69,0.57
1732028507.4979217,45.32,21.72,0.57
1732028507.5387397,45.38,21.75,0.57
1732028507.5896935,45.44,21.78,0.57
1732028507.6402009,45.5,21.81,0.57
1732028507.691874,45.56,21.84,0.57
1732028507.7401376,45.62,21.87,0.57
1732028507.7933125,45.67,21.89,0.57
1732028507.838823,45.73,21.92,0.57
1732028507.8895762,45.79,21.95,0.57
1732028507.9391544,45.85,21.98,0.57
1732028507.989373,45.91,22.01,0.57
1732028508.0405858,45.97,22.04,0.57
1732028508.0899947,46.03,22.07,0.57
1732028508.1391764,46.09,22.1,0.57
1732028508.1885045,46.15,22.13,0.57
1732028508.239185,46.21,22.15,0.57
1732028508.2895494,46.27,22.18,0.57
1732028508.345694,46.33,22.21,0.57
1732028508.3893452,46.38,22.24,0.57
1732028508.4388833,46.44,22.27,0.57
1732028508.4928565,46.5,22.3,0.57
1732028508.5387795,46.56,22.33,0.57
1732028508.590517,46.62,22.36,0.57
1732028508.6386795,46.68,22.39,0.57
1732028508.688608,46.74,22.41,0.57
1732028508.7397115,46.8,22.44,0.57
1732028508.7888079,46.86,22.47,0.57
1732028508.839392,46.92,22.5,0.57
1732028508.8895595,46.98,22.53,0.57
1732028508.9386945,47.04,22.56,0.57
1732028508.9886765,47.09,22.59,0.57
1732028509.0399792,47.15,22.62,0.57
1732028509.088633,47.21,22.65,0.57
1732028509.139029,47.27,22.67,0.57
1732028509.1888692,47.33,22.7,0.57
1732028509.239108,47.39,22.73,0.57
1732028509.2888105,47.45,22.76,0.57
1732028509.3400784,47.51,22.79,0.57
1732028509.3941727,47.57,22.82,0.57
1732028509.4442368,47.63,22.85,0.57
1732028509.4917827,47.69,22.88,0.57
1732028509.5388143,47.75,22.91,0.57
1732028509.588738,47.8,22.93,0.57
1732028509.6390042,47.86,22.96,0.57
1732028509.6886413,47.92,22.99,0.57
1732028509.739449,47.98,23.02,0.57
1732028509.7884722,48.04,23.05,0.57
1732028509.838557,48.1,23.08,0.57
1732028509.8895822,48.16,23.11,0.57
1732028509.9388816,48.22,23.14,0.57
1732028509.9888153,48.28,23.17,0.57
1732028510.038579,48.34,23.19,0.57
1732028510.0884318,48.4,23.22,0.57
1732028510.1398656,48.46,23.25,0.57
1732028510.189413,48.51,23.28,0.57
1732028510.238432,48.57,23.31,0.57
1732028510.2915647,48.63,23.34,0.57
1732028510.3396263,48.69,23.37,0.57
1732028510.4013689,48.75,23.4,0.57
1732028510.4417825,48.81,23.43,0.57
1732028510.4909942,48.87,23.45,0.57
1732028510.5411718,48.93,23.48,0.57
1732028510.5898378,48.99,23.51,0.57
1732028510.6409662,49.05,23.54,0.57
1732028510.6931884,49.11,23.57,0.57
1732028510.7384183,49.17,23.6,0.57
1732028510.7883599,49.22,23.63,0.57
1732028510.838564,49.28,23.66,0.57
1732028510.8887453,49.34,23.69,0.57
1732028510.9388578,49.4,23.71,0.57
1732028510.9888735,49.46,23.74,0.57
1732028511.0393372,49.52,23.77,0.57
1732028511.0892773,49.58,23.8,0.57
1732028511.1397593,49.64,23.83,0.57
1732028511.1889899,49.7,23.86,0.57
1732028511.2384226,49.76,23.89,0.57
1732028511.2890139,49.82,23.92,0.57
1732028511.339957,49.88,23.95,0.57
1732028511.3965724,49.93,23.97,0.57
1732028511.4416506,49.99,24.0,0.57
1732028511.4886234,50.05,24.03,0.57
1732028511.5385277,50.11,24.06,0.57
1732028511.5889282,50.17,24.09,0.57
1732028511.6384213,50.23,24.12,0.57
1732028511.6884842,50.29,24.15,0.57
1732028511.7398684,50.35,24.18,0.57
1732028511.7895906,50.41,24.21,0.57
1732028511.841235,50.47,24.23,0.57
1732028511.8898442,50.53,24.26,0.57
1732028511.9394295,50.59,24.29,0.57
1732028511.9896195,50.64,24.32,0.57
1732028512.0398333,50.7,24.35,0.57
1732028512.088592,50.76,24.38,0.57
1732028512.1407263,50.82,24.41,0.57
1732028512.1905117,50.88,24.44,0.57
1732028512.2391386,50.94,24.47,0.57
1732028512.289054,51.0,24.49,0.57
1732028512.3392477,51.06,24.52,0.57
1732028512.3897276,51.12,24.55,0.57
1732028512.439367,51.18,24.58,0.57
1732028512.4895828,51.24,24.61,0.57
1732028512.539361,51.3,24.64,0.57
1732028512.5889068,51.35,24.67,0.57
1732028512.638702,51.41,24.7,0.57
1732028512.6891477,51.47,24.73,0.57
1732028512.742723,51.53,24.75,0.57
1732028512.788554,51.59,24.78,0.57
1732028512.8389525,51.65,24.81,0.57
1732028512.8959231,51.71,24.84,0.57
1732028512.9391687,51.77,24.87,0.57
1732028512.9958477,51.83,24.9,0.57
1732028513.04551,51.89,24.93,0.57
1732028513.0936422,51.95,24.96,0.57
1732028513.1415622,52.0,24.99,0.57
1732028513.194017,52.06,25.01,0.57
1732028513.2392292,52.12,25.04,0.57
1732028513.2883685,52.18,25.07,0.57
1732028513.3386686,52.24,25.1,0.57
1732028513.3890166,52.3,25.13,0.57
1732028513.4395242,52.36,25.16,0.57
1732028513.4904776,52.42,25.19,0.57
1732028513.5417316,52.48,25.22,0.57
1732028513.590415,52.54,25.25,0.57
1732028513.6406348,52.6,25.27,0.57
1732028513.6940117,52.66,25.3,0.57
1732028513.73861,52.71,25.33,0.57
1732028513.7891235,52.77,25.36,0.57
1732028513.8386068,52.83,25.39,0.57
1732028513.8887012,52.89,25.42,0.57
1732028513.938671,52.95,25.45,0.57
1732028513.988569,53.01,25.48,0.57
1732028514.0387654,53.07,25.51,0.57
1732028514.091861,53.13,25.53,0.57
1732028514.1444986,53.19,25.56,0.57
1732028514.194772,53.25,25.59,0.57
1732028514.238663,53.31,25.62,0.57
1732028514.2890294,53.37,25.65,0.57
1732028514.3387792,53.42,25.68,0.57
1732028514.3895316,53.48,25.71,0.57
1732028514.4404066,53.54,25.74,0.57
1732028514.4890406,53.6,25.77,0.57
1732028514.5388038,53.66,25.79,0.57
1732028514.5888095,53.72,25.82,0.57
1732028514.639013,53.78,25.85,0.57
1732028514.6897857,53.84,25.88,0.57
1732028514.7397842,53.9,25.91,0.57
1732028514.7890046,53.96,25.94,0.57
1732028514.839201,54.02,25.97,0.57
1732028514.888518,54.08,26.0,0.57
1732028514.9404063,54.13,26.03,0.57
1732028514.989002,54.19,26.05,0.57
1732028515.0390494,54.25,26.08,0.57
1732028515.0885682,54.31,26.11,0.57
1732028515.1395144,54.37,26.14,0.57
1732028515.1885178,54.43,26.17,0.57
1732028515.2388034,54.49,26.2,0.57
1732028515.2886238,54.55,26.23,0.57
1732028515.3388913,54.61,26.26,0.57
1732028515.388611,54.67,26.29,0.57
1732028515.4390056,54.73,26.31,0.57
1732028515.4893246,54.79,26.34,0.57
1732028515.5390441,54.84,26.37,0.57
1732028515.5885413,54.9,26.4,0.57
1732028515.6383533,54.96,26.43,0.57
1732028515.6885223,55.02,26.46,0.57
1732028515.7404332,55.08,26.49,0.57
1732028515.7889798,55.14,26.52,0.57
1732028515.8434317,55.2,26.55,0.57
1732028515.8918438,55.26,26.57,0.57
1732028515.940123,55.32,26.6,0.57
1732028515.9913597,55.38,26.63,0.57
1732028516.0388768,55.44,26.66,0.57
1732028516.0911078,55.5,26.69,0.57
1732028516.1420138,55.55,26.72,0.57
1732028516.1895297,55.61,26.75,0.57
1732028516.238386,55.67,26.78,0.57
1732028516.2887113,55.73,26.81,0.57
1732028516.3402114,55.79,26.83,0.57
1732028516.3897727,55.85,26.86,0.57
1732028516.438487,55.91,26.89,0.57
1732028516.4896722,55.97,26.92,0.57
1732028516.5403466,56.03,26.95,0.57
1732028516.5887027,56.09,26.98,0.57
1732028516.6386375,56.15,27.01,0.57
1732028516.6903343,56.21,27.04,0.57
1732028516.73942,56.26,27.07,0.57
1732028516.7891645,56.32,27.09,0.57
1732028516.838544,56.38,27.12,0.57
1732028516.8893929,56.44,27.15,0.57
1732028516.9397824,56.5,27.18,0.57
1732028516.9927964,56.56,27.21,0.57
1732028517.040125,56.62,27.24,0.57
1732028517.0903,56.68,27.27,0.57
1732028517.1393754,56.74,27.3,0.57
1732028517.1913252,56.8,27.32,0.57
1732028517.2388396,56.86,27.35,0.57
1732028517.2892914,56.92,27.38,0.57
1732028517.3405068,56.97,27.41,0.57
1732028517.388925,57.03,27.44,0.57
1732028517.439846,57.09,27.47,0.57
1732028517.4904332,57.15,27.5,0.57
1732028517.5396006,57.21,27.53,0.57
1732028517.5905,57.27,27.56,0.57
1732028517.6391885,57.33,27.58,0.57
1732028517.6885657,57.39,27.61,0.57
1732028517.739706,57.45,27.64,0.57
1732028517.7892234,57.51,27.67,0.57
1732028517.8395374,57.57,27.7,0.57
1732028517.888898,57.63,27.73,0.57
1732028517.9403608,57.68,27.76,0.57
1732028517.9887125,57.74,27.79,0.57
1732028518.0389712,57.8,27.82,0.57
1732028518.0905294,57.86,27.84,0.57
1732028518.1390378,57.92,27.87,0.57
1732028518.1890852,57.98,27.9,0.57
1732028518.2390552,58.04,27.93,0.57
1732028518.290988,58.1,27.96,0.57
1732028518.338338,58.16,27.99,0.57
1732028518.3887565,58.22,28.02,0.57
1732028518.4385345,58.28,28.05,0.57
1732028518.4901493,58.34,28.08,0.57
1732028518.539689,58.39,28.1,0.57
1732028518.589815,58.45,28.13,0.57
1732028518.6383965,58.51,28.16,0.57
1732028518.688622,58.57,28.19,0.57
1732028518.7389843,58.63,28.22,0.57
1732028518.788947,58.69,28.25,0.57
1732028518.8384025,58.75,28.28,0.57
1732028518.88945,58.81,28.31,0.57
1732028518.9395292,58.87,28.34,0.57
1732028518.9888396,58.93,28.36,0.57
1732028519.0390923,58.99,28.39,0.57
1732028519.0890176,59.05,28.42,0.57
1732028519.1406665,59.1,28.45,0.57
1732028519.1888263,59.16,28.48,0.57
1732028519.2390814,59.22,28.51,0.57
1732028519.290807,59.28,28.54,0.57
1732028519.3393502,59.34,28.57,0.57
1732028519.3890605,59.4,28.6,0.57
1732028519.439047,59.46,28.62,0.57
1732028519.488987,59.52,28.65,0.57
1732028519.5385528,59.58,28.68,0.57
1732028519.5898921,59.64,28.71,0.57
1732028519.640069,59.7,28.74,0.57
1732028519.690064,59.76,28.77,0.57
1732028519.740156,59.81,28.8,0.57
1732028519.789003,59.87,28.83,0.57
1732028519.8402915,59.93,28.86,0.57
1732028519.888906,59.99,28.88,0.57
1732028519.938599,60.05,28.91,0.57
1732028519.9888954,60.11,28.94,0.57
1732028520.0416167,60.17,28.97,0.57
1732028520.0894449,60.23,29.0,0.57
1732028520.1398265,60.29,29.03,0.57
1732028520.189426,60.35,29.06,0.57
1732028520.2399933,60.41,29.09,0.57
1732028520.2884655,60.47,29.12,0.57
1732028520.3393714,60.52,29.14,0.57
1732028520.3893864,60.58,29.17,0.57
1732028520.4386039,60.64,29.2,0.57
1732028520.4894595,60.7,29.23,0.57
1732028520.5396926,60.76,29.26,0.57
1732028520.5898857,60.82,29.29,0.57
1732028520.6384432,60.88,29.32,0.57
1732028520.69073,60.94,29.35,0.57
1732028520.7397406,61.0,29.38,0.57
1732028520.7913086,61.06,29.4,0.57
1732028520.8393524,61.12,29.43,0.57
1732028520.8931623,61.18,29.46,0.57
1732028520.9395158,61.23,29.49,0.57
1732028520.9896448,61.29,29.52,0.57
1732028521.047624,61.35,29.55,0.57
1732028521.0898888,61.41,29.58,0.57
1732028521.1384823,61.47,29.61,0.57
1732028521.1918252,61.53,29.64,0.57
1732028521.2384887,61.59,29.66,0.57
1732028521.2893624,61.65,29.69,0.57
1732028521.3383703,61.71,29.72,0.57
1732028521.3886728,61.77,29.75,0.57
1732028521.4388828,61.83,29.78,0.57
1732028521.4893281,61.89,29.81,0.57
1732028521.5388856,61.94,29.84,0.57
1732028521.5892158,62.0,29.87,0.57
1732028521.6387668,62.06,29.9,0.57
1732028521.6904275,62.12,29.92,0.57
1732028521.7388906,62.18,29.95,0.57
1732028521.7889447,62.24,29.98,0.57
1732028521.838705,62.3,30.01,0.57
1732028521.8901365,62.36,30.04,0.57
1732028521.939659,62.42,30.07,0.57
1732028521.9909935,62.48,30.1,0.57
1732028522.0386672,62.54,30.13,0.57
1732028522.0889716,62.6,30.16,0.57
1732028522.1383755,62.65,30.18,0.57
1732028522.1899638,62.71,30.21,0.57
1732028522.239748,62.77,30.24,0.57
1732028522.288736,62.83,30.27,0.57
1732028522.3386276,62.89,30.3,0.57
1732028522.3914373,62.95,30.33,0.57
1732028522.4389474,63.01,30.36,0.57
1732028522.4889178,63.07,30.39,0.57
1732028522.538295,63.13,30.42,0.57
1732028522.5886807,63.19,30.44,0.57
1732028522.6390276,63.25,30.47,0.57
1732028522.6890857,63.31,30.5,0.57
1732028522.7398424,63.36,30.53,0.57
1732028522.7928028,63.42,30.56,0.57
1732028522.8389978,63.48,30.59,0.57
1732028522.889332,63.54,30.62,0.57
1732028522.9404514,63.6,30.65,0.57
1732028522.9886107,63.66,30.68,0.57
1732028523.0390155,63.72,30.7,0.57
1732028523.08863,63.78,30.73,0.57
1732028523.1391401,63.84,30.76,0.57
1732028523.188634,63.9,30.79,0.57
1732028523.2452297,63.96,30.82,0.57
1732028523.292258,64.02,30.85,0.57
1732028523.3392007,64.07,30.88,0.57
1732028523.3886645,64.13,30.91,0.57
1732028523.4428437,64.19,30.94,0.57
1732028523.488552,64.25,30.96,0.57
1732028523.5393722,64.31,30.99,0.57
1732028523.5887022,64.37,31.02,0.57
1732028523.638705,64.43,31.05,0.57
1732028523.6889064,64.49,31.08,0.57
1732028523.7386286,64.55,31.11,0.57
1732028523.7888348,64.61,31.14,0.57
1732028523.838543,64.67,31.17,0.57
1732028523.8885329,64.73,31.2,0.57
1732028523.9388537,64.78,31.22,0.57
1732028523.9902668,64.84,31.25,0.57
1732028524.042659,64.9,31.28,0.57
1732028524.0886786,64.96,31.31,0.57
1732028524.1406562,65.02,31.34,0.57
1732028524.1885545,65.08,31.37,0.57
1732028524.2419095,65.14,31.4,0.57
1732028524.2899814,65.2,31.43,0.57
1732028524.33888,65.26,31.46,0.57
1732028524.3888407,65.32,31.48,0.57
1732028524.4400668,65.38,31.51,0.57
1732028524.4900599,65.44,31.54,0.57
1732028524.5452597,65.49,31.57,0.57
1732028524.5919187,65.55,31.6,0.57
1732028524.6408405,65.61,31.63,0.57
1732028524.688658,65.67,31.66,0.57
1732028524.7390454,65.73,31.69,0.57
1732028524.789558,65.79,31.72,0.57
1732028524.8387685,65.85,31.74,0.57
1732028524.8890593,65.91,31.77,0.57
1732028524.938723,65.97,31.8,0.57
1732028524.98952,66.03,31.83,0.57
1732028525.039628,66.09,31.86,0.57
1732028525.0890467,66.15,31.89,0.57
1732028525.1385024,66.2,31.92,0.57
1732028525.191376,66.26,31.95,0.57
1732028525.2383397,66.32,31.98,0.57
1732028525.289559,66.38,32.0,0.57
1732028525.3433259,66.44,32.03,0.57
1732028525.389524,66.5,32.06,0.57
1732028525.43946,66.56,32.09,0.57
1732028525.4899836,66.62,32.12,0.57
1732028525.5464156,66.68,32.15,0.57
1732028525.5890186,66.74,32.18,0.57
1732028525.6393397,66.8,32.21,0.57
1732028525.6888392,66.86,32.24,0.57
1732028525.7385182,66.91,32.26,0.57
1732028525.788735,66.97,32.29,0.57
1732028525.8395464,67.03,32.32,0.57
1732028525.8890646,67.09,32.35,0.57
1732028525.9397233,67.15,32.38,0.57
1732028525.988661,67.21,32.41,0.57
1732028526.0386395,67.27,32.44,0.57
1732028526.0896833,67.33,32.47,0.57
1732028526.139065,67.39,32.5,0.57
1732028526.1885335,67.45,32.52,0.57
1732028526.2401488,67.51,32.55,0.57
1732028526.289618,67.57,32.58,0.57
1732028526.3389475,67.62,32.61,0.57
1732028526.3889005,67.68,32.64,0.57
1732028526.4398303,67.74,32.67,0.57
1732028526.4894948,67.8,32.7,0.57
1732028526.5386312,67.86,32.73,0.57
1732028526.58852,67.92,32.76,0.57
1732028526.6389642,67.98,32.78,0.57
1732028526.6887004,68.04,32.81,0.57
1732028526.739427,68.1,32.84,0.57
1732028526.7891083,68.16,32.87,0.57
1732028526.8388245,68.22,32.9,0.57
1732028526.8885992,68.28,32.93,0.57
1732028526.9387734,68.33,32.96,0.57
1732028526.9906235,68.39,32.99,0.57
1732028527.0412912,68.45,33.02,0.57
1732028527.0943484,68.51,33.04,0.57
1732028527.1618712,68.57,33.07,0.57
1732028527.1963186,68.63,33.1,0.57
1732028527.2406573,68.69,33.13,0.57
1732028527.2909005,68.75,33.16,0.57
1732028527.3462827,68.81,33.19,0.57
1732028527.390923,68.87,33.22,0.57
1732028527.4431753,68.93,33.25,0.57
1732028527.490079,68.99,33.28,0.57
1732028527.5410233,69.04,33.3,0.57
1732028527.5925655,69.1,33.33,0.57
1732028527.6428077,69.16,33.36,0.57
1732028527.6917548,69.22,33.39,0.57
1732028527.7392578,69.28,33.42,0.57
1732028527.7887676,69.34,33.45,0.57
1732028527.8383622,69.4,33.48,0.57
1732028527.8890593,69.46,33.51,0.57
1732028527.9385788,69.52,33.54,0.57
1732028527.9894907,69.58,33.56,0.57
1732028528.038785,69.64,33.59,0.57
1732028528.0889835,69.7,33.62,0.57
1732028528.1396108,69.75,33.65,0.57
1732028528.1886635,69.81,33.68,0.57
1732028528.241281,69.87,33.71,0.57
1732028528.2886949,69.93,33.74,0.57
1732028528.3404715,69.99,33.77,0.57
1732028528.3897061,70.05,33.8,0.57
1732028528.4397347,70.11,33.82,0.57
1732028528.489752,70.17,33.85,0.57
1732028528.542318,70.23,33.88,0.57
1732028528.5899773,70.29,33.91,0.57
1732028528.6401591,70.35,33.94,0.57
1732028528.6901407,70.41,33.97,0.57
1732028528.7407496,70.46,34.0,0.57
1732028528.793108,70.52,34.03,0.57
1732028528.8399196,70.58,34.06,0.57
1732028528.8914118,70.64,34.08,0.57
1732028528.9460275,70.7,34.11,0.57
1732028528.9887147,70.76,34.14,0.57
1732028529.0401833,70.82,34.17,0.57
1732028529.0894365,70.88,34.2,0.57
1732028529.1401417,70.94,34.23,0.57
1732028529.1925054,71.0,34.26,0.57
1732028529.2384138,71.06,34.29,0.57
1732028529.2884421,71.12,34.32,0.57
1732028529.338639,71.17,34.34,0.57
1732028529.3890748,71.23,34.37,0.57
1732028529.439087,71.29,34.4,0.57
1732028529.4892964,71.35,34.43,0.57
1732028529.5387368,71.41,34.46,0.57
1732028529.589281,71.47,34.49,0.57
1732028529.640096,71.53,34.52,0.57
1732028529.6893966,71.59,34.55,0.57
1732028529.7395105,71.65,34.58,0.57
1732028529.7893605,71.71,34.6,0.57
1732028529.8395264,71.77,34.63,0.57
1732028529.8899045,71.83,34.66,0.57
1732028529.939581,71.88,34.69,0.57
1732028529.9890451,71.94,34.72,0.57
1732028530.0394304,72.0,34.75,0.57
1732028530.0887446,72.06,34.78,0.57
1732028530.138728,72.12,34.81,0.57
1732028530.1885247,72.18,34.84,0.57
1732028530.2385025,72.24,34.86,0.57
1732028530.2891135,72.3,34.89,0.57
1732028530.3386278,72.36,34.92,0.57
1732028530.3890483,72.42,34.95,0.57
1732028530.4383385,72.48,34.98,0.57
1732028530.4894707,72.54,35.01,0.57
1732028530.539317,72.59,35.04,0.57
1732028530.5915165,72.65,35.07,0.57
1732028530.6390007,72.71,35.1,0.57
1732028530.6918314,72.77,35.12,0.57
1732028530.7389627,72.83,35.15,0.57
1732028530.7887657,72.89,35.18,0.57
1732028530.8387303,72.95,35.21,0.57
1732028530.8892941,73.01,35.24,0.57
1732028530.9387987,73.07,35.27,0.57
1732028530.9887838,73.13,35.3,0.57
1732028531.0384867,73.19,35.33,0.57
1732028531.088574,73.25,35.36,0.57
1732028531.140384,73.3,35.38,0.57
1732028531.190186,73.36,35.41,0.57
1732028531.2388437,73.42,35.44,0.57
1732028531.2901504,73.48,35.47,0.57
1732028531.3414974,73.54,35.5,0.57
1732028531.3917108,73.6,35.53,0.57
1732028531.4400835,73.66,35.56,0.57
1732028531.4933498,73.72,35.59,0.57
1732028531.5393603,73.78,35.62,0.57
1732028531.5888703,73.84,35.64,0.57
1732028531.6425662,73.9,35.67,0.57
1732028531.6889355,73.96,35.7,0.57
1732028531.7384753,74.01,35.73,0.57
1732028531.7896087,74.07,35.76,0.57
1732028531.8394747,74.13,35.79,0.57
1732028531.8883657,74.19,35.82,0.57
1732028531.939859,74.25,35.85,0.57
1732028531.9888537,74.31,35.88,0.57
1732028532.0384898,74.37,35.9,0.57
1732028532.0889745,74.43,35.93,0.57
1732028532.1388054,74.49,35.96,0.57
1732028532.1892805,74.55,35.99,0.57
1732028532.2399924,74.61,36.02,0.57
1732028532.2893362,74.67,36.05,0.57
1732028532.3389747,74.72,36.08,0.57
1732028532.3885424,74.78,36.11,0.57
1732028532.440002,74.84,36.14,0.57
1732028532.4886873,74.9,36.16,0.57
1732028532.540495,74.96,36.19,0.57
1732028532.5888386,75.02,36.22,0.57
1732028532.6396673,75.08,36.25,0.57
1732028532.6899514,75.14,36.28,0.57
1732028532.7401323,75.2,36.31,0.57
1732028532.7889848,75.26,36.34,0.57
1732028532.8385477,75.32,36.37,0.57
1732028532.8911192,75.38,36.4,0.57
1732028532.9452116,75.43,36.42,0.57
1732028532.988325,75.49,36.45,0.57
1732028533.0388162,75.55,36.48,0.57
1732028533.0887392,75.61,36.51,0.57
1732028533.13871,75.67,36.54,0.57
1732028533.1883314,75.73,36.57,0.57
1732028533.2417417,75.79,36.6,0.57
1732028533.2887592,75.85,36.63,0.57
1732028533.3385057,75.91,36.66,0.57
1732028533.3886993,75.97,36.68,0.57
1732028533.4395149,76.03,36.71,0.57
1732028533.4890265,76.09,36.74,0.57
1732028533.5385034,76.14,36.77,0.57
1732028533.5886507,76.2,36.8,0.57
1732028533.6388364,76.26,36.83,0.57
1732028533.6889737,76.32,36.86,0.57
1732028533.7395768,76.38,36.89,0.57
1732028533.7887037,76.44,36.92,0.57
1732028533.8397703,76.5,36.94,0.57
1732028533.8886583,76.56,36.97,0.57
1732028533.9388301,76.62,37.0,0.57
1732028533.9891727,76.68,37.03,0.57
1732028534.04105,76.74,37.06,0.57
1732028534.0890298,76.8,37.09,0.57
1732028534.1394935,76.85,37.12,0.57
1732028534.192793,76.91,37.15,0.57
1732028534.2396724,76.97,37.18,0.57
1732028534.2896707,77.03,37.2,0.57
1732028534.3390608,77.09,37.23,0.57
1732028534.3889213,77.15,37.26,0.57
1732028534.4384568,77.21,37.29,0.57
1732028534.4884698,77.27,37.32,0.57
1732028534.5419552,77.33,37.35,0.57
1732028534.5896184,77.39,37.38,0.57
1732028534.638575,77.45,37.41,0.57
1732028534.6885607,77.51,37.44,0.57
1732028534.7385523,77.56,37.46,0.57
1732028534.7889807,77.62,37.49,0.57
1732028534.8462489,77.68,37.52,0.57
1732028534.889756,77.74,37.55,0.57
1732028534.9387827,77.8,37.58,0.57
1732028534.9890995,77.86,37.61,0.57
1732028535.0397375,77.92,37.64,0.57
1732028535.0903227,77.98,37.67,0.57
1732028535.13871,78.04,37.7,0.57
1732028535.1910238,78.1,37.72,0.57
1732028535.2389448,78.16,37.75,0.57
1732028535.2891808,78.22,37.78,0.57
1732028535.339927,78.27,37.81,0.57
1732028535.3887236,78.33,37.84,0.57
1732028535.4405363,78.39,37.87,0.57
1732028535.4884799,78.45,37.9,0.57
1732028535.5395973,78.51,37.93,0.57
1732028535.591791,78.57,37.96,0.57
1732028535.6393285,78.63,37.98,0.57
1732028535.688495,78.69,38.01,0.57
1732028535.7390423,78.75,38.04,0.57
1732028535.7893214,78.81,38.07,0.57
1732028535.841,78.87,38.1,0.57
1732028535.888859,78.93,38.13,0.57
1732028535.9388366,78.98,38.16,0.57
1732028535.9906764,79.04,38.19,0.57
1732028536.0398805,79.1,38.22,0.57
1732028536.0912154,79.16,38.24,0.57
1732028536.139018,79.22,38.27,0.57
1732028536.1884546,79.28,38.3,0.57
1732028536.2391768,79.34,38.33,0.57
1732028536.2894177,79.4,38.36,0.57
1732028536.3385637,79.46,38.39,0.57
1732028536.3895173,79.52,38.42,0.57
1732028536.439433,79.58,38.45,0.57
1732028536.48942,79.63,38.48,0.57
1732028536.5389311,79.69,38.5,0.57
1732028536.5900176,79.75,38.53,0.57
1732028536.6396203,79.81,38.56,0.57
1732028536.6883698,79.87,38.59,0.57
1732028536.7396638,79.93,38.62,0.57
1732028536.7888825,79.99,38.65,0.57
1732028536.8386574,80.05,38.68,0.57
1732028536.8895133,80.11,38.71,0.57
1732028536.9390988,80.17,38.74,0.57
1732028536.9894843,80.23,38.76,0.57
1732028537.0397997,80.29,38.79,0.57
1732028537.0886946,80.34,38.82,0.57
1732028537.1386344,80.4,38.85,0.57
1732028537.190705,80.46,38.88,0.57
1732028537.2389977,80.52,38.91,0.57
1732028537.2900836,80.58,38.94,0.57
1732028537.339578,80.64,38.97,0.57
1732028537.3885224,80.7,39.0,0.57
1732028537.440129,80.76,39.02,0.57
1732028537.4883614,80.82,39.05,0.57
1732028537.5439115,80.88,39.08,0.57
1732028537.5918756,80.94,39.11,0.57
1732028537.6407979,81.0,39.14,0.57
1732028537.6886032,81.05,39.17,0.57
1732028537.739403,81.11,39.2,0.57
1732028537.7891924,81.17,39.23,0.57
1732028537.8398714,81.23,39.26,0.57
1732028537.8897657,81.29,39.28,0.57
1732028537.9393077,81.35,39.31,0.57
1732028537.989592,81.41,39.34,0.57
1732028538.0396287,81.47,39.37,0.57
1732028538.089954,81.53,39.4,0.57
1732028538.1399386,81.59,39.43,0.57
1732028538.195481,81.65,39.46,0.57
1732028538.243445,81.71,39.49,0.57
1732028538.2897658,81.76,39.52,0.57
1732028538.3421378,81.82,39.54,0.57
1732028538.3895001,81.88,39.57,0.57
1732028538.4399688,81.94,39.6,0.57
1732028538.4895186,82.0,39.63,0.57
1732028538.5388215,82.06,39.66,0.57
1732028538.588829,82.12,39.69,0.57
1732028538.64072,82.18,39.72,0.57
1732028538.6902885,82.24,39.75,0.57
1732028538.745528,82.3,39.78,0.57
1732028538.797613,82.36,39.8,0.57
1732028538.8414936,82.42,39.83,0.57
1732028538.891393,82.47,39.86,0.57
1732028538.9455714,82.53,39.89,0.57
1732028538.9990084,82.59,39.92,0.57
1732028539.04286,82.65,39.95,0.57
1732028539.0925262,82.71,39.98,0.57
1732028539.1402483,82.77,40.01,0.57
1732028539.193002,82.83,40.04,0.57
1732028539.2431445,82.89,40.06,0.57
1732028539.2897573,82.95,40.09,0.57
1732028539.340873,83.01,40.12,0.57
1732028539.388711,83.07,40.15,0.57
1732028539.4407835,83.13,40.18,0.57
1732028539.4898276,83.18,40.21,0.57
1732028539.5387554,83.24,40.24,0.57
1732028539.5907166,83.3,40.27,0.57
1732028539.6389797,83.36,40.3,0.57
1732028539.6897635,83.42,40.32,0.57
1732028539.7384365,83.48,40.35,0.57
1732028539.789175,83.54,40.38,0.57
1732028539.8396149,83.6,40.41,0.57
1732028539.889619,83.66,40.44,0.57
1732028539.9390252,83.72,40.47,0.57
1732028539.988739,83.78,40.5,0.57
1732028540.044491,83.84,40.53,0.57
1732028540.089173,83.89,40.56,0.57
1732028540.1385336,83.95,40.58,0.57
1732028540.1904101,84.01,40.61,0.57
1732028540.2403533,84.07,40.64,0.57
1732028540.2886322,84.13,40.67,0.57
1732028540.3387823,84.19,40.7,0.57
1732028540.3887303,84.25,40.73,0.57
1732028540.4390683,84.31,40.76,0.57
1732028540.4902036,84.37,40.79,0.57
1732028540.5418277,84.43,40.82,0.57
1732028540.5961788,84.49,40.84,0.57
1732028540.638829,84.55,40.87,0.57
1732028540.6886244,84.6,40.9,0.57
1732028540.7392497,84.66,40.93,0.57
1732028540.7926388,84.72,40.96,0.57
1732028540.8426645,84.78,40.99,0.57
1732028540.892512,84.84,41.02,0.57
1732028540.939417,84.9,41.05,0.57
1732028540.9929557,84.96,41.08,0.57
1732028541.0397377,85.02,41.1,0.57
1732028541.0938492,85.08,41.13,0.57
1732028541.141768,85.14,41.16,0.57
1732028541.1932356,85.2,41.19,0.57
1732028541.2406135,85.26,41.22,0.57
1732028541.2900467,85.31,41.25,0.57
1732028541.3415234,85.37,41.28,0.57
1732028541.3897228,85.43,41.31,0.57
1732028541.439403,85.49,41.34,0.57
1732028541.4925985,85.55,41.36,0.57
1732028541.5409992,85.61,41.39,0.57
1732028541.59988,85.67,41.42,0.57
1732028541.6469166,85.73,41.45,0.57
1732028541.6945884,85.79,41.48,0.57
1732028541.741493,85.85,41.51,0.57
1732028541.7949085,85.91,41.54,0.57
1732028541.8463383,85.97,41.57,0.57
1732028541.8928225,86.02,41.6,0.57
1732028541.9416215,86.08,41.62,0.57
1732028541.9964516,86.14,41.65,0.57
1732028542.0423958,86.2,41.68,0.57
1732028542.0914056,86.26,41.71,0.57
1732028542.1396308,86.32,41.74,0.57
1732028542.1917577,86.38,41.77,0.57
1732028542.2394297,86.44,41.8,0.57
1732028542.2891226,86.5,41.83,0.57
1732028542.3398597,86.56,41.86,0.57
1732028542.3886802,86.62,41.88,0.57
1732028542.4384212,86.68,41.91,0.57
1732028542.48964,86.73,41.94,0.57
1732028542.5399523,86.79,41.97,0.57
1732028542.5888038,86.85,42.0,0.57
1732028542.6396952,86.91,42.03,0.57
1732028542.6892967,86.97,42.06,0.57
1732028542.7408655,87.03,42.09,0.57
1732028542.7914662,87.09,42.12,0.57
1732028542.8426208,87.15,42.14,0.57
1732028542.8891385,87.21,42.17,0.57
1732028542.9397368,87.27,42.2,0.57
1732028542.9887524,87.33,42.23,0.57
1732028543.0415227,87.39,42.26,0.57
1732028543.090147,87.44,42.29,0.57
1732028543.1414576,87.5,42.32,0.57
1732028543.1896093,87.56,42.35,0.57
1732028543.2394738,87.62,42.38,0.57
1732028543.2895365,87.68,42.4,0.57
1732028543.3406303,87.74,42.43,0.57
1732028543.388542,87.8,42.46,0.57
1732028543.4388993,87.86,42.49,0.57
1732028543.48901,87.92,42.52,0.57
1732028543.5394645,87.98,42.55,0.57
1732028543.5884266,88.04,42.58,0.57
1732028543.6399348,88.1,42.61,0.57
1732028543.6904569,88.15,42.64,0.57
1732028543.73875,88.21,42.66,0.57
1732028543.7891395,88.27,42.69,0.57
1732028543.8388212,88.33,42.72,0.57
1732028543.8886595,88.39,42.75,0.57
1732028543.9387746,88.45,42.78,0.57
1732028543.9891162,88.51,42.81,0.57
1732028544.0397618,88.57,42.84,0.57
1732028544.0888236,88.63,42.87,0.57
1732028544.13826,88.69,42.9,0.57
1732028544.1886067,88.75,42.92,0.57
1732028544.2397096,88.81,42.95,0.57
1732028544.2956011,88.86,42.98,0.57
1732028544.3426116,88.92,43.01,0.57
1732028544.39067,88.98,43.04,0.57
1732028544.4415965,89.04,43.07,0.57
1732028544.4896052,89.1,43.1,0.57
1732028544.5387957,89.16,43.13,0.57
1732028544.5884826,89.22,43.16,0.57
1732028544.6404707,89.28,43.18,0.57
1732028544.6888156,89.34,43.21,0.57
1732028544.7400231,89.4,43.24,0.57
1732028544.7891896,89.46,43.27,0.57
1732028544.842005,89.52,43.3,0.57
1732028544.8892593,89.57,43.33,0.57
1732028544.9387412,89.63,43.36,0.57
1732028544.9913316,89.69,43.39,0.57
1732028545.0386717,89.75,43.42,0.57
1732028545.0896146,89.81,43.44,0.57
1732028545.1415765,89.87,43.47,0.57
1732028545.1932042,89.93,43.5,0.57
1732028545.2393098,89.99,43.53,0.57
1732028545.2995899,90.05,43.56,0.57
1732028545.3390977,90.11,43.59,0.57
1732028545.3904436,90.17,43.62,0.57
1732028545.440568,90.23,43.65,0.57
1732028545.488823,90.28,43.68,0.57
1732028545.538667,90.34,43.7,0.57
1732028545.5895333,90.4,43.73,0.57
1732028545.6387336,90.46,43.76,0.57
1732028545.6889565,90.52,43.79,0.57
1732028545.738489,90.58,43.82,0.57
1732028545.788776,90.64,43.85,0.57
1732028545.838792,90.7,43.88,0.57
1732028545.8887398,90.76,43.91,0.57
1732028545.9387548,90.82,43.94,0.57
1732028545.9883916,90.88,43.96,0.57
1732028546.039605,90.94,43.99,0.57
1732028546.089809,90.99,44.02,0.57
1732028546.1390076,91.05,44.05,0.57
1732028546.1893477,91.11,44.08,0.57
1732028546.2404835,91.17,44.11,0.57
1732028546.2885838,91.23,44.14,0.57
1732028546.3388615,91.29,44.17,0.57
1732028546.388389,91.35,44.2,0.57
1732028546.4394355,91.41,44.22,0.57
1732028546.4891915,91.47,44.25,0.57
1732028546.5387423,91.53,44.28,0.57
1732028546.5887918,91.59,44.31,0.57
1732028546.6415398,91.65,44.34,0.57
1732028546.6895368,91.7,44.37,0.57
1732028546.7404368,91.76,44.4,0.57
1732028546.7914615,91.82,44.43,0.57
1732028546.8396494,91.88,44.46,0.57
1732028546.8923085,91.94,44.48,0.57
1732028546.9396167,92.0,44.51,0.57
1732028546.9901466,92.06,44.54,0.57
1732028547.0400815,92.12,44.57,0.57
1732028547.0901685,92.18,44.6,0.57
1732028547.1402402,92.24,44.63,0.57
1732028547.1919227,92.3,44.66,0.57
1732028547.2419615,92.36,44.69,0.57
1732028547.2950745,92.41,44.72,0.57
1732028547.3408778,92.47,44.74,0.57
1732028547.391156,92.53,44.77,0.57
1732028547.4413412,92.59,44.8,0.57
1732028547.4935727,92.65,44.83,0.57
1732028547.5439155,92.71,44.86,0.57
1732028547.5892727,92.77,44.89,0.57
1732028547.6395607,92.83,44.92,0.57
1732028549.9318342,92.89,44.95,0.57
1732028549.9843001,92.94,44.97,0.56
1732028550.0346096,92.98,44.99,0.56
1732028550.081734,93.02,45.0,0.56
1732028550.1319516,93.06,45.02,0.56
1732028550.1813562,93.09,45.03,0.56
1732028550.232361,93.12,45.04,0.56
1732028550.2811675,93.16,45.06,0.55
1732028550.331106,93.19,45.07,0.55
1732028550.3824193,93.22,45.08,0.55
1732028550.4315252,93.26,45.09,0.55
1732028550.4817235,93.29,45.1,0.54
1732028550.5333474,93.32,45.11,0.54
1732028550.5811152,93.35,45.12,0.54
1732028550.6317048,93.39,45.14,0.53
1732028550.6818476,93.42,45.15,0.53
1732028550.733807,93.45,45.16,0.52
1732028550.7806046,93.49,45.17,0.52
1732028550.8314626,93.52,45.18,0.52
1732028550.881725,93.56,45.19,0.51
1732028550.9326544,93.59,45.2,0.51
1732028550.9812663,93.63,45.21,0.5
1732028551.0308688,93.66,45.22,0.5
1732028551.0818744,93.7,45.24,0.49
1732028551.1311085,93.73,45.25,0.49
1732028551.1813781,93.77,45.26,0.48
1732028551.2320468,93.8,45.27,0.48
1732028551.2806876,93.84,45.28,0.47
1732028551.331605,93.88,45.29,0.46
1732028551.3806107,93.91,45.3,0.46
1732028551.4338682,93.95,45.31,0.45
1732028551.4808717,93.99,45.32,0.45
1732028551.5305874,94.03,45.33,0.44
1732028551.5854795,94.06,45.34,0.43
1732028551.632124,94.1,45.35,0.43
1732028551.6808841,94.14,45.36,0.42
1732028551.7316327,94.18,45.37,0.41
1732028551.7822893,94.22,45.38,0.41
1732028551.8317053,94.26,45.39,0.4
1732028551.8844945,94.3,45.4,0.39
1732028551.933288,94.34,45.41,0.39
1732028551.9805954,94.38,45.42,0.38
1732028552.030646,94.42,45.42,0.37
1732028552.0804427,94.46,45.43,0.36
1732028552.1307251,94.5,45.44,0.36
1732028552.1833882,94.54,45.45,0.35
1732028552.232269,94.58,45.46,0.34
1732028552.2810278,94.62,45.46,0.33
1732028552.3308394,94.67,45.47,0.32
1732028552.380754,94.71,45.48,0.32
1732028552.4351625,94.75,45.49,0.31
1732028552.4817495,94.79,45.49,0.3
1732028552.5335608,94.83,45.5,0.29
1732028552.5834923,94.88,45.5,0.28
1732028552.6349158,94.92,45.51,0.27
1732028552.6836746,94.96,45.51,0.26
1732028552.7316852,95.01,45.52,0.25
1732028552.7818315,95.05,45.52,0.25
1732028552.836531,95.09,45.53,0.24
1732028552.890073,95.14,45.53,0.23
1732028552.9325087,95.18,45.54,0.22
1732028552.9826033,95.22,45.54,0.21
1732028553.0351264,95.27,45.54,0.2
1732028553.0861862,95.31,45.54,0.19
1732028553.1321738,95.35,45.55,0.18
1732028553.1806982,95.4,45.55,0.17
1732028553.2312784,95.44,45.55,0.16
1732028553.2805712,95.49,45.55,0.15
1732028553.3310175,95.53,45.55,0.14
1732028553.3815308,95.57,45.55,0.13
1732028553.4303951,95.62,45.55,0.12
1732028553.4818656,95.66,45.55,0.11
1732028553.5305715,95.7,45.55,0.1
1732028553.5807283,95.75,45.55,0.09
1732028553.6312923,95.79,45.55,0.08
1732028553.6814332,95.83,45.54,0.07
1732028553.732082,95.88,45.54,0.06
1732028553.7809322,95.92,45.54,0.05
1732028553.832555,95.96,45.53,0.04
1732028553.884216,96.0,45.53,0.03
1732028553.9318402,96.05,45.53,0.02
1732028553.9821966,96.09,45.52,0.0
1732028554.03115,96.13,45.52,-0.01
1732028554.0815272,96.17,45.51,-0.02
1732028554.130903,96.21,45.5,-0.03
1732028554.1810746,96.25,45.5,-0.04
1732028554.230951,96.29,45.49,-0.05
1732028554.2812831,96.33,45.48,-0.06
1732028554.3342962,96.37,45.48,-0.07
1732028554.3802865,96.41,45.47,-0.08
1732028554.4321234,96.45,45.46,-0.1
1732028554.4822955,96.49,45.45,-0.11
1732028554.5314515,96.53,45.44,-0.12
1732028554.58176,96.57,45.43,-0.13
1732028554.6323304,96.61,45.42,-0.14
1732028554.6826353,96.65,45.41,-0.15
1732028554.7305424,96.68,45.4,-0.17
1732028554.780969,96.72,45.39,-0.18
1732028554.8306055,96.76,45.38,-0.19
1732028554.881848,96.79,45.37,-0.2
1732028554.930593,96.83,45.36,-0.21
1732028554.9812078,96.86,45.35,-0.22
1732028555.0306532,96.9,45.34,-0.24
1732028555.0821948,96.93,45.32,-0.25
1732028555.134327,96.97,45.31,-0.26
1732028555.181585,97.0,45.3,-0.27
1732028555.2327206,97.04,45.29,-0.28
1732028555.2805169,97.07,45.27,-0.3
1732028555.3307407,97.1,45.26,-0.31
1732028555.3840919,97.13,45.24,-0.32
1732028555.4302175,97.16,45.23,-0.33
1732028555.4805496,97.2,45.22,-0.35
1732028555.5304701,97.23,45.2,-0.36
1732028555.5819006,97.26,45.19,-0.37
1732028555.6321125,97.29,45.17,-0.38
1732028555.680574,97.32,45.16,-0.4
1732028555.734045,97.35,45.14,-0.41
1732028555.7824826,97.37,45.13,-0.42
1732028555.8316107,97.4,45.11,-0.43
1732028555.8815346,97.43,45.09,-0.45
1732028555.9319541,97.46,45.08,-0.46
1732028555.9807003,97.49,45.06,-0.47
1732028556.0354683,97.51,45.05,-0.48
1732028556.084365,97.54,45.03,-0.5
1732028556.1333456,97.56,45.01,-0.51
1732028556.1838784,97.59,45.0,-0.52
1732028556.2347844,97.61,44.98,-0.53
1732028556.290215,97.64,44.96,-0.55
1732028556.3313618,97.66,44.95,-0.56
1732028556.381549,97.69,44.93,-0.57
1732028556.4311583,97.71,44.91,-0.59
1732028556.485814,97.73,44.9,-0.6
1732028556.5310578,97.75,44.88,-0.61
1732028556.5811632,97.78,44.86,-0.62
1732028556.6339483,97.8,44.85,-0.64
1732028556.6820168,97.82,44.83,-0.65
1732028556.7367194,97.84,44.81,-0.66
1732028556.7814748,97.86,44.8,-0.68
1732028556.8322713,97.88,44.78,-0.69
1732028556.882337,97.9,44.76,-0.7
1732028556.9307344,97.92,44.75,-0.72
1732028556.9816663,97.94,44.73,-0.73
1732028557.033175,97.95,44.71,-0.74
1732028557.0826843,97.97,44.7,-0.76
1732028557.1310937,97.99,44.68,-0.77
1732028557.1810327,98.01,44.66,-0.78
1732028557.2364593,98.02,44.65,-0.79
1732028557.2815373,98.04,44.63,-0.81
1732028557.3326046,98.05,44.61,-0.82
1732028557.3814023,98.07,44.6,-0.83
1732028557.4309793,98.08,44.58,-0.85
1732028557.4830256,98.1,44.56,-0.86
1732028557.5337658,98.11,44.55,-0.87
1732028557.581472,98.13,44.53,-0.89
1732028557.632657,98.14,44.51,-0.9
1732028557.6817043,98.16,44.5,-0.92
1732028557.7309277,98.17,44.48,-0.93
1732028557.7837887,98.19,44.46,-0.94
1732028557.831927,98.2,44.44,-0.96
1732028557.8843062,98.22,44.43,-0.97
1732028557.932787,98.23,44.41,-0.98
1732028557.9827478,98.25,44.39,-1.0
1732028558.033139,98.26,44.37,-1.01
1732028558.084871,98.27,44.35,-1.03
1732028558.1320176,98.29,44.33,-1.04
1732028558.181557,98.3,44.31,-1.05
1732028558.2313344,98.32,44.29,-1.07
1732028558.2824059,98.33,44.27,-1.08
1732028558.3322093,98.34,44.25,-1.1
1732028558.3802223,98.36,44.22,-1.11
1732028558.4330606,98.37,44.2,-1.12
1732028558.4811296,98.39,44.18,-1.14
1732028558.5313442,98.4,44.16,-1.15
1732028558.5806699,98.41,44.14,-1.17
1732028558.632657,98.42,44.11,-1.18
1732028558.6804647,98.44,44.09,-1.2
1732028558.7329812,98.45,44.07,-1.21
1732028558.781496,98.46,44.04,-1.23
1732028558.8352427,98.47,44.02,-1.24
1732028558.8837128,98.49,43.99,-1.26
1732028558.933378,98.5,43.97,-1.27
1732028558.9819071,98.51,43.94,-1.29
1732028559.0318458,98.52,43.92,-1.3
1732028559.0815225,98.53,43.89,-1.31
1732028559.1348135,98.54,43.87,-1.33
1732028559.1819932,98.55,43.84,-1.34
1732028559.2316537,98.56,43.82,-1.36
1732028559.2823076,98.57,43.79,-1.37
1732028559.3325784,98.58,43.76,-1.39
1732028559.3837404,98.59,43.74,-1.41
1732028559.4330025,98.6,43.71,-1.42
1732028559.4825442,98.61,43.68,-1.44
1732028559.5363462,98.62,43.65,-1.45
1732028559.581796,98.62,43.63,-1.47
1732028559.6326559,98.63,43.6,-1.48
1732028559.683346,98.64,43.57,-1.5
1732028559.7317955,98.65,43.54,-1.51
1732028559.7817671,98.65,43.51,-1.53
1732028559.83423,98.66,43.48,-1.54
1732028559.8832576,98.66,43.45,-1.56
1732028559.932375,98.67,43.43,-1.57
1732028559.9820333,98.68,43.4,-1.59
1732028560.0315113,98.68,43.37,-1.61
1732028560.0823445,98.68,43.34,-1.62
1732028560.1337867,98.69,43.31,-1.64
1732028560.1849048,98.69,43.28,-1.65
1732028560.233478,98.7,43.25,-1.67
1732028560.2822177,98.7,43.22,-1.68
1732028560.3317726,98.7,43.18,-1.7
1732028560.3830528,98.7,43.15,-1.72
1732028560.4316924,98.7,43.12,-1.73
1732028560.4829254,98.71,43.09,-1.75
1732028560.5329466,98.71,43.06,-1.76
1732028560.582977,98.71,43.03,-1.78
1732028560.6330278,98.71,43.0,-1.8
1732028560.6821592,98.71,42.97,-1.81
1732028560.731397,98.7,42.94,-1.83
1732028560.781913,98.7,42.9,-1.85
1732028560.833831,98.7,42.87,-1.86
1732028560.8829343,98.7,42.84,-1.88
1732028560.9330852,98.7,42.81,-1.89
1732028560.9933603,98.69,42.78,-1.91
1732028561.0320003,98.69,42.75,-1.93
1732028561.0823789,98.68,42.71,-1.94
1732028561.1313088,98.68,42.68,-1.96
1732028561.1807098,98.67,42.65,-1.98
1732028561.2317402,98.67,42.62,-1.99
1732028561.2814965,98.66,42.59,-2.01
1732028561.3325117,98.65,42.55,-2.03
1732028561.3804648,98.64,42.52,-2.04
1732028561.4324048,98.64,42.49,-2.06
1732028561.4809232,98.63,42.46,-2.08
1732028561.5318027,98.62,42.43,-2.09
1732028561.5815027,98.61,42.39,-2.11
1732028561.6317494,98.6,42.36,-2.13
1732028561.6819048,98.59,42.33,-2.14
1732028561.7315974,98.58,42.3,-2.16
1732028561.7812593,98.56,42.27,-2.18
1732028561.831409,98.55,42.24,-2.19
1732028561.8821967,98.54,42.21,-2.21
1732028561.9321895,98.52,42.18,-2.23
1732028561.9809291,98.51,42.15,-2.24
1732028562.0318992,98.5,42.12,-2.26
1732028562.0816865,98.48,42.09,-2.28
1732028562.1318214,98.47,42.06,-2.29
1732028562.1813836,98.45,42.03,-2.31
1732028562.2389567,98.43,42.0,-2.33
1732028562.2853224,98.42,41.97,-2.35
1732028562.3304574,98.4,41.94,-2.36
1732028562.3814409,98.38,41.91,-2.38
1732028562.4331174,98.36,41.89,-2.4
1732028562.4826643,98.35,41.86,-2.41
1732028562.5332437,98.33,41.83,-2.43
1732028562.5831842,98.31,41.81,-2.45
1732028562.6320982,98.29,41.78,-2.47
1732028562.6830804,98.27,41.75,-2.48
1732028562.731062,98.25,41.73,-2.5
1732028562.784064,98.23,41.71,-2.52
1732028562.8307238,98.21,41.68,-2.53
1732028562.8811877,98.19,41.66,-2.55
1732028562.9318554,98.17,41.63,-2.57
1732028562.9804716,98.14,41.61,-2.59
1732028563.0315382,98.12,41.59,-2.6
1732028563.0806735,98.1,41.57,-2.62
1732028563.1305826,98.08,41.55,-2.64
1732028563.182656,98.06,41.53,-2.66
1732028563.2378864,98.04,41.51,-2.67
1732028563.2892795,98.02,41.49,-2.69
1732028563.3310778,97.99,41.47,-2.71
1732028563.3805993,97.97,41.45,-2.73
1732028563.431406,97.95,41.44,-2.74
1732028563.4807749,97.93,41.42,-2.76
1732028563.5304968,97.91,41.4,-2.78
1732028563.5805535,97.89,41.39,-2.8
1732028563.6317196,97.86,41.37,-2.81
1732028563.6822252,97.84,41.36,-2.83
1732028563.732195,97.82,41.35,-2.85
1732028563.7818704,97.8,41.33,-2.87
1732028563.8305259,97.78,41.32,-2.88
1732028563.8814328,97.76,41.31,-2.9
1732028563.9324076,97.74,41.3,-2.92
1732028563.9813185,97.72,41.29,-2.94
1732028564.031771,97.7,41.28,-2.95
1732028564.0814898,97.68,41.27,-2.97
1732028564.133062,97.67,41.26,-2.99
1732028564.1818821,97.65,41.25,-3.01
1732028564.2311304,97.63,41.24,-3.02
1732028564.2805989,97.61,41.23,-3.04
1732028564.3326197,97.59,41.22,-3.06
1732028564.3806417,97.57,41.22,-3.08
1732028564.433392,97.54,41.21,-3.09
1732028564.483402,97.52,41.2,-3.11
1732028564.5315554,97.49,41.19,-3.12
1732028564.5815325,97.45,41.19,-3.14
1732028564.6303391,97.42,41.18,-3.16
1732028564.6809793,97.38,41.18,-3.17
1732028564.7315805,97.35,41.17,-3.18
1732028564.781649,97.31,41.17,-3.2
1732028564.8304493,97.27,41.17,-3.21
1732028564.881099,97.23,41.17,-3.22
1732028564.9305153,97.2,41.16,-3.23
1732028564.9808815,97.16,41.16,-3.25
1732028565.0314207,97.12,41.16,-3.26
1732028565.0805044,97.09,41.16,-3.27
1732028565.1343431,97.05,41.16,-3.28
