1731946396.5046945,2.5,0.48
1731946396.5051847,2.5,0.48
1731946396.5246089,2.5,0.54
1731946396.5446928,2.5,0.54
1731946396.56488,2.5,0.59
1731946396.584704,2.5,0.59
1731946396.6054947,2.5,0.63
1731946396.6244133,2.5,0.63
1731946396.6470168,2.5,0.63
1731946396.664526,-2.5,0.66
1731946396.685235,-2.5,0.66
1731946396.708003,-2.5,0.69
1731946396.7243965,-2.5,0.69
1731946396.7443902,-2.5,0.69
1731946396.7650218,-2.5,0.7
1731946396.7878432,-2.5,0.7
1731946396.8049083,-2.5,0.7
1731946396.8255591,-2.5,0.7
1731946396.8447886,-2.5,0.7
1731946396.865248,-2.5,0.7
1731946396.8844833,-2.5,0.7
1731946396.9043882,-2.5,0.7
1731946396.9281082,-2.5,0.7
1731946396.945482,-2.5,0.7
1731946396.9650056,-2.5,0.7
1731946396.9889855,-2.5,0.7
1731946397.005221,-2.5,0.7
1731946397.0249825,-2.5,0.7
1731946397.0452712,-2.5,0.7
1731946397.065997,-2.5,0.7
1731946397.0853674,-2.5,0.7
1731946397.105046,-2.5,0.7
1731946397.1260078,-2.5,0.7
1731946397.1448638,-2.5,0.7
1731946397.1653795,-2.5,0.7
1731946397.1850116,-2.5,0.7
1731946397.2047215,-2.5,0.7
1731946397.2244875,-2.5,0.7
1731946397.2464345,-2.5,0.7
1731946397.2645903,-2.5,0.7
1731946397.2849486,-2.5,0.7
1731946397.3044174,-2.5,0.7
1731946397.3247104,-2.5,0.7
1731946397.3446505,-2.5,0.7
1731946397.365147,-2.5,0.7
1731946397.384656,-2.5,0.7
1731946397.4048092,-2.5,0.7
1731946397.4257076,-2.5,0.7
1731946397.4445548,-2.5,0.7
1731946397.4675212,-2.5,0.7
1731946397.4845088,-2.5,0.7
1731946397.5050125,-2.5,0.7
1731946397.5248947,-2.5,0.7
1731946397.5443888,-2.5,0.7
1731946397.5657806,-2.5,0.7
1731946397.5853002,-2.5,0.7
1731946397.6049585,-2.5,0.7
1731946397.6243844,-2.5,0.7
1731946397.645021,-2.5,0.7
1731946397.6673386,-2.5,0.7
1731946397.6845324,-2.5,0.7
1731946397.7044492,-2.5,0.7
1731946397.7246964,-2.5,0.7
1731946397.74558,-2.5,0.7
1731946397.7645366,-2.5,0.7
1731946397.7844923,-2.5,0.7
1731946397.8043194,2.5,0.7
1731946397.8246899,2.5,0.7
1731946397.8464146,2.5,0.7
1731946397.8653224,2.5,0.7
1731946397.886315,2.5,0.7
1731946397.9079034,2.5,0.7
1731946397.924989,2.5,0.7
1731946397.9454927,2.5,0.7
1731946397.9649303,2.5,0.7
1731946397.9859693,2.5,0.7
1731946398.0047936,2.5,0.7
1731946398.0258567,2.5,0.7
1731946398.0450397,2.5,0.7
1731946398.0644963,2.5,0.7
1731946398.0842798,2.5,0.7
1731946398.1048245,2.5,0.7
1731946398.1247046,2.5,0.7
1731946398.1448388,2.5,0.7
1731946398.165392,2.5,0.7
1731946398.1858792,2.5,0.7
1731946398.2061822,2.5,0.7
1731946398.2255485,2.5,0.7
1731946398.2451322,2.5,0.7
1731946398.2652094,2.5,0.7
1731946398.2853105,2.5,0.7
1731946398.3049965,2.5,0.7
1731946398.3244846,2.5,0.7
1731946398.3452542,2.5,0.7
1731946398.3648148,2.5,0.7
1731946398.3848069,2.5,0.7
1731946398.4079022,2.5,0.7
1731946398.4264476,2.5,0.7
1731946398.4448225,2.5,0.7
1731946398.4643753,2.5,0.7
1731946398.48468,2.5,0.7
1731946398.5047078,2.5,0.7
1731946398.5255432,2.5,0.7
1731946398.5444086,2.5,0.7
1731946398.5663195,2.5,0.7
1731946398.5881386,2.5,0.7
1731946398.605545,2.5,0.7
1731946398.6264532,2.5,0.7
1731946398.6452992,2.5,0.7
1731946398.665905,2.5,0.7
1731946398.684473,2.5,0.7
1731946398.7046964,2.5,0.7
1731946398.7245963,2.5,0.7
1731946398.7484422,2.5,0.7
1731946398.7647192,2.5,0.7
1731946398.7843978,2.5,0.7
1731946398.804536,2.5,0.7
1731946398.8262281,2.5,0.7
1731946398.845538,2.5,0.7
1731946398.8645108,2.5,0.7
1731946398.8849685,2.5,0.7
1731946398.9059567,2.5,0.7
1731946398.9243824,2.5,0.7
1731946398.9445043,2.5,0.7
1731946398.9645205,2.5,0.7
1731946398.9849124,2.5,0.7
1731946399.0044932,2.5,0.7
1731946399.0246148,2.5,0.7
1731946399.0458148,2.5,0.7
1731946399.064953,2.5,0.7
1731946399.0862396,2.5,0.7
1731946399.1050913,2.5,0.7
1731946399.1270568,2.5,0.7
1731946399.1452022,2.5,0.7
1731946399.1650393,2.5,0.7
1731946399.187075,2.5,0.7
1731946399.2050104,2.5,0.7
1731946399.2251372,2.5,0.7
1731946399.2455933,2.5,0.7
1731946399.2648797,2.5,0.7
1731946399.2849772,2.5,0.7
1731946399.3053284,2.5,0.7
1731946399.3253944,2.5,0.7
1731946399.3447168,2.5,0.7
1731946399.3647444,2.5,0.7
1731946399.385563,2.5,0.7
1731946399.4047554,2.5,0.7
1731946399.4250135,2.5,0.7
1731946399.4445624,2.5,0.7
1731946399.47141,2.5,0.7
1731946399.4859838,2.5,0.7
1731946399.5045443,2.5,0.7
1731946399.5248978,2.5,0.7
1731946399.5457368,2.5,0.7
1731946399.564769,2.5,0.7
1731946399.5856557,2.5,0.7
1731946399.6051993,2.5,0.7
1731946399.6259394,2.5,0.7
1731946399.644878,2.5,0.7
1731946399.665392,2.5,0.7
1731946399.685216,2.5,0.7
1731946399.7047281,2.5,0.7
1731946399.7247326,2.5,0.7
1731946399.745471,2.5,0.7
1731946399.7650895,2.5,0.7
1731946399.784956,2.5,0.7
1731946399.8055434,2.5,0.7
1731946399.8296952,2.5,0.7
1731946399.8444824,2.5,0.7
1731946399.870589,2.5,-0.7
1731946399.8870726,2.5,-0.7
1731946399.9050963,2.5,-0.7
1731946399.9247923,2.5,-0.7
1731946399.9451704,2.5,-0.7
1731946399.9653702,2.5,-0.7
1731946399.9859931,2.5,-0.7
1731946400.005114,2.5,-0.7
1731946400.0251517,2.5,-0.7
1731946400.044984,2.5,-0.7
1731946400.0646775,2.5,-0.7
1731946400.0876088,2.5,-0.7
1731946400.106573,2.5,-0.7
1731946400.125548,2.5,-0.7
1731946400.1454687,2.5,-0.7
1731946400.1683824,2.5,-0.7
1731946400.1852047,2.5,-0.7
1731946400.2070658,2.5,-0.7
1731946400.2247384,2.5,-0.7
1731946400.2450173,2.5,-0.7
1731946400.2645173,2.5,-0.7
1731946400.2846208,2.5,-0.7
1731946400.3044484,2.5,-0.7
1731946400.325028,2.5,-0.7
1731946400.3457062,2.5,-0.7
1731946400.365679,2.5,-0.7
1731946400.3850389,2.5,-0.7
1731946400.4078,2.5,-0.7
1731946400.4249487,2.5,-0.7
1731946400.4458344,2.5,-0.7
1731946400.4645228,2.5,-0.7
1731946400.484555,2.5,-0.7
1731946400.504416,2.5,-0.7
1731946400.5248322,2.5,-0.7
1731946400.5448852,2.5,-0.7
1731946400.5643687,2.5,-0.7
1731946400.5853164,2.5,-0.7
1731946400.6057253,2.5,-0.7
1731946400.625067,2.5,-0.7
1731946400.6445074,2.5,-0.7
1731946400.6644218,2.5,-0.7
1731946400.6865354,2.5,-0.7
1731946400.7044683,2.5,-0.7
1731946400.7247002,2.5,-0.7
1731946400.7449532,2.5,-0.7
1731946400.7654076,2.5,-0.7
1731946400.7869415,2.5,-0.7
1731946400.8052714,2.5,-0.7
1731946400.8266435,2.5,-0.7
1731946400.8454738,2.5,-0.7
1731946400.8648596,2.5,-0.7
1731946400.8880935,2.5,-0.7
1731946400.904752,2.5,-0.7
1731946400.9274466,2.5,-0.7
1731946400.946542,2.5,-0.7
1731946400.9652898,2.5,-0.7
1731946400.9850986,2.5,-0.7
1731946401.0047283,2.5,-0.7
1731946401.0249827,2.5,-0.7
1731946401.0449178,2.5,-0.7
1731946401.067921,2.5,-0.7
1731946401.0854452,2.5,-0.7
1731946401.1057222,2.5,-0.7
1731946401.1251318,2.5,-0.7
1731946401.14497,2.5,-0.7
1731946401.1657398,2.5,-0.7
1731946401.1848018,2.5,-0.7
1731946401.2051075,2.5,-0.7
1731946401.2253716,2.5,-0.7
1731946401.24464,2.5,-0.7
1731946401.2662601,2.5,-0.7
1731946401.2860768,2.5,-0.7
1731946401.3047059,2.5,-0.7
1731946401.3270257,2.5,-0.7
1731946401.3455374,2.5,-0.7
1731946401.3644495,2.5,-0.7
1731946401.3849883,2.5,-0.7
1731946401.4047673,2.5,-0.7
1731946401.4250388,2.5,-0.7
1731946401.445171,2.5,-0.7
1731946401.4648995,2.5,-0.7
1731946401.486333,2.5,-0.7
1731946401.5051348,2.5,-0.7
1731946401.5252485,2.5,-0.7
1731946401.5449584,2.5,-0.7
1731946401.564467,2.5,-0.7
1731946401.5849526,2.5,-0.7
1731946401.6044724,2.5,-0.7
1731946401.6250055,2.5,-0.7
1731946401.6469235,2.5,-0.7
1731946401.6647968,2.5,-0.7
1731946401.6852994,2.5,-0.7
1731946401.7065675,2.5,-0.7
1731946401.7244334,2.5,-0.7
1731946401.7448444,2.5,-0.7
1731946401.765638,2.5,-0.7
1731946401.785012,2.5,-0.7
1731946401.8051624,2.5,-0.7
1731946401.825577,2.5,-0.7
1731946401.8447576,2.5,-0.7
1731946401.8658698,2.5,-0.7
1731946401.8846722,2.5,-0.7
1731946401.9059093,2.5,-0.7
1731946401.9256735,2.5,-0.7
1731946401.9467762,2.5,-0.7
1731946401.9655097,2.5,-0.7
1731946401.9862463,2.5,-0.7
1731946402.0165112,2.5,-0.7
1731946402.030525,2.5,-0.7
1731946402.0459921,2.5,-0.7
1731946402.0648806,2.5,-0.7
1731946402.084757,2.5,-0.7
1731946402.1046486,2.5,-0.7
1731946402.1246235,2.5,-0.7
1731946402.1472783,2.5,-0.7
1731946402.1678462,2.5,-0.7
1731946402.184634,2.5,-0.7
1731946402.211628,2.5,-0.7
1731946402.2258773,2.5,-0.7
1731946402.2453945,2.5,-0.7
1731946402.2668066,2.5,-0.7
1731946402.284954,2.5,-0.7
1731946402.309563,2.5,-0.7
1731946402.3248641,2.5,-0.7
1731946402.3452861,2.5,-0.7
1731946402.3648262,2.5,-0.7
1731946402.3852751,2.5,-0.7
1731946402.4048746,2.5,-0.7
1731946402.425275,2.5,-0.7
1731946402.4475565,2.5,-0.7
1731946402.465071,2.5,-0.7
1731946402.4904468,2.5,-0.7
1731946402.5051625,2.5,-0.7
1731946402.5246127,2.5,-0.7
1731946402.5446997,2.5,-0.7
1731946402.5648642,2.5,-0.7
1731946402.5846312,2.5,-0.7
1731946402.6065335,2.5,-0.7
1731946402.6243231,2.5,-0.7
1731946402.6443954,2.5,-0.7
1731946402.664651,2.5,-0.7
1731946402.6844988,2.5,-0.7
1731946402.704397,2.5,-0.7
1731946402.724942,2.5,-0.7
1731946402.744759,2.5,-0.7
1731946402.7644749,2.5,-0.7
1731946402.7844756,2.5,-0.7
1731946402.8047714,2.5,-0.7
1731946402.8244247,2.5,-0.7
1731946402.8444853,2.5,-0.7
1731946402.8653605,2.5,-0.7
1731946402.8845148,2.5,-0.7
1731946402.9048545,2.5,-0.7
1731946402.9251842,2.5,-0.7
1731946402.9447665,2.5,-0.7
1731946402.9649682,2.5,-0.7
1731946402.984404,2.5,-0.7
1731946403.0044785,2.5,-0.7
1731946403.0253844,2.5,-0.7
1731946403.0443947,2.5,-0.7
1731946403.0644612,2.5,-0.7
1731946403.08532,2.5,-0.7
1731946403.1047926,2.5,-0.7
1731946403.1244771,2.5,-0.7
1731946403.1446545,2.5,-0.7
1731946403.1643052,2.5,-0.7
1731946403.1845207,2.5,-0.7
1731946403.205332,2.5,-0.7
1731946403.2249148,2.5,-0.7
1731946403.245271,2.5,-0.7
1731946403.2648032,2.5,-0.7
1731946403.2853596,2.5,-0.7
1731946403.3055446,2.5,-0.7
1731946403.3262627,2.5,-0.7
1731946403.345632,2.5,-0.7
1731946403.365088,2.5,-0.7
1731946403.384644,2.5,-0.7
1731946403.4047472,2.5,-0.7
1731946403.424762,2.5,-0.7
1731946403.4449713,2.5,-0.7
1731946403.465205,2.5,-0.7
1731946403.4869585,2.5,-0.7
1731946403.504372,2.5,-0.7
1731946403.5243785,2.5,-0.7
1731946403.5447023,2.5,-0.7
1731946403.564982,2.5,-0.7
1731946403.585066,2.5,-0.7
1731946403.6051784,2.5,-0.7
1731946403.6242695,2.5,-0.7
1731946403.6443536,2.5,-0.7
1731946403.6660037,2.5,-0.7
1731946403.68436,2.5,-0.7
1731946403.7079103,2.5,-0.7
1731946403.7256792,2.5,-0.7
1731946403.745365,2.5,-0.7
