1732028869.365302,-0.23,0.0
1732028869.3656063,-0.23,0.0
1732028869.3861732,-0.23,0.0
1732028869.408637,-0.23,0.0
1732028869.42531,-0.23,0.0
1732028869.4457343,-0.23,0.0
1732028869.4656312,-0.23,0.0
1732028869.4857154,-0.23,0.0
1732028869.505381,-0.23,0.0
1732028869.5259156,-0.23,0.0
1732028869.5490923,-0.23,0.0
1732028869.5662673,-0.23,0.0
1732028869.5854053,-0.23,0.0
1732028869.6092975,-0.23,0.0
1732028869.6263032,-0.23,0.0
1732028869.6471353,-0.23,0.0
1732028869.6688106,-0.23,0.0
1732028869.6867824,-0.23,0.0
1732028869.7060177,-0.23,0.0
1732028869.7260509,-0.23,0.0
1732028869.7464235,-0.23,0.0
1732028869.7657025,-0.23,0.0
1732028869.7859197,-0.23,0.0
1732028869.8057694,-0.23,0.0
1732028869.8255882,-0.23,0.0
1732028869.845681,-0.23,0.0
1732028869.8680558,-0.23,0.0
1732028869.8872447,-0.23,0.0
1732028869.9094517,-0.23,0.0
1732028869.925565,-0.23,0.0
1732028869.946639,-0.23,0.0
1732028869.9659233,-0.23,0.0
1732028869.9855924,-0.23,0.0
1732028870.0057135,-0.23,0.0
1732028870.0252244,-0.23,0.0
1732028870.045614,-0.23,0.0
1732028870.0655637,-0.23,0.0
1732028870.0862985,-0.23,0.0
1732028870.1067123,-0.23,0.0
1732028870.1252227,-0.23,0.0
1732028870.1455183,-0.23,0.0
1732028870.1659677,-0.23,0.0
1732028870.1862805,-0.23,0.0
1732028870.2059543,-0.23,0.0
1732028870.2273629,-0.23,0.0
1732028870.2458532,-0.23,0.0
1732028870.2658577,-0.23,0.0
1732028870.2861466,-0.23,0.0
1732028870.3062236,-0.23,0.0
1732028870.325725,-0.23,0.0
1732028870.3457587,-0.23,0.0
1732028870.3659055,-0.23,0.0
1732028870.3863897,-0.23,0.0
1732028870.4059868,-0.23,0.0
1732028870.42698,-0.23,0.0
1732028870.445805,-0.23,0.0
1732028870.465455,-0.23,0.0
1732028870.4852667,-0.23,0.0
1732028870.5060942,-0.23,0.0
1732028870.5254471,-0.23,0.0
1732028870.545643,-0.23,0.0
1732028870.5683832,-0.23,0.0
1732028870.5858564,-0.23,0.0
1732028870.606222,-0.23,0.0
1732028870.6254532,-0.23,0.0
1732028870.646307,-0.23,0.0
1732028870.6671925,-0.23,0.0
1732028870.6857889,-0.23,0.0
1732028870.706027,-0.23,0.0
1732028870.7262945,-0.23,0.0
1732028870.7483032,-0.23,0.0
1732028870.7663536,-0.23,0.0
1732028870.7868965,-0.23,0.0
1732028870.8071928,-0.23,0.0
1732028870.8264883,-0.23,0.0
1732028870.8475559,-0.23,0.0
1732028870.8654926,-0.23,0.0
1732028870.886042,-0.23,0.0
1732028870.9058392,-0.23,0.0
1732028870.925986,-0.23,0.0
1732028870.9459684,-0.23,0.0
1732028870.9657805,-0.23,0.0
1732028870.9882383,-0.23,0.0
1732028871.0057518,-0.23,0.0
1732028871.0252497,-0.23,0.0
1732028871.0481675,-0.23,0.0
1732028871.0661438,-0.23,0.0
1732028871.0858912,-0.23,0.0
1732028871.106005,-0.23,0.0
1732028871.1261082,-0.23,0.0
1732028871.1458936,-0.23,0.0
1732028871.172647,-0.23,0.0
1732028871.1861255,-0.23,0.0
1732028871.2067554,-0.23,0.0
1732028871.2269583,-0.23,0.0
1732028871.2452137,-0.23,0.0
1732028871.266305,-0.23,0.0
1732028871.286081,-0.23,0.0
1732028871.309703,-0.23,0.0
1732028871.333749,-0.23,0.0
1732028871.3458269,-0.23,0.0
1732028871.3665044,-0.23,0.0
1732028871.3854911,-0.23,0.0
1732028871.4062183,-0.23,0.0
1732028871.4285417,-0.23,0.0
1732028871.447028,-0.23,0.0
1732028871.4664233,-0.23,0.0
1732028871.4856873,-0.23,0.0
1732028871.5059571,-0.23,0.0
1732028871.5265677,-0.23,0.0
1732028871.545709,-0.23,0.0
1732028871.566152,-0.23,0.0
1732028871.5856633,-0.23,0.0
1732028871.6071682,-0.23,0.0
1732028871.6272242,-0.23,0.0
1732028871.6465728,-0.23,0.0
1732028871.6673863,-0.23,0.0
1732028871.686545,-0.23,0.0
1732028871.7052143,-0.23,0.0
1732028871.7262402,-0.23,0.0
1732028871.745726,-0.23,0.0
1732028871.7669497,-0.23,0.0
1732028871.7868757,-0.23,0.0
1732028871.805907,-0.23,0.0
1732028871.826127,-0.23,0.0
1732028871.8458886,-0.23,0.0
1732028871.8666754,-0.23,0.0
1732028871.887037,-0.23,0.0
1732028871.906087,-0.23,0.0
1732028871.926204,-0.23,0.0
1732028871.9457624,-0.23,0.0
1732028871.9658163,-0.23,0.0
1732028871.986161,-0.23,0.0
1732028872.0059328,-0.23,0.0
1732028872.0260363,-0.23,0.0
1732028872.0456753,-0.23,0.0
1732028872.0659816,-0.23,0.0
1732028872.0877411,-0.23,0.0
1732028872.1054947,-0.23,0.0
1732028872.1254163,-0.23,0.0
1732028872.146051,-0.23,0.0
1732028872.1672425,-0.23,0.0
1732028872.1861858,-0.23,0.0
1732028872.2073057,-0.23,0.0
1732028872.2257583,-0.23,0.0
1732028872.24601,-0.23,0.0
1732028872.265825,-0.23,0.0
1732028872.2871838,-0.23,0.0
1732028872.3058164,-0.23,0.0
1732028872.326051,-0.23,0.0
1732028872.3461373,-0.23,0.0
1732028872.3662288,-0.23,0.0
1732028872.3869462,-0.23,0.0
1732028872.4053552,-0.23,0.0
1732028872.4260306,-0.23,0.0
1732028872.4466293,-0.23,0.0
1732028872.4665596,-0.23,0.0
1732028872.4859135,-0.23,0.0
1732028872.507213,-0.23,0.0
1732028872.5252333,-0.23,0.0
1732028872.5469365,-0.23,0.0
1732028872.5659938,-0.23,0.0
1732028872.5862534,-0.23,0.0
1732028872.6068494,-0.23,0.0
1732028872.625702,-0.23,0.0
1732028872.647449,-0.23,0.0
1732028872.6662948,-0.23,0.0
1732028872.6853096,-0.23,0.0
1732028872.7058983,-0.23,0.0
1732028872.7259824,-0.23,0.0
1732028872.746199,-0.23,0.0
1732028872.7653024,-0.23,0.0
1732028872.7860277,-0.23,0.0
1732028872.8059673,-0.23,0.0
1732028872.8259318,-0.23,0.0
1732028872.8465054,-0.23,0.0
1732028872.8660693,-0.23,0.0
1732028872.8863115,-0.23,0.0
1732028872.905399,-0.23,0.0
1732028872.9262788,-0.23,0.0
1732028872.9459002,-0.23,0.0
1732028872.966895,-0.23,0.0
1732028872.9856544,-0.23,0.0
1732028873.0057743,-0.23,0.0
1732028873.0261261,-0.23,0.0
1732028873.0480285,-0.23,0.0
1732028873.0654314,-0.23,0.0
1732028873.0859432,-0.23,0.0
1732028873.1054926,-0.23,0.0
1732028873.1254723,-0.23,0.0
1732028873.1454673,-0.23,0.0
1732028873.167437,-0.23,0.0
1732028873.1868796,-0.23,0.0
1732028873.20615,-0.23,0.0
1732028873.2252028,-0.23,0.0
1732028873.24621,-0.23,0.0
1732028873.2657323,-0.23,0.0
1732028873.2858245,-0.23,0.0
1732028873.305607,-0.23,0.0
1732028873.3259764,-0.23,0.0
1732028873.3486495,-0.23,0.0
1732028873.3661988,-0.23,0.0
1732028873.38686,-0.23,0.0
1732028873.4052558,-0.23,0.0
1732028873.4260674,-0.23,0.0
1732028873.4461367,-0.23,0.0
1732028873.4657977,-0.23,0.0
1732028873.4861102,-0.23,0.0
1732028873.5115104,-0.23,0.0
1732028873.5267382,-0.23,0.0
1732028873.5462341,-0.23,0.0
1732028873.5660582,-0.23,0.0
1732028873.5860405,-0.23,0.0
1732028873.6082642,-0.23,0.0
1732028873.6260338,-0.23,0.0
1732028873.6464753,-0.23,0.0
1732028873.6653013,-0.23,0.0
1732028873.6854694,-0.23,0.0
1732028873.7060444,-0.23,0.0
1732028873.7259996,-0.23,0.0
1732028873.7466452,-0.23,0.0
1732028873.7655048,-0.23,0.0
1732028873.7875383,-0.23,0.0
1732028873.8054285,-0.23,0.0
1732028873.825488,-0.23,0.0
1732028873.8455799,-0.23,0.0
1732028873.8691623,-0.23,0.0
1732028873.8855557,-0.23,0.0
1732028873.9052594,-0.23,0.0
1732028873.926301,-0.23,0.0
1732028873.9458814,-0.23,0.0
1732028873.9654117,-0.23,0.0
1732028873.9858348,-0.23,0.0
1732028874.005365,-0.23,0.0
1732028874.027048,-0.23,0.0
1732028874.0475214,-0.23,0.0
1732028874.0664155,-0.23,0.0
1732028874.0863104,-0.23,0.0
1732028874.1073492,-0.23,0.0
1732028874.1279852,-0.23,0.0
1732028874.145993,-0.23,0.0
1732028874.1652756,-0.23,0.0
1732028874.186138,-0.23,0.0
1732028874.2054827,-0.23,0.0
1732028874.225414,-0.23,0.0
1732028874.2459552,-0.23,0.0
1732028874.2659912,-0.23,0.0
1732028874.285775,-0.23,0.0
1732028874.305362,-0.23,0.0
1732028874.325429,-0.23,0.0
1732028874.3454244,-0.23,0.0
1732028874.365387,-0.23,0.0
1732028874.3853302,-0.23,0.0
1732028874.405883,-0.23,0.0
1732028874.4253702,-0.23,0.0
1732028874.4457884,-0.23,0.0
1732028874.4655316,-0.23,0.0
1732028874.4864058,-0.23,0.0
1732028874.5057878,-0.23,0.0
1732028874.527063,-0.23,0.0
1732028874.5454497,-0.23,0.0
1732028874.5655932,-0.23,0.0
1732028874.5857973,-0.23,0.0
1732028874.6058145,-0.23,0.0
1732028874.6261775,-0.23,0.0
1732028874.6474743,-0.23,0.0
1732028874.6660564,-0.23,0.0
1732028874.6862032,-0.23,0.0
1732028874.7052379,-0.23,0.0
1732028874.725804,-0.23,0.0
1732028874.7466762,-0.23,0.0
1732028874.7658136,-0.23,0.0
1732028874.7865584,-0.23,0.0
1732028874.8065703,-0.23,0.0
1732028874.8259377,-0.23,0.0
1732028874.845299,-0.18,0.16
1732028874.8652852,-0.18,0.16
1732028874.8854105,-0.18,0.16
1732028874.9059873,0.08,0.29
1732028874.9258919,0.09,0.29
1732028874.9460282,0.2,0.39
1732028874.966525,0.2,0.39
1732028874.9854462,0.2,0.39
1732028875.0058455,0.25,0.47
1732028875.0258398,0.25,0.47
1732028875.0461278,0.28,0.53
1732028875.0658562,0.28,0.53
1732028875.0863156,0.28,0.53
1732028875.10687,0.3,0.58
1732028875.12584,0.3,0.58
1732028875.1457107,0.32,0.62
1732028875.1672597,0.32,0.62
1732028875.1854408,0.32,0.62
1732028875.2067015,0.32,0.64
1732028875.225722,0.32,0.64
1732028875.2457752,0.33,0.66
1732028875.2664475,0.33,0.66
1732028875.2856712,0.33,0.66
1732028875.305201,0.33,0.68
1732028875.3267925,0.33,0.68
1732028875.3474052,0.33,0.69
1732028875.3661175,0.33,0.69
1732028875.3860235,0.33,0.69
1732028875.405254,0.33,0.7
1732028875.425973,0.33,0.7
1732028875.446424,0.32,0.7
1732028875.4664125,0.32,0.7
1732028875.486943,0.32,0.7
1732028875.5064464,0.32,0.7
1732028875.5264423,0.32,0.7
1732028875.54635,0.32,0.7
1732028875.5679977,0.32,0.7
1732028875.5870252,0.32,0.7
1732028875.6058095,0.31,0.7
1732028875.6265736,0.31,0.7
1732028875.6460094,0.31,0.7
1732028875.665579,0.31,0.7
1732028875.6854048,0.31,0.7
1732028875.7060645,0.31,0.7
1732028875.7272341,0.31,0.7
1732028875.745436,0.3,0.7
1732028875.7663636,0.3,0.7
1732028875.7855062,0.3,0.7
1732028875.8067732,0.3,0.7
1732028875.8256025,0.3,0.7
1732028875.8454082,0.29,0.7
1732028875.8663394,0.29,0.7
1732028875.8873,0.29,0.7
1732028875.9052641,0.29,0.7
1732028875.9261396,0.29,0.7
1732028875.9458585,0.28,0.7
1732028875.9657881,0.28,0.7
1732028875.9879684,0.28,0.7
1732028876.006126,0.28,0.7
1732028876.0302906,0.28,0.7
1732028876.0454538,0.27,0.7
1732028876.06541,0.27,0.7
1732028876.0872386,0.27,0.7
1732028876.1078587,0.27,0.7
1732028876.1260285,0.27,0.7
1732028876.1468449,0.27,0.7
1732028876.1662285,0.27,0.7
1732028876.1859732,0.27,0.7
1732028876.206194,0.26,0.7
1732028876.227064,0.26,0.7
1732028876.2453055,0.26,0.7
1732028876.265298,0.26,0.7
1732028876.2861447,0.26,0.7
1732028876.3073668,0.25,0.7
1732028876.3257728,0.25,0.7
1732028876.3460915,0.25,0.7
1732028876.3658907,0.25,0.7
1732028876.3855479,0.25,0.7
1732028876.4064019,0.24,0.7
1732028876.4257843,0.24,0.7
1732028876.4453294,0.24,0.7
1732028876.4655309,0.24,0.7
1732028876.4854774,0.24,0.7
1732028876.5085945,0.23,0.7
1732028876.527122,0.23,0.7
1732028876.545492,0.23,0.7
1732028876.565507,0.23,0.7
1732028876.5859044,0.23,0.7
1732028876.6077735,0.22,0.7
1732028876.626303,0.22,0.7
1732028876.6453156,0.22,0.7
1732028876.6654785,0.22,0.7
1732028876.6859648,0.22,0.7
1732028876.706888,0.22,0.7
1732028876.7259989,0.22,0.7
1732028876.745419,0.21,0.7
1732028876.7660298,0.21,0.7
1732028876.7855403,0.21,0.7
1732028876.805863,0.21,0.7
1732028876.8257475,0.21,0.7
1732028876.8470137,0.2,0.7
1732028876.8668911,0.2,0.7
1732028876.8865836,0.2,0.7
1732028876.9080656,0.2,0.7
1732028876.925522,0.2,0.7
1732028876.9464538,0.19,0.7
1732028876.9658053,0.19,0.7
1732028876.9865458,0.19,0.7
1732028877.0058856,0.19,0.7
1732028877.0255382,0.19,0.7
1732028877.0457525,0.18,0.7
1732028877.065812,0.18,0.7
1732028877.0860717,0.18,0.7
1732028877.1059058,0.18,0.7
1732028877.1260884,0.18,0.7
1732028877.1459925,0.18,0.7
1732028877.166839,0.18,0.7
1732028877.1856863,0.18,0.7
1732028877.21063,0.17,0.7
1732028877.225441,0.17,0.7
1732028877.2457285,0.17,0.7
1732028877.2661083,0.17,0.7
1732028877.2854972,0.17,0.7
1732028877.3073287,0.16,0.7
1732028877.326942,0.16,0.7
1732028877.3474197,0.16,0.7
1732028877.3676543,0.16,0.7
1732028877.3852787,0.16,0.7
1732028877.4083226,0.15,0.7
1732028877.4252908,0.15,0.7
1732028877.4453743,0.15,0.7
1732028877.4658039,0.15,0.7
1732028877.4862964,0.15,0.7
1732028877.5059648,0.15,0.7
1732028877.525231,0.15,0.7
1732028877.5472474,0.14,0.7
1732028877.5656955,0.14,0.7
1732028877.5867655,0.14,0.7
1732028877.6056228,0.14,0.7
1732028877.6267178,0.14,0.7
1732028877.645821,0.13,0.7
1732028877.665431,0.13,0.7
1732028877.687863,0.13,0.7
1732028877.7058418,0.13,0.7
1732028877.7252,0.13,0.7
1732028877.7460783,0.13,0.7
1732028877.769968,0.13,0.7
1732028877.7857993,0.13,0.7
1732028877.8055067,0.12,0.7
1732028877.8263838,0.12,0.7
1732028877.845822,0.12,0.7
1732028877.8707347,0.12,0.7
1732028877.885793,0.12,0.7
1732028877.9055827,0.12,0.7
1732028877.926716,0.12,0.7
1732028877.9453332,0.11,0.7
1732028877.9660494,0.11,0.7
1732028877.9861958,0.11,0.7
1732028878.0062602,0.11,0.7
1732028878.0254788,0.11,0.7
1732028878.0455053,0.11,0.7
1732028878.0683398,0.11,0.7
1732028878.0861943,0.11,0.7
1732028878.1058004,0.1,0.7
1732028878.1259456,0.1,0.7
1732028878.14583,0.1,0.7
1732028878.166553,0.1,0.7
1732028878.1857414,0.1,0.7
1732028878.207162,0.1,0.7
1732028878.2261925,0.1,0.7
1732028878.2454631,0.09,0.7
1732028878.2652547,0.09,0.7
1732028878.287189,0.09,0.7
1732028878.3055415,0.09,0.7
1732028878.3257656,0.09,0.7
1732028878.3465943,0.09,0.7
1732028878.3670988,0.09,0.7
1732028878.3863995,0.09,0.7
1732028878.4076824,0.08,0.7
1732028878.426766,0.08,0.7
1732028878.4456108,0.08,0.7
1732028878.4664066,0.08,0.7
1732028878.486057,0.08,0.7
1732028878.5060406,0.08,0.7
1732028878.5274017,0.08,0.7
1732028878.5474808,0.08,0.7
1732028878.5657902,0.08,0.7
1732028878.5858405,0.08,0.7
1732028878.6061325,0.07,0.7
1732028878.625776,0.07,0.7
1732028878.646652,0.16,0.7
1732028878.6654897,0.16,0.7
1732028878.6866457,0.16,0.7
1732028878.7061145,0.16,0.7
1732028878.7252645,0.16,0.7
1732028878.7455885,0.16,0.7
1732028878.7662776,0.16,0.7
1732028878.7860484,0.16,0.7
1732028878.80613,0.16,0.7
1732028878.8259916,0.16,0.7
1732028878.8470776,0.16,0.7
1732028878.866717,0.16,0.7
1732028878.8858814,0.16,0.7
1732028878.9059532,0.16,0.7
1732028878.9257169,0.16,0.7
1732028878.946308,0.16,0.7
1732028878.9662647,0.16,0.7
1732028878.9858027,0.16,0.7
1732028879.005224,0.16,0.7
1732028879.02707,0.16,0.7
1732028879.0460742,0.16,0.7
1732028879.0666082,0.16,0.7
1732028879.0859451,0.16,0.7
1732028879.1060288,0.16,0.7
1732028879.1253977,0.16,0.7
1732028879.145394,0.16,0.7
1732028879.1655746,0.16,0.7
1732028879.185594,0.16,0.7
1732028879.2062569,0.16,0.7
1732028879.2278724,0.16,0.7
1732028879.2463307,0.16,0.7
1732028879.2654274,0.17,0.7
1732028879.2907107,0.17,0.7
1732028879.3094466,0.17,0.7
1732028879.3257034,0.17,0.7
1732028879.345755,0.17,0.7
1732028879.3663538,0.17,0.7
1732028879.385784,0.17,0.7
1732028879.4062026,0.17,0.7
1732028879.4254491,0.17,0.7
1732028879.4475536,0.17,0.7
1732028879.4669797,0.17,0.7
1732028879.4859154,0.17,0.7
1732028879.5053825,0.17,0.7
1732028879.5258875,0.17,0.7
1732028879.5460832,0.17,0.7
1732028879.5659847,0.17,0.7
1732028879.5854354,0.17,0.7
1732028879.6058125,0.17,0.7
1732028879.6259246,0.17,0.7
1732028879.647097,0.17,0.7
1732028879.6660523,0.17,0.7
1732028879.6860113,0.17,0.7
1732028879.7061174,0.17,0.7
1732028879.7275863,0.17,0.7
1732028879.7460918,0.17,0.7
1732028879.7666965,0.17,0.7
1732028879.7857866,0.17,0.7
1732028879.8058946,0.17,0.7
1732028879.8264956,0.17,0.7
1732028879.8483083,0.17,0.7
1732028879.8655674,0.17,0.7
1732028879.8855932,0.17,0.7
1732028879.9060562,0.17,0.7
1732028879.9261317,0.17,0.7
1732028879.9468124,0.17,0.7
1732028879.9669032,0.17,0.7
1732028879.98578,0.17,0.7
1732028880.005415,0.17,0.7
1732028880.0282614,0.17,0.7
1732028880.0459316,0.18,0.7
1732028880.065407,0.18,0.7
1732028880.087492,0.18,0.7
1732028880.105391,0.18,0.7
1732028880.1294458,0.18,0.7
1732028880.146295,0.18,0.7
1732028880.1678047,0.18,0.7
1732028880.1870444,0.18,0.7
1732028880.2067728,0.18,0.7
1732028880.2257931,0.18,0.7
1732028880.2493632,0.18,0.7
1732028880.2659318,0.18,0.7
1732028880.285803,0.18,0.7
1732028880.3061578,0.18,0.7
1732028880.3259637,0.18,0.7
1732028880.3455842,0.18,0.7
1732028880.3659916,0.18,0.7
1732028880.3853147,0.18,0.7
1732028880.4063616,0.18,0.7
1732028880.425518,0.18,0.7
1732028880.4457495,0.18,0.7
1732028880.465957,0.18,0.7
1732028880.486104,0.18,0.7
1732028880.5057735,0.18,0.7
1732028880.5258884,0.18,0.7
1732028880.546346,0.19,0.7
1732028880.567766,0.19,0.7
1732028880.587577,0.19,0.7
1732028880.6101832,0.19,0.7
1732028880.6264946,0.19,0.7
1732028880.6467462,0.19,0.7
1732028880.6662617,0.19,0.7
1732028880.6857114,0.19,0.7
1732028880.7077491,0.19,0.7
1732028880.7264695,0.19,0.7
1732028880.74526,0.19,0.7
1732028880.7664604,0.19,0.7
1732028880.7862234,0.19,0.7
1732028880.806506,0.19,0.7
1732028880.8263702,0.19,0.7
1732028880.845414,0.19,0.7
1732028880.866223,0.19,0.7
1732028880.8852737,0.19,0.7
1732028880.9059284,0.19,0.7
1732028880.9264197,0.19,0.7
1732028880.9457982,0.19,0.7
1732028880.966057,0.19,0.7
1732028880.985773,0.19,0.7
1732028881.00597,0.19,0.7
1732028881.0266378,0.19,0.7
1732028881.0462039,0.2,0.7
1732028881.0660298,0.2,0.7
1732028881.0859768,0.2,0.7
1732028881.106243,0.2,0.7
1732028881.1268795,0.2,0.7
1732028881.145467,0.2,0.7
1732028881.166368,0.2,0.7
1732028881.186399,0.2,0.7
1732028881.2055318,0.2,0.7
1732028881.227266,0.2,0.7
1732028881.2472901,0.2,0.7
1732028881.2656536,0.2,0.7
1732028881.287148,0.2,0.7
1732028881.306078,0.2,0.7
1732028881.326265,0.2,0.7
1732028881.3454208,0.2,0.7
1732028881.3655627,0.2,0.7
1732028881.3853214,0.2,0.7
1732028881.405772,0.2,0.7
1732028881.4253087,0.2,0.7
1732028881.448026,0.2,0.7
1732028881.4673698,0.2,0.7
1732028881.4862106,0.2,0.7
1732028881.5065496,0.2,0.7
1732028881.5252707,0.2,0.7
1732028881.5455122,0.2,0.7
1732028881.566617,0.2,0.7
1732028881.5879729,0.2,0.7
1732028881.6053934,0.21,0.7
1732028881.6272466,0.21,0.7
1732028881.645359,0.21,0.7
1732028881.6654978,0.21,0.7
1732028881.6861248,0.21,0.7
1732028881.705804,0.21,0.7
1732028881.7259994,0.21,0.7
1732028881.7468932,0.21,0.7
1732028881.7656121,0.21,0.7
1732028881.786281,0.21,0.7
1732028881.8064532,0.21,0.7
1732028881.8262126,0.21,0.7
1732028881.8453739,0.21,0.7
1732028881.8653884,0.21,0.7
1732028881.8862743,0.21,0.7
1732028881.9058144,0.21,0.7
1732028881.9261832,0.21,0.7
1732028881.9454541,0.21,0.7
1732028881.9653745,0.21,0.7
1732028881.988545,0.21,0.7
1732028882.005418,0.21,0.7
1732028882.0263138,0.21,0.7
1732028882.0455806,0.21,0.7
1732028882.0667346,0.21,0.7
1732028882.0872982,0.21,0.7
1732028882.1069555,0.21,0.7
1732028882.1260026,0.21,0.7
1732028882.1454525,0.21,0.7
1732028882.1669772,0.21,0.7
1732028882.185826,0.21,0.7
1732028882.2074816,0.21,0.7
1732028882.2276876,0.21,0.7
1732028882.246206,0.21,0.7
1732028882.2657475,0.21,0.7
1732028882.2863088,0.21,0.7
1732028882.3065317,0.21,0.7
1732028882.3261356,0.21,0.7
1732028882.346086,0.21,0.7
1732028882.3659036,0.21,0.7
1732028882.386654,0.21,0.7
1732028882.4057567,0.21,0.7
1732028882.4253354,0.21,0.7
1732028882.4465003,0.21,0.7
1732028882.465698,0.21,0.7
1732028882.4859848,0.21,0.7
1732028882.5058954,0.21,0.7
1732028882.5275426,0.21,0.7
1732028882.5486095,0.22,0.7
1732028882.566789,0.22,0.7
1732028882.586085,0.22,0.7
1732028882.6054292,0.22,0.7
1732028882.6274908,0.22,0.7
1732028882.6457777,0.22,0.7
1732028882.6657526,0.22,0.7
1732028882.6866977,0.22,0.7
1732028882.7060854,0.22,0.7
1732028882.726201,0.22,0.7
1732028882.7463412,0.22,0.7
1732028882.7658386,0.22,0.7
1732028882.7855027,0.22,0.7
1732028882.8061469,0.22,0.7
1732028882.8255248,0.22,0.7
1732028882.8457901,0.22,0.7
1732028882.865622,0.22,0.7
1732028882.887059,0.22,0.7
1732028882.9063377,0.22,0.7
1732028882.9256992,0.22,0.7
1732028882.9474688,0.22,0.7
1732028882.9662235,0.22,0.7
1732028882.98611,0.22,0.7
1732028883.0054002,0.22,0.7
1732028883.025609,0.22,0.7
1732028883.0458999,0.22,0.7
1732028883.0654988,0.22,0.7
1732028883.0854087,0.22,0.7
1732028883.1071253,0.22,0.7
1732028883.1260936,0.22,0.7
1732028883.1487887,0.22,0.7
1732028883.1658251,0.22,0.7
1732028883.18547,0.22,0.7
1732028883.2061758,0.22,0.7
1732028883.2262173,0.22,0.7
1732028883.245595,0.22,0.7
1732028883.2653718,0.22,0.7
1732028883.2862508,0.22,0.7
1732028883.3068414,0.22,0.7
1732028883.325931,0.22,0.7
1732028883.3461738,0.22,0.7
1732028883.3655787,0.22,0.7
1732028883.3856354,0.22,0.7
1732028883.4063728,0.22,0.7
1732028883.4264271,0.22,0.7
1732028883.448502,0.21,0.7
1732028883.467445,0.21,0.7
1732028883.4914846,0.21,0.7
1732028883.5059922,0.21,0.7
1732028883.5253844,0.21,0.7
1732028883.545446,0.21,0.7
1732028883.5655327,0.21,0.7
1732028883.5857828,0.21,0.7
1732028883.605714,0.21,0.7
1732028883.6256962,0.21,0.7
1732028883.6463025,0.21,0.7
1732028883.6659508,0.21,0.7
1732028883.6875045,0.21,0.7
1732028883.7060666,0.21,0.7
1732028883.726066,0.21,0.7
1732028883.7453873,0.21,0.7
1732028883.7655518,0.21,0.7
1732028883.7868524,0.21,0.7
1732028883.805574,0.21,0.7
1732028883.8293896,0.21,0.7
1732028883.8466005,0.21,0.7
1732028883.8669176,0.21,0.7
1732028883.8859,0.21,0.7
1732028883.9051952,0.21,0.7
1732028883.9259853,0.21,0.7
1732028883.945369,0.21,0.7
1732028883.9658356,0.21,0.7
1732028883.9871092,0.21,0.7
1732028884.005445,0.21,0.7
1732028884.0257137,0.21,0.7
1732028884.045613,0.21,0.7
1732028884.0661073,0.21,0.7
1732028884.0857942,0.21,0.7
1732028884.1067338,0.21,0.7
1732028884.1260712,0.21,0.7
1732028884.1473303,0.21,0.7
1732028884.1659577,0.21,0.7
1732028884.185449,0.21,0.7
1732028884.2061296,0.21,0.7
1732028884.2258987,0.21,0.7
1732028884.2460785,0.21,0.7
1732028884.266029,0.21,0.7
1732028884.2866788,0.21,0.7
1732028884.306419,0.21,0.7
1732028884.325838,0.21,0.7
1732028884.3474844,0.2,0.7
1732028884.366908,0.2,0.7
1732028884.3871562,0.2,0.7
1732028884.4070146,0.2,0.7
1732028884.4259784,0.2,0.7
1732028884.4452176,0.2,0.7
1732028884.465622,0.2,0.7
1732028884.4883075,0.2,0.7
1732028884.5058036,0.2,0.7
1732028884.5269053,0.2,0.7
1732028884.5477138,0.2,0.7
1732028884.5664349,0.2,0.7
1732028884.585913,0.2,0.7
1732028884.6066995,0.2,0.7
1732028884.626541,0.2,0.7
1732028884.6460764,0.2,0.7
1732028884.6658497,0.2,0.7
1732028884.6859784,0.2,0.7
1732028884.7071319,0.2,0.7
1732028884.726865,0.2,0.7
1732028884.7473497,0.2,0.7
1732028884.765426,0.2,0.7
1732028884.786354,0.2,0.7
1732028884.8061194,0.2,0.7
1732028884.825424,0.2,0.7
1732028884.8458664,0.2,0.7
1732028884.8658946,0.2,0.7
1732028884.885497,0.2,0.7
1732028884.9057627,0.2,0.7
1732028884.9253116,0.2,0.7
1732028884.9473503,0.2,0.7
1732028884.9681973,0.2,0.7
1732028884.9853818,0.2,0.7
1732028885.0066013,0.2,0.7
1732028885.0273304,0.2,0.7
1732028885.0472407,0.2,0.7
1732028885.0696833,0.2,0.7
1732028885.0859818,0.2,0.7
1732028885.1057253,0.2,0.7
1732028885.1269855,0.2,0.7
1732028885.1459796,0.19,0.7
1732028885.1653578,0.19,0.7
1732028885.1854615,0.19,0.7
1732028885.2075026,0.19,0.7
1732028885.225467,0.19,0.7
1732028885.247587,0.19,0.7
1732028885.2665277,0.19,0.7
1732028885.2858293,0.19,0.7
1732028885.3085513,0.19,0.7
1732028885.3254592,0.19,0.7
1732028885.3455474,0.19,0.7
1732028885.3661003,0.19,0.7
1732028885.3860044,0.19,0.7
1732028885.4057958,0.19,0.7
1732028885.4255917,0.19,0.7
1732028885.4461856,0.19,0.7
1732028885.4664028,0.19,0.7
1732028885.485334,0.19,0.7
1732028885.5056732,0.19,0.7
1732028885.5263577,0.19,0.7
1732028885.5480056,0.19,0.7
1732028885.5657816,0.19,0.7
1732028885.5858495,0.19,0.7
1732028885.605472,0.19,0.7
1732028885.6251707,0.19,0.7
1732028885.646247,0.19,0.7
1732028885.6669478,0.19,0.7
1732028885.685368,0.19,0.7
1732028885.706881,0.19,0.7
1732028885.7254024,0.19,0.7
1732028885.7455857,0.19,0.7
1732028885.7666886,0.19,0.7
1732028885.7857945,0.19,0.7
1732028885.8061798,0.19,0.7
1732028885.8266,0.19,0.7
1732028885.8453095,0.19,0.7
1732028885.8663416,0.19,0.7
1732028885.8853264,0.19,0.7
1732028885.9069166,0.19,0.7
1732028885.926325,0.19,0.7
1732028885.9455733,0.19,0.7
1732028885.9659534,0.19,0.7
1732028885.9854903,0.19,0.7
1732028886.0055926,0.19,0.7
1732028886.025413,0.19,0.7
1732028886.0454292,0.19,0.7
1732028886.066189,0.19,0.7
1732028886.0854514,0.19,0.7
1732028886.1078663,0.19,0.7
1732028886.1255593,0.19,0.7
1732028886.1454942,0.18,0.7
1732028886.1669712,0.18,0.7
1732028886.1866953,0.18,0.7
1732028886.2059174,0.18,0.7
1732028886.2252474,0.18,0.7
1732028886.2453513,0.18,0.7
1732028886.266221,0.18,0.7
1732028886.2872171,0.18,0.7
1732028886.3055027,0.18,0.7
1732028886.326494,0.18,0.7
1732028886.3454208,0.18,0.7
1732028886.365269,0.18,0.7
1732028886.3862188,0.18,0.7
1732028886.407734,0.18,0.7
1732028886.4270697,0.18,0.7
1732028886.4459198,0.18,0.7
1732028886.4664807,0.18,0.7
1732028886.485705,0.18,0.7
1732028886.5058048,0.18,0.7
1732028886.5258904,0.18,0.7
1732028886.5460703,0.18,0.7
1732028886.565401,0.18,0.7
1732028886.5855632,0.18,0.7
1732028886.6058493,0.18,0.7
1732028886.6269076,0.18,0.7
1732028886.6459663,0.18,0.7
1732028886.6660042,0.18,0.7
1732028886.68603,0.18,0.7
1732028886.705474,0.18,0.7
1732028886.725893,0.18,0.7
1732028886.7457552,0.18,0.7
1732028886.7663405,0.18,0.7
1732028886.785426,0.18,0.7
1732028886.8070214,0.18,0.7
1732028886.8277633,0.18,0.7
1732028886.8506353,0.18,0.7
1732028886.8667188,0.18,0.7
1732028886.8853645,0.18,0.7
1732028886.905245,0.18,0.7
1732028886.9265478,0.18,0.7
1732028886.9456375,0.18,0.7
1732028886.9658012,0.18,0.7
1732028886.9863951,0.18,0.7
1732028887.0058496,0.18,0.7
1732028887.0266407,0.18,0.7
1732028887.0453775,0.18,0.7
1732028887.0655005,0.18,0.7
1732028887.08799,0.18,0.7
1732028887.1058774,0.18,0.7
1732028887.1263697,0.18,0.7
1732028887.1457605,0.18,0.7
1732028887.1659384,0.18,0.7
1732028887.186155,0.18,0.7
1732028887.206231,0.18,0.7
1732028887.225648,0.18,0.7
1732028887.247368,0.18,0.7
1732028887.2663193,0.18,0.7
1732028887.28649,0.18,0.7
1732028887.3061001,0.18,0.7
1732028887.325987,0.18,0.7
1732028887.3462825,0.18,0.7
1732028887.3661103,0.18,0.7
1732028887.3867674,0.18,0.7
1732028887.405428,0.18,0.7
1732028887.4259934,0.18,0.7
1732028887.4461653,0.18,0.7
1732028887.466124,0.18,0.7
1732028887.4852293,0.18,0.7
1732028887.505927,0.18,0.7
1732028887.5264368,0.18,0.7
1732028887.5453594,0.18,0.7
1732028887.56572,0.18,0.7
1732028887.5864494,0.18,0.7
1732028887.6054072,0.18,0.7
1732028887.6258934,0.18,0.7
1732028887.645512,0.18,0.7
1732028887.6654544,0.18,0.7
1732028887.6870642,0.18,0.7
1732028887.7054367,0.18,0.7
1732028887.7270722,0.18,0.7
1732028887.7489245,0.18,0.7
1732028887.7673755,0.18,0.7
1732028887.7861712,0.18,0.7
1732028887.8083997,0.18,0.7
1732028887.8265362,0.18,0.7
1732028887.8464918,0.18,0.7
1732028887.865583,0.18,0.7
1732028887.8867636,0.18,0.7
1732028887.9055245,0.18,0.7
1732028887.92539,0.18,0.7
1732028887.9457543,0.18,0.7
1732028887.9659264,0.18,0.7
1732028887.9853415,0.18,0.7
1732028888.0068796,0.18,0.7
1732028888.0271916,0.18,0.7
1732028888.0462549,0.18,0.7
1732028888.0670629,0.18,0.7
1732028888.085237,0.18,0.7
1732028888.1059148,0.18,0.7
1732028888.12668,0.18,0.7
1732028888.1452641,0.18,0.7
1732028888.166491,0.18,0.7
1732028888.1853125,0.18,0.7
1732028888.2064753,0.18,0.7
1732028888.2262416,0.18,0.7
1732028888.2456486,0.18,0.7
1732028888.266067,0.18,0.7
1732028888.2858636,0.18,0.7
1732028888.3051708,0.18,0.7
1732028888.3266103,0.18,0.7
1732028888.345984,0.18,0.7
1732028888.3657243,0.18,0.7
1732028888.3859577,0.18,0.7
1732028888.40635,0.18,0.7
1732028888.425376,0.18,0.7
1732028888.4469404,0.18,0.7
1732028888.4662888,0.18,0.7
1732028888.4860659,0.18,0.7
1732028888.506262,0.18,0.7
1732028888.5263374,0.18,0.7
1732028888.545336,0.18,0.7
1732028888.5691354,0.18,0.7
1732028888.585586,0.18,0.7
1732028888.6076503,0.18,0.7
1732028888.626741,0.18,0.7
1732028888.6453726,0.18,0.7
1732028888.6663587,0.18,0.7
1732028888.6857312,0.18,0.7
1732028888.70646,0.18,0.7
1732028888.7253706,0.18,0.7
1732028888.748088,0.18,0.7
1732028888.7658777,0.18,0.7
1732028888.7867553,0.18,0.7
1732028888.8071911,0.18,0.7
1732028888.826625,0.18,0.7
1732028888.8453834,0.18,0.7
1732028888.8655827,0.18,0.7
1732028888.8852718,0.18,0.7
1732028888.9089682,0.18,0.7
1732028888.9269965,0.18,0.7
1732028888.945375,0.18,0.7
1732028888.9654622,0.18,0.7
1732028888.9860642,0.18,0.7
1732028889.0062191,0.18,0.7
1732028889.03055,0.18,0.7
1732028889.0467474,0.18,0.7
1732028889.0667934,0.18,0.7
1732028889.0859077,0.18,0.7
1732028889.1076612,0.18,0.7
1732028889.1266646,0.18,0.7
1732028889.1472695,0.18,0.7
1732028889.1666374,0.18,0.7
1732028889.1861227,0.18,0.7
1732028889.2081823,0.18,0.7
1732028889.2257998,0.18,0.7
1732028889.2511225,0.18,0.7
1732028889.2679198,0.18,0.7
1732028889.2858403,0.18,0.7
1732028889.3079264,0.18,0.7
1732028889.3259208,0.18,0.7
1732028889.3456051,0.18,0.7
1732028889.3661592,0.18,0.7
1732028889.386391,0.18,0.7
1732028889.4078128,0.18,0.7
1732028889.4259229,0.18,0.7
1732028889.4457562,0.18,0.7
1732028889.465899,0.18,0.7
1732028889.4855678,0.18,0.7
1732028889.5056694,0.18,0.7
1732028889.5264432,0.18,0.7
1732028889.545525,0.18,0.7
1732028889.5656047,0.18,0.7
1732028889.585439,0.18,0.7
1732028889.6067305,0.18,0.7
1732028889.6276941,0.18,0.7
1732028889.6480992,0.18,0.7
1732028889.6661503,0.18,0.7
1732028889.6896803,0.18,0.7
1732028889.7083142,0.18,0.7
1732028889.72584,0.18,0.7
1732028889.746833,0.18,0.7
1732028889.7658794,0.18,0.7
1732028889.785783,0.18,0.7
1732028889.8066452,0.18,0.7
1732028889.8254447,0.18,0.7
1732028889.8458004,0.18,0.7
1732028889.8702538,0.18,0.7
1732028889.8854957,0.18,0.7
1732028889.9060287,0.18,0.7
1732028889.9255579,0.18,0.7
1732028889.9476793,0.18,0.7
1732028889.965512,0.18,0.7
1732028889.9872053,0.18,0.7
1732028890.0057173,0.19,0.7
1732028890.0257766,0.19,0.7
1732028890.046735,0.19,0.7
1732028890.066313,0.19,0.7
1732028890.08678,0.19,0.7
1732028890.105645,0.19,0.7
1732028890.1256351,0.19,0.7
1732028890.1457644,0.19,0.7
1732028890.1665256,0.19,0.7
1732028890.1870377,0.19,0.7
1732028890.2055278,0.19,0.7
1732028890.225682,0.19,0.7
1732028890.2458556,0.19,0.7
1732028890.2661746,0.19,0.7
1732028890.285647,0.19,0.7
1732028890.305758,0.19,0.7
1732028890.3303525,0.19,0.7
1732028890.3460882,0.19,0.7
1732028890.3655496,0.19,0.7
1732028890.387084,0.19,0.7
1732028890.4090142,0.19,0.7
1732028890.4263911,0.19,0.7
1732028890.445871,0.19,0.7
1732028890.4666398,0.19,0.7
1732028890.486027,0.19,0.7
1732028890.5068414,0.19,0.7
1732028890.5293043,0.19,0.7
1732028890.5466301,0.19,0.7
1732028890.566523,0.19,0.7
1732028890.5898485,0.19,0.7
1732028890.6063018,0.19,0.7
1732028890.625709,0.19,0.7
1732028890.646532,0.19,0.7
1732028890.6658852,0.19,0.7
1732028890.6862395,0.19,0.7
1732028890.706467,0.19,0.7
1732028890.725241,0.19,0.7
1732028890.7455728,0.19,0.7
1732028890.7659314,0.19,0.7
1732028890.7861931,0.19,0.7
1732028890.8065224,0.19,0.7
1732028890.8265915,0.19,0.7
1732028890.8464184,0.19,0.7
1732028890.866061,0.19,0.7
1732028890.8865285,0.19,0.7
1732028890.907177,0.19,0.7
1732028890.9303083,0.19,0.7
1732028890.9460711,0.19,0.7
1732028890.9669838,0.19,0.7
1732028890.9941022,0.19,0.7
1732028891.006762,0.19,0.7
1732028891.0312307,0.19,0.7
1732028891.0470428,0.19,0.7
1732028891.0686073,0.19,0.7
1732028891.0870686,0.19,0.7
1732028891.1060195,0.19,0.7
1732028891.1272757,0.19,0.7
1732028891.146034,0.19,0.7
1732028891.1658747,0.19,0.7
1732028891.190283,0.19,0.7
1732028891.2061965,0.19,0.7
1732028891.2263997,0.19,0.7
1732028891.2457948,0.19,0.7
1732028891.2667074,0.19,0.7
1732028891.28549,0.19,0.7
1732028891.3058531,0.19,0.7
1732028891.3260262,0.19,0.7
1732028891.3462536,0.19,0.7
1732028891.3661077,0.19,0.7
1732028891.386204,0.19,0.7
1732028891.4065554,0.19,0.7
1732028891.4258947,0.19,0.7
1732028891.4459624,0.19,0.7
1732028891.4662638,0.19,0.7
1732028891.4854734,0.19,0.7
1732028891.507232,0.19,0.7
1732028891.5253775,0.19,0.7
1732028891.5453887,0.2,0.7
1732028891.566158,0.2,0.7
1732028891.598242,0.2,0.7
1732028891.606217,0.2,0.7
1732028891.627177,0.2,0.7
1732028891.6460867,0.2,0.7
1732028891.6666682,0.2,0.7
1732028891.6861935,0.2,0.7
1732028891.7062378,0.2,0.7
1732028891.7268653,0.2,0.7
1732028891.7464213,0.2,0.7
1732028891.7670887,0.2,0.7
1732028891.7865784,0.2,0.7
1732028891.8064249,0.2,0.7
1732028891.8260593,0.2,0.7
1732028891.846283,0.2,0.7
1732028891.8661995,0.2,0.7
1732028891.886644,0.2,0.7
1732028891.907604,0.2,0.7
1732028891.9267256,0.2,0.7
1732028891.9480116,0.2,0.7
1732028891.9669092,0.2,0.7
1732028891.9853997,0.2,0.7
1732028892.0062952,0.2,0.7
1732028892.0260425,0.2,0.7
1732028892.0459557,0.2,0.7
1732028892.0662804,0.2,0.7
1732028892.0863874,0.2,0.7
1732028892.1066077,0.2,0.7
1732028892.1267047,0.2,0.7
1732028892.1486154,0.2,0.7
1732028892.168456,0.2,0.7
1732028892.1896112,0.2,0.7
1732028892.208533,0.2,0.7
1732028892.225719,0.2,0.7
1732028892.2484705,0.2,0.7
1732028892.2677314,0.2,0.7
1732028892.2866015,0.2,0.7
1732028892.3067248,0.2,0.7
1732028892.3263938,0.2,0.7
1732028892.3486414,0.2,0.7
1732028892.3682306,0.2,0.7
1732028892.390858,0.2,0.7
1732028892.4062066,0.2,0.7
1732028892.4287527,0.2,0.7
1732028892.446853,0.2,0.7
1732028892.4697416,0.2,0.7
1732028892.4869533,0.2,0.7
1732028892.5079854,0.2,0.7
1732028892.5261548,0.2,0.7
1732028892.5465631,0.2,0.7
1732028892.5654511,0.2,0.7
1732028892.5858045,0.2,0.7
1732028892.606501,0.2,0.7
1732028892.626727,0.2,0.7
1732028892.645529,0.2,0.7
1732028892.666199,0.2,0.7
1732028892.6889231,0.2,0.7
1732028892.705975,0.2,0.7
1732028892.72787,0.2,0.7
1732028892.7465894,0.2,0.7
1732028892.767636,0.2,0.7
1732028892.7868454,0.2,0.7
1732028892.8087764,0.2,0.7
1732028892.8254876,0.2,0.7
1732028892.846307,0.2,0.7
1732028892.8662326,0.2,0.7
1732028892.8857424,0.2,0.7
1732028892.9070249,0.2,0.7
1732028892.9262097,0.2,0.7
1732028892.9483225,0.2,0.7
1732028892.9665766,0.2,0.7
1732028892.98955,0.2,0.7
1732028893.00697,0.2,0.7
1732028893.0262437,0.2,0.7
1732028893.0461102,0.2,0.7
1732028893.0660882,0.2,0.7
1732028893.0875723,0.2,0.7
1732028893.106471,0.2,0.7
1732028893.1264744,0.2,0.7
1732028893.146718,0.2,0.7
1732028893.1665657,0.2,0.7
1732028893.185634,0.2,0.7
1732028893.205962,0.2,0.7
1732028893.2263386,0.2,0.7
1732028893.2462072,0.2,0.7
1732028893.2667508,0.2,0.7
1732028893.2859385,0.2,0.7
1732028893.306073,0.2,0.7
1732028893.3268347,0.2,0.7
1732028893.3463643,0.2,0.7
1732028893.3661375,0.2,0.7
1732028893.3862684,0.2,0.7
1732028893.4066725,0.2,0.7
1732028893.4259,0.2,0.7
1732028893.445534,0.2,0.7
1732028893.4660249,0.2,0.7
1732028893.4860075,0.2,0.7
1732028893.5061815,0.2,0.7
1732028893.5260956,0.2,0.7
1732028893.546248,0.2,0.7
1732028893.5662842,0.2,0.7
1732028893.585825,0.2,0.7
1732028893.6078608,0.2,0.7
1732028893.6257954,0.2,0.7
1732028893.6468468,0.2,0.7
1732028893.6661658,0.2,0.7
1732028893.6874027,0.2,0.7
1732028893.7072904,0.2,0.7
1732028893.7259333,0.2,0.7
1732028893.746329,0.2,0.7
1732028893.7673204,0.2,0.7
1732028893.785927,0.2,0.7
1732028893.806732,0.2,0.7
1732028893.8260663,0.2,0.7
1732028893.8463285,0.2,0.7
1732028893.8660274,0.2,0.7
1732028893.8881292,0.2,0.7
1732028893.905853,0.2,0.7
1732028893.9256206,0.2,0.7
1732028893.9456017,0.2,0.7
1732028893.9655592,0.2,0.7
1732028893.9859595,0.2,0.7
1732028894.006733,0.2,0.7
1732028894.0271387,0.2,0.7
1732028894.0526054,0.2,0.7
1732028894.067825,0.2,0.7
1732028894.0864534,0.2,0.7
1732028894.1077282,0.2,0.7
1732028894.1257708,0.2,0.7
1732028894.1456358,0.2,0.7
1732028894.166455,0.2,0.7
1732028894.186346,0.2,0.7
1732028894.2061136,0.2,0.7
1732028894.2282832,0.2,0.7
1732028894.246249,0.2,0.7
1732028894.2683632,0.2,0.7
1732028894.286319,0.2,0.7
1732028894.3073423,0.2,0.7
1732028894.3276997,0.2,0.7
1732028894.3474445,0.2,0.7
1732028894.3658154,0.2,0.7
1732028894.3862476,0.2,0.7
1732028894.4063904,0.2,0.7
1732028894.4264834,0.2,0.7
1732028894.449488,0.2,0.7
1732028894.465501,0.2,0.7
1732028894.487244,0.2,0.7
1732028894.506093,0.2,0.7
1732028894.5260935,0.2,0.7
1732028894.5461607,0.2,0.7
1732028894.565475,0.2,0.7
1732028894.5904677,0.2,0.7
1732028894.6065376,0.21,0.7
1732028894.6255813,0.21,0.7
1732028894.646155,0.21,0.7
1732028894.6658487,0.21,0.7
1732028894.6855826,0.21,0.7
1732028894.706386,0.21,0.7
1732028894.7261262,0.21,0.7
1732028894.7528203,0.21,0.7
1732028894.7658274,0.21,0.7
1732028894.785394,0.21,0.7
1732028894.8061829,0.21,0.7
1732028894.8275347,0.21,0.7
1732028894.8474238,0.21,0.7
1732028894.867336,0.21,0.7
1732028894.8870173,0.21,0.7
1732028894.9069867,0.21,0.7
1732028894.9284832,0.21,0.7
1732028894.946049,0.21,0.7
1732028894.9660697,0.21,0.7
1732028894.9854417,0.21,0.7
1732028895.0063086,0.21,0.7
1732028895.0261874,0.21,0.7
1732028895.0458813,0.21,0.7
1732028895.0673802,0.21,0.7
1732028895.0863094,0.21,0.7
1732028895.108145,0.21,0.7
1732028895.126292,0.21,0.7
1732028895.1459749,0.21,0.7
1732028895.1665938,0.21,0.7
1732028895.185789,0.21,0.7
1732028895.2067747,0.21,0.7
1732028895.2280009,0.21,0.7
1732028895.2458994,0.21,0.7
1732028895.265659,0.21,0.7
1732028895.2862415,0.21,0.7
1732028895.3067193,0.21,0.7
1732028895.3271558,0.21,0.7
1732028895.3464894,0.21,0.7
1732028895.366235,0.21,0.7
1732028895.3891468,0.21,0.7
1732028895.4067595,0.21,0.7
1732028895.427144,0.21,0.7
1732028895.4496653,0.21,0.7
1732028895.46617,0.21,0.7
1732028895.4858756,0.21,0.7
1732028895.5060363,0.21,0.7
1732028895.5355349,0.21,0.7
1732028895.5473177,0.21,0.7
1732028895.5655406,0.21,0.7
1732028895.5853958,0.21,0.7
1732028895.6064558,0.21,0.7
1732028895.6280036,0.21,0.7
1732028895.6479893,0.21,0.7
1732028895.6659055,0.21,0.7
1732028895.6861691,0.21,0.7
1732028895.7058394,0.21,0.7
1732028895.7266943,0.21,0.7
1732028895.746598,0.21,0.7
1732028895.7668772,0.21,0.7
1732028895.7859294,0.21,0.7
1732028895.8061507,0.21,0.7
1732028895.8257117,0.21,0.7
1732028895.8463979,0.21,0.7
1732028895.865888,0.21,0.7
1732028895.88558,0.21,0.7
1732028895.9058821,0.21,0.7
1732028895.9266424,0.21,0.7
1732028895.9464498,0.21,0.7
1732028895.9673803,0.21,0.7
1732028895.9859958,0.21,0.7
1732028896.006108,0.21,0.7
1732028896.0267496,0.21,0.7
1732028896.047652,0.21,0.7
1732028896.0669608,0.21,0.7
1732028896.0857625,0.21,0.7
1732028896.106071,0.21,0.7
1732028896.1263618,0.21,0.7
1732028896.145923,0.21,0.7
1732028896.1688428,0.21,0.7
1732028896.1862936,0.21,0.7
1732028896.207513,0.21,0.7
1732028896.2270844,0.21,0.7
1732028896.2597907,0.21,0.7
1732028896.2655027,0.21,0.7
1732028896.2856555,0.21,0.7
1732028896.3056538,0.21,0.7
1732028896.3267202,0.21,0.7
1732028896.3466275,0.21,0.7
1732028896.3668175,0.21,0.7
1732028896.386404,0.21,0.7
1732028896.4059594,0.21,0.7
1732028896.4275029,0.21,0.7
1732028896.4493659,0.21,0.7
1732028896.467807,0.21,0.7
1732028896.4866097,0.21,0.7
1732028896.5053825,0.21,0.7
1732028896.5264337,0.21,0.7
1732028896.546858,0.21,0.7
1732028896.5677652,0.21,0.7
1732028896.5875332,0.21,0.7
1732028896.6064696,0.21,0.7
1732028896.626025,0.21,0.7
1732028896.646328,0.21,0.7
1732028896.665735,0.21,0.7
1732028896.6885347,0.21,0.7
1732028896.7065952,0.21,0.7
1732028896.726197,0.21,0.7
1732028896.7457795,0.21,0.7
1732028896.7659283,0.21,0.7
1732028896.7861445,0.21,0.7
1732028896.8069437,0.21,0.7
1732028896.827368,0.21,0.7
1732028896.8466525,0.21,0.7
1732028896.8668075,0.21,0.7
1732028896.8878784,0.21,0.7
1732028896.906761,0.21,0.7
1732028896.925839,0.21,0.7
1732028896.9459543,0.21,0.7
1732028896.9659688,0.21,0.7
1732028896.9854748,0.21,0.7
1732028897.0072777,0.21,0.7
1732028897.028817,0.21,0.7
1732028897.047997,0.21,0.7
1732028897.0676203,0.21,0.7
1732028897.0864434,0.21,0.7
1732028897.1065593,0.21,0.7
1732028897.125983,0.21,0.7
1732028897.14625,0.21,0.7
1732028897.166847,0.21,0.7
1732028897.1870022,0.21,0.7
1732028897.2060099,0.21,0.7
1732028897.2265527,0.21,0.7
1732028897.2466075,0.21,0.7
1732028897.2661035,0.21,0.7
1732028897.285916,0.21,0.7
1732028897.306751,0.21,0.7
1732028897.3283377,0.21,0.7
1732028897.3470237,0.21,0.7
1732028897.3654902,0.21,0.7
1732028897.3856423,0.21,0.7
1732028897.4062839,0.21,0.7
1732028897.4345303,0.21,0.7
1732028897.446688,0.21,0.7
1732028897.465593,0.21,0.7
1732028897.4858823,0.21,0.7
1732028897.5060656,0.21,0.7
1732028897.5265641,0.21,0.7
1732028897.547521,0.21,0.7
1732028897.5682337,0.21,0.7
1732028897.5884979,0.21,0.7
1732028897.6074622,0.21,0.7
1732028897.6305263,0.21,0.7
1732028897.6460087,0.21,0.7
1732028897.667025,0.21,0.7
1732028897.688813,0.21,0.7
1732028897.7062657,0.21,0.7
1732028897.7274446,0.21,0.7
1732028897.7462313,0.21,0.7
1732028897.7666168,0.21,0.7
1732028897.7869916,0.21,0.7
1732028897.8055842,0.21,0.7
1732028897.826362,0.21,0.7
1732028897.84835,0.21,0.7
1732028897.866445,0.21,0.7
1732028897.8862214,0.21,0.7
1732028897.9064445,0.21,0.7
1732028897.9257975,0.21,0.7
1732028897.9462798,0.21,0.7
1732028897.9662435,0.21,0.7
1732028897.9875946,0.21,0.7
1732028898.0067983,0.21,0.7
1732028898.0263598,0.21,0.7
1732028898.0464487,0.21,0.7
1732028898.067766,0.21,0.7
1732028898.0880747,0.21,0.7
1732028898.1063426,0.21,0.7
1732028898.126222,0.21,0.7
1732028898.1459734,0.21,0.7
1732028898.1661806,0.21,0.7
1732028898.1856487,0.21,0.7
1732028898.2071657,0.21,0.7
1732028898.2286062,0.21,0.7
1732028898.2475295,0.21,0.7
1732028898.2679594,0.21,0.7
1732028898.2860136,0.21,0.7
1732028898.3072958,0.21,0.7
1732028898.3257842,0.21,0.7
1732028898.346193,0.21,0.7
1732028898.3657587,0.21,0.7
1732028898.3864944,0.21,0.7
1732028898.4063315,0.21,0.7
1732028898.4281683,0.21,0.7
1732028898.4457712,0.21,0.7
1732028898.465768,0.21,0.7
1732028898.4872565,0.21,0.7
1732028898.5068803,0.21,0.7
1732028898.5263278,0.21,0.7
1732028898.5457587,0.21,0.7
1732028898.5661542,0.21,0.7
1732028898.5865748,0.21,0.7
1732028898.61035,0.21,0.7
1732028898.6275835,0.21,0.7
1732028898.6464458,0.21,0.7
1732028898.6707048,0.21,0.7
1732028898.6865993,0.21,0.7
1732028898.706104,0.21,0.7
1732028898.7260349,0.21,0.7
1732028898.7459342,0.21,0.7
1732028898.7666922,0.21,0.7
1732028898.7864707,0.21,0.7
1732028898.8060255,0.21,0.7
1732028898.8260455,0.21,0.7
1732028898.845683,0.21,0.7
1732028898.8660152,0.21,0.7
1732028898.8865094,0.21,0.7
1732028898.9058287,0.21,0.7
1732028898.926173,0.21,0.7
1732028898.9461596,0.21,0.7
1732028898.9668822,0.21,0.7
1732028898.9860015,0.21,0.7
1732028899.0070112,0.21,0.7
1732028899.0269744,0.21,0.7
1732028899.047687,0.21,0.7
1732028899.0666568,0.21,0.7
1732028899.0860054,0.21,0.7
1732028899.1067917,0.21,0.7
1732028899.1272345,0.21,0.7
1732028899.14693,0.21,0.7
1732028899.1692543,0.21,0.7
1732028899.1867971,0.21,0.7
1732028899.205556,0.21,0.7
1732028899.2254393,0.21,0.7
1732028899.246148,0.21,0.7
1732028899.2660203,0.21,0.7
1732028899.2863967,0.21,0.7
1732028899.3066642,0.21,0.7
1732028899.3256235,0.21,0.7
1732028899.3456397,0.21,0.7
1732028899.3657043,0.21,0.7
1732028899.385911,0.21,0.7
1732028899.4060845,0.21,0.7
1732028899.4270627,0.21,0.7
1732028899.4461696,0.21,0.7
1732028899.466673,0.21,0.7
1732028899.4859326,0.21,0.7
1732028899.5057433,0.21,0.7
1732028899.5264835,0.21,0.7
1732028899.5467772,0.21,0.7
1732028899.5664046,0.21,0.7
1732028899.5860014,0.21,0.7
1732028899.607621,0.21,0.7
1732028899.6259375,0.21,0.7
1732028899.6458623,0.21,0.7
1732028899.6769621,0.21,0.7
1732028899.6936069,0.21,0.7
1732028899.713306,0.21,0.7
1732028899.726391,0.21,0.7
1732028899.7462916,0.21,0.7
1732028899.7676768,0.21,0.7
1732028899.7895622,0.21,0.7
1732028899.805845,0.21,0.7
1732028899.8263805,0.21,0.7
1732028899.8454268,0.21,0.7
1732028899.8661027,0.21,0.7
1732028899.8861208,0.21,0.7
1732028899.9061303,0.21,0.7
1732028899.925795,0.21,0.7
1732028899.945477,0.21,0.7
1732028899.9656162,0.21,0.7
1732028899.992353,0.21,0.7
1732028900.0076256,0.21,0.7
1732028900.0277543,0.21,0.7
1732028900.0477016,0.21,0.7
1732028900.067014,0.21,0.7
1732028900.0874212,0.21,0.7
1732028900.1072218,0.21,0.7
1732028900.1316562,0.21,0.7
1732028900.146129,0.21,0.7
1732028900.165821,0.21,0.7
1732028900.1874118,0.21,0.7
1732028900.206774,0.21,0.7
1732028900.226313,0.21,0.7
1732028900.2474532,0.21,0.7
1732028900.2664297,0.21,0.7
1732028900.2859552,0.21,0.7
1732028900.3098907,0.21,0.7
1732028900.325816,0.21,0.7
1732028900.3564053,0.21,0.7
1732028900.36839,0.21,0.7
1732028900.3857076,0.21,0.7
1732028900.4059591,0.21,0.7
1732028900.425572,0.21,0.7
1732028900.4469407,0.21,0.7
1732028900.4657757,0.21,0.7
1732028900.4858117,0.21,0.7
1732028900.5059097,0.21,0.7
1732028900.5273364,0.21,0.7
1732028900.5463512,0.21,0.7
1732028900.566192,0.21,0.7
1732028900.5860722,0.21,0.7
1732028900.6066961,0.21,0.7
1732028900.6262813,0.21,0.7
1732028900.6461303,0.21,0.7
1732028900.6661913,0.21,0.7
1732028900.6857884,0.21,0.7
1732028900.7074254,0.21,0.7
1732028900.727663,0.21,0.7
1732028900.74591,0.21,0.7
1732028900.7660327,0.21,0.7
1732028900.7858148,0.21,0.7
1732028900.8063447,0.21,0.7
1732028900.8258488,0.21,0.7
1732028900.845696,0.21,0.7
1732028900.8662763,0.21,0.7
1732028900.8886747,0.21,0.7
1732028900.9057932,0.21,0.7
1732028900.9270494,0.21,0.7
1732028900.9473026,0.21,0.7
1732028900.9662566,0.21,0.7
1732028900.986522,0.21,0.7
1732028901.0066223,0.21,0.7
1732028901.028017,0.21,0.7
1732028901.0457723,0.21,0.7
1732028901.0671651,0.21,0.7
1732028901.0853949,0.21,0.7
1732028901.1063933,0.21,0.7
1732028901.1290526,0.21,0.7
1732028901.147014,0.21,0.7
1732028901.166186,0.21,0.7
1732028901.1859577,0.21,0.7
1732028901.205961,0.21,0.7
1732028901.2281227,0.21,0.7
1732028901.248145,0.21,0.7
1732028901.26846,0.21,0.7
1732028901.285446,0.21,0.7
1732028901.30662,0.21,0.7
1732028901.3281753,0.21,0.7
1732028901.3462603,0.21,0.7
1732028901.3672202,0.21,0.7
1732028901.3875303,0.21,0.7
1732028901.4066403,0.21,0.7
1732028901.4258811,0.21,0.7
1732028901.447052,0.21,0.7
1732028901.4657805,0.21,0.7
1732028901.4855282,0.21,0.7
1732028901.5055969,0.21,0.7
1732028901.5270066,0.21,0.7
1732028901.5466168,0.21,0.7
1732028901.5662093,0.21,0.7
1732028901.5859041,0.21,0.7
1732028901.6061673,0.21,0.7
1732028901.6259186,0.21,0.7
1732028901.6457057,0.21,0.7
1732028901.6667833,0.21,0.7
1732028901.691586,0.21,0.7
1732028901.7055051,0.21,0.7
1732028901.7255137,0.21,0.7
1732028901.7465653,0.21,0.7
1732028901.767745,0.21,0.7
1732028901.7884073,0.21,0.7
1732028901.805565,0.21,0.7
1732028901.827069,0.21,0.7
1732028901.8469026,0.21,0.7
1732028901.865917,0.21,0.7
1732028901.8911245,0.21,0.7
1732028901.9063375,0.21,0.7
1732028901.9261448,0.21,0.7
1732028901.9459476,0.21,0.7
1732028901.9655955,0.21,0.7
1732028901.9861643,0.21,0.7
1732028902.0060859,0.21,0.7
1732028902.0258107,0.21,0.7
1732028902.0470648,0.21,0.7
1732028902.0655923,0.21,0.7
1732028902.0860646,0.21,0.7
1732028902.1058903,0.21,0.7
1732028902.1270442,0.21,0.7
1732028902.14651,0.21,0.7
1732028902.1664903,0.21,0.7
1732028902.1863806,0.21,0.7
1732028902.2063227,0.21,0.7
1732028902.2254133,0.21,0.7
1732028902.247335,0.21,0.7
1732028902.2711623,0.21,0.7
1732028902.2902021,0.21,0.7
1732028902.305916,0.21,0.7
1732028902.3256755,0.21,0.7
1732028902.3455615,0.21,0.7
1732028902.3657627,0.21,0.7
1732028902.3869205,0.21,0.7
1732028902.4063814,0.21,0.7
1732028902.4258602,0.21,0.7
1732028902.445594,0.21,0.7
1732028902.4670374,0.21,0.7
1732028902.4864104,0.21,0.7
1732028902.5068903,0.21,0.7
1732028902.526833,0.21,0.7
1732028902.545587,0.21,0.7
1732028902.5698104,0.21,0.7
1732028902.5888855,0.21,0.7
1732028902.6117733,0.21,0.7
1732028902.6255224,0.21,0.7
1732028902.6475658,0.21,0.7
1732028902.666053,0.21,0.7
1732028902.688973,0.21,0.7
1732028902.7062302,0.21,0.7
1732028902.726061,0.21,0.7
1732028902.7507265,0.21,0.7
1732028902.766096,0.21,0.7
1732028902.78694,0.21,0.7
1732028902.8054464,0.21,0.7
1732028902.8260248,0.21,0.7
1732028902.8464005,0.21,0.7
1732028902.866461,0.21,0.7
1732028902.8886838,0.21,0.7
1732028902.9068866,0.21,0.7
1732028902.926007,0.21,0.7
1732028902.9469867,0.21,0.7
1732028902.9660742,0.21,0.7
1732028902.986108,0.21,0.7
1732028903.0061052,0.21,0.7
1732028903.0271058,0.21,0.7
1732028903.0464442,0.21,0.7
1732028903.0664713,0.21,0.7
1732028903.0881836,0.21,0.7
1732028903.1075501,0.21,0.7
1732028903.1261182,0.21,0.7
1732028903.1459172,0.21,0.7
1732028903.1662016,0.21,0.7
1732028903.1882396,0.21,0.7
1732028903.2080164,0.21,0.7
1732028903.2261593,0.21,0.7
1732028903.2458692,0.21,0.7
1732028903.2655826,0.21,0.7
1732028903.2852907,0.21,0.7
1732028903.3065243,0.21,0.7
1732028903.3268158,0.21,0.7
1732028903.3466983,0.21,0.7
1732028903.366269,0.21,0.7
1732028903.386302,0.21,0.7
1732028903.4071264,0.21,0.7
1732028903.4256332,0.21,0.7
1732028903.4470868,0.21,0.7
1732028903.466322,0.21,0.7
1732028903.4859896,0.21,0.7
1732028903.5077217,0.21,0.7
1732028903.5285304,0.21,0.7
1732028903.5467975,0.21,0.7
1732028903.5656798,0.21,0.7
1732028903.5858924,0.21,0.7
1732028903.6064544,0.21,0.7
1732028903.6265597,0.21,0.7
1732028903.6459887,0.21,0.7
1732028903.6658292,0.21,0.7
1732028903.6940691,0.21,0.7
1732028903.709855,0.21,0.7
1732028903.7263029,0.21,0.7
1732028903.7457128,0.21,0.7
1732028903.765562,0.21,0.7
1732028903.7879155,0.21,0.7
1732028903.8065395,0.21,0.7
1732028903.8271737,0.21,0.7
1732028903.8467069,0.21,0.7
1732028903.8668725,0.21,0.7
1732028903.8928404,0.21,0.7
1732028903.907422,0.21,0.7
1732028903.927681,0.21,0.7
1732028903.946362,0.21,0.7
1732028903.9665287,0.21,0.7
1732028903.9863927,0.21,0.7
1732028904.0064552,0.21,0.7
1732028904.0281916,0.21,0.7
1732028904.0466797,0.21,0.7
1732028904.0678682,0.21,0.7
1732028904.0916905,0.21,0.7
1732028904.107824,0.21,0.7
1732028904.1277587,0.21,0.7
1732028904.14912,0.21,0.7
1732028904.1659853,0.21,0.7
1732028904.1859355,0.21,0.7
1732028904.2067385,0.21,0.7
1732028904.2296834,0.21,0.7
1732028904.246619,0.21,0.7
1732028904.2668467,0.21,0.7
1732028904.2861493,0.21,0.7
1732028904.3071325,0.21,0.7
1732028904.3265684,0.21,0.7
1732028904.346348,0.21,0.7
1732028904.3671048,0.21,0.7
1732028904.3859074,0.21,0.7
1732028904.4104276,0.21,0.7
1732028904.430107,0.21,0.7
1732028904.4468858,0.21,0.7
1732028904.4670985,0.21,0.7
1732028904.487711,0.21,0.7
1732028904.5061612,0.21,0.7
1732028904.5274541,0.21,0.7
1732028904.5458915,0.21,0.7
1732028904.5665197,0.21,0.7
1732028904.5869977,0.21,0.7
1732028904.6062105,0.21,0.7
1732028904.6267715,0.21,0.7
1732028904.6467648,0.21,0.7
1732028904.6663253,0.21,0.7
1732028904.6899462,0.21,0.7
1732028904.709022,0.21,0.7
1732028904.725727,0.21,0.7
