1732028869.3660355,0.0,0.0,0.0
1732028869.3662457,0.0,0.0,0.0
1732028869.386411,0.0,0.0,0.0
1732028869.4069974,0.0,0.0,0.0
1732028869.4255946,0.0,0.0,0.0
1732028869.445345,0.0,0.0,0.0
1732028869.4664915,0.0,0.0,0.0
1732028869.4860892,0.0,0.0,0.0
1732028869.5059037,0.0,0.0,0.0
1732028869.5255835,0.0,0.0,0.0
1732028869.546515,0.0,0.0,0.0
1732028869.5654926,0.0,0.0,0.0
1732028869.5857062,0.0,0.0,0.0
1732028869.6097932,0.0,0.0,0.0
1732028869.6271787,0.0,0.0,0.0
1732028869.6462085,0.0,0.0,0.0
1732028869.6671906,0.0,0.0,0.0
1732028869.6876466,0.0,0.0,0.0
1732028869.7054036,0.0,0.0,0.0
1732028869.7257977,0.0,0.0,0.0
1732028869.7455037,0.0,0.0,0.0
1732028869.7660158,0.0,0.0,0.0
1732028869.7855792,0.0,0.0,0.0
1732028869.8060424,0.0,0.0,0.0
1732028869.8259537,0.0,0.0,0.0
1732028869.8459935,0.0,0.0,0.0
1732028869.8674414,0.0,0.0,0.0
1732028869.8862891,0.0,0.0,0.0
1732028869.9105034,0.0,0.0,0.0
1732028869.925943,0.0,0.0,0.0
1732028869.9469764,0.0,0.0,0.0
1732028869.9656684,0.0,0.0,0.0
1732028869.985844,0.0,0.0,0.0
1732028870.0060425,0.0,0.0,0.0
1732028870.025796,0.0,0.0,0.0
1732028870.0459394,0.0,0.0,0.0
1732028870.0659375,0.0,0.0,0.0
1732028870.0866773,0.0,0.0,0.0
1732028870.1080883,0.0,0.0,0.0
1732028870.1262949,0.0,0.0,0.0
1732028870.1457531,0.0,0.0,0.0
1732028870.1653676,0.0,0.0,0.0
1732028870.1854043,0.0,0.0,0.0
1732028870.2052517,0.0,0.0,0.0
1732028870.2255836,0.0,0.0,0.0
1732028870.2461884,0.0,0.0,0.0
1732028870.266102,0.0,0.0,0.0
1732028870.2857487,0.0,0.0,0.0
1732028870.3058255,0.0,0.0,0.0
1732028870.3259876,0.0,0.0,0.0
1732028870.3460813,0.0,0.0,0.0
1732028870.3654294,0.0,0.0,0.0
1732028870.387018,0.0,0.0,0.0
1732028870.4055622,0.0,0.0,0.0
1732028870.4266644,0.0,0.0,0.0
1732028870.4467824,0.0,0.0,0.0
1732028870.4657557,0.0,0.0,0.0
1732028870.4855752,0.0,0.0,0.0
1732028870.5057936,0.0,0.0,0.0
1732028870.5260196,0.0,0.0,0.0
1732028870.5459275,0.0,0.0,0.0
1732028870.5677037,0.0,0.0,0.0
1732028870.5869377,0.0,0.0,0.0
1732028870.6059144,0.0,0.0,0.0
1732028870.6258588,0.0,0.0,0.0
1732028870.6458507,0.0,0.0,0.0
1732028870.667494,0.0,0.0,0.0
1732028870.6853507,0.0,0.0,0.0
1732028870.7055278,0.0,0.0,0.0
1732028870.725406,0.0,0.0,0.0
1732028870.7478895,0.0,0.0,0.0
1732028870.7657857,0.0,0.0,0.0
1732028870.787642,0.0,0.0,0.0
1732028870.8061748,0.0,0.0,0.0
1732028870.8258963,0.0,0.0,0.0
1732028870.846572,0.0,0.0,0.0
1732028870.8658009,0.0,0.0,0.0
1732028870.8854725,0.0,0.0,0.0
1732028870.90539,0.0,0.0,0.0
1732028870.9285648,0.0,0.0,0.0
1732028870.9455009,0.0,0.0,0.0
1732028870.968907,0.0,0.0,0.0
1732028870.9868045,0.0,0.0,0.0
1732028871.006026,0.0,0.0,0.0
1732028871.0257587,0.0,0.0,0.0
1732028871.0478463,0.0,0.0,0.0
1732028871.0658221,0.0,0.0,0.0
1732028871.0854795,0.0,0.0,0.0
1732028871.1055505,0.0,0.0,0.0
1732028871.1257787,0.0,0.0,0.0
1732028871.1462762,0.0,0.0,0.0
1732028871.168101,0.0,0.0,0.0
1732028871.1857803,0.0,0.0,0.0
1732028871.2063837,0.0,0.0,0.0
1732028871.2259147,0.0,0.0,0.0
1732028871.2455091,0.0,0.0,0.0
1732028871.2659197,0.0,0.0,0.0
1732028871.2892694,0.0,0.0,0.0
1732028871.306366,0.0,0.0,0.0
1732028871.3325999,0.0,0.0,0.0
1732028871.3463771,0.0,0.0,0.0
1732028871.366082,0.0,0.0,0.0
1732028871.3857756,0.0,0.0,0.0
1732028871.4059393,0.0,0.0,0.0
1732028871.426448,0.0,0.0,0.0
1732028871.446095,0.0,0.0,0.0
1732028871.4659479,0.0,0.0,0.0
1732028871.4861977,0.0,0.0,0.0
1732028871.5056267,0.0,0.0,0.0
1732028871.5259473,0.0,0.0,0.0
1732028871.5453322,0.0,0.0,0.0
1732028871.566447,0.0,0.0,0.0
1732028871.5853841,0.0,0.0,0.0
1732028871.6074035,0.0,0.0,0.0
1732028871.6258724,0.0,0.0,0.0
1732028871.645921,0.0,0.0,0.0
1732028871.6670258,0.0,0.0,0.0
1732028871.6858208,0.0,0.0,0.0
1732028871.707816,0.0,0.0,0.0
1732028871.7265399,0.0,0.0,0.0
1732028871.7459593,0.0,0.0,0.0
1732028871.766386,0.0,0.0,0.0
1732028871.7862713,0.0,0.0,0.0
1732028871.8064735,0.0,0.0,0.0
1732028871.8268454,0.0,0.0,0.0
1732028871.845464,0.0,0.0,0.0
1732028871.8660805,0.0,0.0,0.0
1732028871.8867483,0.0,0.0,0.0
1732028871.9057221,0.0,0.0,0.0
1732028871.925978,0.0,0.0,0.0
1732028871.9460623,0.0,0.0,0.0
1732028871.9654126,0.0,0.0,0.0
1732028871.988522,0.0,0.0,0.0
1732028872.0061758,0.0,0.0,0.0
1732028872.0257523,0.0,0.0,0.0
1732028872.0462263,0.0,0.0,0.0
1732028872.0663288,0.0,0.0,0.0
1732028872.0864608,0.0,0.0,0.0
1732028872.105978,0.0,0.0,0.0
1732028872.1265228,0.0,0.0,0.0
1732028872.1473563,0.0,0.0,0.0
1732028872.1656327,0.0,0.0,0.0
1732028872.1855774,0.0,0.0,0.0
1732028872.2065222,0.0,0.0,0.0
1732028872.22545,0.0,0.0,0.0
1732028872.2457418,0.0,0.0,0.0
1732028872.266099,0.0,0.0,0.0
1732028872.28586,0.0,0.0,0.0
1732028872.3055236,0.0,0.0,0.0
1732028872.326269,0.0,0.0,0.0
1732028872.345549,0.0,0.0,0.0
1732028872.3654106,0.0,0.0,0.0
1732028872.386209,0.0,0.0,0.0
1732028872.4057827,0.0,0.0,0.0
1732028872.4257014,0.0,0.0,0.0
1732028872.446271,0.0,0.0,0.0
1732028872.4660103,0.0,0.0,0.0
1732028872.4866073,0.0,0.0,0.0
1732028872.5075364,0.0,0.0,0.0
1732028872.5260808,0.0,0.0,0.0
1732028872.5466776,0.0,0.0,0.0
1732028872.5656269,0.0,0.0,0.0
1732028872.586797,0.0,0.0,0.0
1732028872.6090581,0.0,0.0,0.0
1732028872.6260316,0.0,0.0,0.0
1732028872.6461768,0.0,0.0,0.0
1732028872.6659799,0.0,0.0,0.0
1732028872.6857443,0.0,0.0,0.0
1732028872.7061954,0.0,0.0,0.0
1732028872.725662,0.0,0.0,0.0
1732028872.746958,0.0,0.0,0.0
1732028872.765743,0.0,0.0,0.0
1732028872.7855427,0.0,0.0,0.0
1732028872.8056276,0.0,0.0,0.0
1732028872.82647,0.0,0.0,0.0
1732028872.8467112,0.0,0.0,0.0
1732028872.8658,0.0,0.0,0.0
1732028872.8865392,0.0,0.0,0.0
1732028872.9057877,0.0,0.0,0.0
1732028872.9256272,0.0,0.0,0.0
1732028872.945488,0.0,0.0,0.0
1732028872.9662254,0.0,0.0,0.0
1732028872.9861166,0.0,0.0,0.0
1732028873.0054152,0.0,0.0,0.0
1732028873.026552,0.0,0.0,0.0
1732028873.0470858,0.0,0.0,0.0
1732028873.0658314,0.0,0.0,0.0
1732028873.087443,0.0,0.0,0.0
1732028873.1058962,0.0,0.0,0.0
1732028873.1262422,0.0,0.0,0.0
1732028873.14578,0.0,0.0,0.0
1732028873.1667094,0.0,0.0,0.0
1732028873.1871028,0.0,0.0,0.0
1732028873.2067955,0.0,0.0,0.0
1732028873.2255454,0.0,0.0,0.0
1732028873.2458727,0.0,0.0,0.0
1732028873.2654464,0.0,0.0,0.0
1732028873.2865899,0.0,0.0,0.0
1732028873.307707,0.0,0.0,0.0
1732028873.3263938,0.0,0.0,0.0
1732028873.3483093,0.0,0.0,0.0
1732028873.365403,0.0,0.0,0.0
1732028873.387898,0.0,0.0,0.0
1732028873.4072354,0.0,0.0,0.0
1732028873.4263377,0.0,0.0,0.0
1732028873.4458394,0.0,0.0,0.0
1732028873.4653678,0.0,0.0,0.0
1732028873.485558,0.0,0.0,0.0
1732028873.510409,0.0,0.0,0.0
1732028873.5264041,0.0,0.0,0.0
1732028873.5468066,0.0,0.0,0.0
1732028873.5656397,0.0,0.0,0.0
1732028873.5852923,0.0,0.0,0.0
1732028873.607914,0.0,0.0,0.0
1732028873.6256175,0.0,0.0,0.0
1732028873.6467576,0.0,0.0,0.0
1732028873.6657517,0.0,0.0,0.0
1732028873.6861224,0.0,0.0,0.0
1732028873.70663,0.0,0.0,0.0
1732028873.7256174,0.0,0.0,0.0
1732028873.7461655,0.0,0.0,0.0
1732028873.7667882,0.0,0.0,0.0
1732028873.787083,0.0,0.0,0.0
1732028873.8060377,0.0,0.0,0.0
1732028873.8260212,0.0,0.0,0.0
1732028873.8459804,0.0,0.0,0.0
1732028873.8682225,0.0,0.0,0.0
1732028873.8860025,0.0,0.0,0.0
1732028873.905717,0.0,0.0,0.0
1732028873.925993,0.0,0.0,0.0
1732028873.9462595,0.0,0.0,0.0
1732028873.965655,0.0,0.0,0.0
1732028873.9854496,0.0,0.0,0.0
1732028874.0057335,0.0,0.0,0.0
1732028874.0265448,0.0,0.0,0.0
1732028874.0471551,0.0,0.0,0.0
1732028874.0661674,0.0,0.0,0.0
1732028874.0858145,0.0,0.0,0.0
1732028874.1066942,0.0,0.0,0.0
1732028874.127636,0.0,0.0,0.0
1732028874.1462843,0.0,0.0,0.0
1732028874.1656318,0.0,0.0,0.0
1732028874.1855044,0.0,0.0,0.0
1732028874.2060027,0.0,0.0,0.0
1732028874.2257307,0.0,0.0,0.0
1732028874.2455041,0.0,0.0,0.0
1732028874.2655935,0.0,0.0,0.0
1732028874.286053,0.0,0.0,0.0
1732028874.3057883,0.0,0.0,0.0
1732028874.3257546,0.0,0.0,0.0
1732028874.345781,0.0,0.0,0.0
1732028874.3658895,0.0,0.0,0.0
1732028874.3858879,0.0,0.0,0.0
1732028874.4054487,0.0,0.0,0.0
1732028874.42607,0.0,0.0,0.0
1732028874.446151,0.0,0.0,0.0
1732028874.465802,0.0,0.0,0.0
1732028874.487248,0.0,0.0,0.0
1732028874.506151,0.0,0.0,0.0
1732028874.5255904,0.0,0.0,0.0
1732028874.5465963,0.0,0.0,0.0
1732028874.5659285,0.0,0.0,0.0
1732028874.5862467,0.0,0.0,0.0
1732028874.6055388,0.0,0.0,0.0
1732028874.628072,0.0,0.0,0.0
1732028874.6458337,0.0,0.0,0.0
1732028874.66577,0.0,0.0,0.0
1732028874.6864185,0.0,0.0,0.0
1732028874.7061195,0.0,0.0,0.0
1732028874.7265143,0.0,0.0,0.0
1732028874.7477152,0.0,0.0,0.0
1732028874.7660787,0.0,0.0,0.0
1732028874.7857122,0.0,0.0,0.0
1732028874.8061895,0.0,0.0,0.0
1732028874.825519,0.0,0.0,0.0
1732028874.8455696,0.0,0.0,0.0
1732028874.86589,0.0,0.0,0.0
1732028874.8859181,0.0,0.0,0.0
1732028874.9054434,0.0,0.0,0.0
1732028874.9255152,0.0,0.0,0.0
1732028874.9463828,0.0,0.0,0.0
1732028874.966953,0.0,0.0,0.0
1732028874.9863303,0.0,0.0,0.0
1732028875.0055716,0.0,0.0,0.0
1732028875.0255551,0.0,0.0,0.0
1732028875.04585,0.0,0.0,0.0
1732028875.0663524,0.0,0.0,0.0
1732028875.085882,0.0,0.0,0.0
1732028875.1061947,0.0,0.0,0.0
1732028875.1262596,0.0,0.0,0.0
1732028875.145936,0.0,0.0,0.0
1732028875.1669202,0.0,0.0,0.0
1732028875.1861014,0.0,0.0,0.0
1732028875.2073305,0.0,0.0,0.0
1732028875.2254443,0.0,0.0,0.0
1732028875.245973,0.0,0.0,0.0
1732028875.2659297,0.0,0.0,0.0
1732028875.2859714,0.0,0.0,0.0
1732028875.3055122,0.0,0.0,0.0
1732028875.3270583,0.0,0.0,0.0
1732028875.3471735,0.0,0.0,0.0
1732028875.3657844,0.0,0.0,0.0
1732028875.3862982,0.0,0.0,0.0
1732028875.4055064,0.0,0.0,0.0
1732028875.4256964,0.0,0.0,0.0
1732028875.4459822,0.0,0.0,0.0
1732028875.4674115,0.0,0.0,0.0
1732028875.4866266,0.0,0.0,0.0
1732028875.5070019,0.0,0.0,0.0
1732028875.5266643,0.0,0.0,0.0
1732028875.545685,0.0,0.0,0.0
1732028875.5671356,0.0,0.0,0.0
1732028875.586367,0.0,0.0,0.0
1732028875.6065724,0.0,0.0,0.0
1732028875.6260757,0.0,0.0,0.0
1732028875.645765,0.0,0.0,0.0
1732028875.6659648,0.0,0.0,0.0
1732028875.6857665,0.0,0.0,0.0
1732028875.7057595,0.0,0.0,0.0
1732028875.7275298,0.0,0.0,0.0
1732028875.7459254,0.0,0.0,0.0
1732028875.7660964,0.0,0.0,0.0
1732028875.7864845,0.0,0.0,0.0
1732028875.8073118,0.0,0.0,0.0
1732028875.826244,0.0,0.0,0.0
1732028875.845867,0.0,0.0,0.0
1732028875.8668373,0.0,0.0,0.0
1732028875.8861399,0.0,0.0,0.0
1732028875.9059513,0.0,0.0,0.0
1732028875.9258218,0.0,0.0,0.0
1732028875.9461005,0.0,0.0,0.0
1732028875.9654849,0.0,0.0,0.0
1732028875.9902475,0.0,0.0,0.0
1732028876.0055046,0.0,0.0,0.0
1732028876.027767,0.0,0.0,0.0
1732028876.04574,0.0,0.0,0.0
1732028876.0658906,0.0,0.0,0.0
1732028876.0863836,0.0,0.0,0.0
1732028876.1066163,0.0,0.0,0.0
1732028876.1268005,0.0,0.0,0.0
1732028876.1474798,0.0,0.0,0.0
1732028876.166569,0.0,0.0,0.0
1732028876.1861937,0.0,0.0,0.0
1732028876.2053952,0.0,0.0,0.0
1732028876.22741,0.0,0.0,0.0
1732028876.2456381,0.0,0.0,0.0
1732028876.2656436,0.0,0.0,0.0
1732028876.2867546,0.0,0.0,0.0
1732028876.3079386,0.0,0.0,0.0
1732028876.3260386,0.0,0.0,0.0
1732028876.3457847,0.0,0.0,0.0
1732028876.3662567,0.0,0.0,0.0
1732028876.3853438,0.0,0.0,0.0
1732028876.4086359,0.0,0.0,0.0
1732028876.4261124,0.0,0.0,0.0
1732028876.4467313,0.0,0.0,0.0
1732028876.466063,0.0,0.0,0.0
1732028876.4860666,0.0,0.0,0.0
1732028876.5094354,0.0,0.0,0.0
1732028876.527706,0.0,0.0,0.0
1732028876.5461273,0.0,0.0,0.0
1732028876.565816,0.0,0.0,0.0
1732028876.585454,0.0,0.0,0.0
1732028876.605531,0.0,0.0,0.0
1732028876.6260052,0.0,0.0,0.0
1732028876.6462305,0.0,0.0,0.0
1732028876.6659024,0.0,0.0,0.0
1732028876.6861992,0.0,0.0,0.0
1732028876.705467,0.0,0.0,0.0
1732028876.728374,0.0,0.0,0.0
1732028876.7457626,0.0,0.0,0.0
1732028876.7655392,0.0,0.0,0.0
1732028876.7857978,0.0,0.0,0.0
1732028876.8065248,0.0,0.0,0.0
1732028876.8260822,0.0,0.0,0.0
1732028876.8524776,0.0,0.0,0.0
1732028876.8659716,0.0,0.0,0.0
1732028876.8856401,0.0,0.0,0.0
1732028876.9070907,0.0,0.0,0.0
1732028876.9260178,0.0,0.0,0.0
1732028876.947089,0.0,0.0,0.0
1732028876.966918,0.0,0.0,0.0
1732028876.9885712,0.0,0.0,0.0
1732028877.006163,0.0,0.0,0.0
1732028877.025953,0.0,0.0,0.0
1732028877.0462961,0.0,0.0,0.0
1732028877.067241,0.0,0.0,0.0
1732028877.085771,0.0,0.0,0.0
1732028877.1062164,0.0,0.0,0.0
1732028877.1275663,0.0,0.0,0.0
1732028877.1465476,0.0,0.0,0.0
1732028877.1664464,0.0,0.0,0.0
1732028877.1860209,0.0,0.0,0.0
1732028877.2109416,0.0,0.0,0.0
1732028877.2258756,0.0,0.0,0.0
1732028877.245419,0.0,0.0,0.0
1732028877.265795,0.0,0.0,0.0
1732028877.2859702,0.0,0.0,0.0
1732028877.3070424,0.0,0.0,0.0
1732028877.3259957,0.0,0.0,0.0
1732028877.3459215,0.0,0.0,0.0
1732028877.366189,0.0,0.0,0.0
1732028877.386019,0.0,0.0,0.0
1732028877.4071436,0.0,0.0,0.0
1732028877.4256349,0.0,0.0,0.0
1732028877.4456208,0.0,0.0,0.0
1732028877.4668438,0.0,0.0,0.0
1732028877.4865997,0.0,0.0,0.0
1732028877.5055587,0.0,0.0,0.0
1732028877.5257049,0.0,0.0,0.0
1732028877.5467336,0.0,0.0,0.0
1732028877.5661998,0.0,0.0,0.0
1732028877.5864975,0.0,0.0,0.0
1732028877.6058922,0.0,0.0,0.0
1732028877.6274066,0.0,0.0,0.0
1732028877.6455522,0.0,0.0,0.0
1732028877.6657634,0.0,0.0,0.0
1732028877.68754,0.0,0.0,0.0
1732028877.7055323,0.0,0.0,0.0
1732028877.7255194,0.0,0.0,0.0
1732028877.7465842,0.0,0.0,0.0
1732028877.7691567,0.0,0.0,0.0
1732028877.786567,0.0,0.0,0.0
1732028877.8057685,0.0,0.0,0.0
1732028877.8260026,0.0,0.0,0.0
1732028877.845311,0.0,0.0,0.0
1732028877.8683329,0.0,0.0,0.0
1732028877.886054,0.0,0.0,0.0
1732028877.906246,0.0,0.0,0.0
1732028877.9258912,0.0,0.0,0.0
1732028877.9457114,0.0,0.0,0.0
1732028877.9662495,0.0,0.0,0.0
1732028877.9857962,0.0,0.0,0.0
1732028878.0058935,0.0,0.0,0.0
1732028878.0267081,0.0,0.0,0.0
1732028878.0458114,0.0,0.0,0.0
1732028878.0680258,0.0,0.0,0.0
1732028878.0865114,0.0,0.0,0.0
1732028878.1054027,0.0,0.0,0.0
1732028878.1263282,0.0,0.0,0.0
1732028878.145439,0.0,0.0,0.0
1732028878.166781,0.0,0.0,0.0
1732028878.1853137,0.0,0.0,0.0
1732028878.2063708,0.0,0.0,0.0
1732028878.225659,0.0,0.0,0.0
1732028878.2458901,0.0,0.0,0.0
1732028878.2657769,0.0,0.0,0.0
1732028878.2860208,0.0,0.0,0.0
1732028878.3059113,0.0,0.0,0.0
1732028878.3260486,0.0,0.0,0.0
1732028878.3459117,0.0,0.0,0.0
1732028878.365482,0.0,0.0,0.0
1732028878.3869529,0.0,0.0,0.0
1732028878.4069505,0.0,0.0,0.0
1732028878.426329,0.0,0.0,0.0
1732028878.445938,0.0,0.0,0.0
1732028878.4660695,0.0,0.0,0.0
1732028878.4856997,0.0,0.0,0.0
1732028878.5063984,0.0,0.0,0.0
1732028878.5269902,0.0,0.0,0.0
1732028878.5471795,0.0,0.0,0.0
1732028878.5663364,0.0,0.0,0.0
1732028878.5861862,0.0,0.0,0.0
1732028878.6064188,0.0,0.0,0.0
1732028878.6260774,0.0,0.0,0.0
1732028878.6508577,0.0,0.0,0.0
1732028878.669879,0.0,0.0,0.0
1732028878.6876087,0.0,0.0,0.0
1732028878.7057607,0.0,0.0,0.0
1732028878.7255545,0.0,0.0,0.0
1732028878.746053,0.0,0.0,0.0
1732028878.7658665,0.0,0.0,0.0
1732028878.7880678,0.0,0.0,0.0
1732028878.805785,0.0,0.0,0.0
1732028878.825568,0.0,0.0,0.0
1732028878.8467922,0.0,0.0,0.0
1732028878.865582,0.0,0.0,0.0
1732028878.8854709,0.0,0.0,0.0
1732028878.905481,0.0,0.0,0.0
1732028878.9259179,0.0,0.0,0.0
1732028878.9465728,0.0,0.0,0.0
1732028878.9669971,0.0,0.0,0.0
1732028878.9860315,0.0,0.0,0.0
1732028879.005497,0.0,0.0,0.0
1732028879.0259514,0.0,0.0,0.0
1732028879.0467556,0.0,0.0,0.0
1732028879.0668654,0.0,0.0,0.0
1732028879.0853574,0.0,0.0,0.0
1732028879.1077409,0.0,0.0,0.0
1732028879.1258154,0.0,0.0,0.0
1732028879.145768,0.0,0.0,0.0
1732028879.1658936,0.0,0.0,0.0
1732028879.1860402,0.0,0.0,0.0
1732028879.2059085,0.0,0.0,0.0
1732028879.2259762,0.0,0.0,0.0
1732028879.2455187,0.0,0.0,0.0
1732028879.2659755,0.0,0.0,0.0
1732028879.290964,0.0,0.0,0.0
1732028879.3086562,0.0,0.0,0.0
1732028879.3264582,0.0,0.0,0.0
1732028879.346066,0.0,0.0,0.0
1732028879.3660853,0.0,0.0,0.0
1732028879.3855414,0.0,0.0,0.0
1732028879.4065077,0.0,0.0,0.0
1732028879.4257283,0.0,0.0,0.0
1732028879.4462118,0.0,0.0,0.0
1732028879.4666333,0.0,0.0,0.0
1732028879.4855506,0.0,0.0,0.0
1732028879.5068066,0.0,0.0,0.0
1732028879.5261388,0.0,0.0,0.0
1732028879.5453238,0.0,0.0,0.0
1732028879.5656972,0.0,0.0,0.0
1732028879.5861776,0.0,0.0,0.0
1732028879.6054316,0.0,0.0,0.0
1732028879.625415,0.0,0.0,0.0
1732028879.646419,0.0,0.0,0.0
1732028879.666351,0.0,0.0,0.0
1732028879.6852572,0.0,0.0,0.0
1732028879.7075942,0.0,0.0,0.0
1732028879.7268124,0.0,0.0,0.0
1732028879.7457242,0.0,0.0,0.0
1732028879.7663143,0.0,0.0,0.0
1732028879.786451,0.0,0.0,0.0
1732028879.8065293,0.0,0.0,0.0
1732028879.8268855,0.0,0.0,0.0
1732028879.8464863,0.0,0.0,0.0
1732028879.8660028,0.0,0.0,0.0
1732028879.8862636,0.0,0.0,0.0
1732028879.9056356,0.0,0.0,0.0
1732028879.9256942,0.0,0.0,0.0
1732028879.9471278,0.0,0.0,0.0
1732028879.9662354,0.0,0.0,0.0
1732028879.9860659,0.0,0.0,0.0
1732028880.0059443,0.0,0.0,0.0
1732028880.027891,0.0,0.0,0.0
1732028880.0465314,0.0,0.0,0.0
1732028880.0660903,0.0,0.0,0.0
1732028880.087246,0.0,0.0,0.0
1732028880.105703,0.0,0.0,0.0
1732028880.1296709,0.0,0.0,0.0
1732028880.1454892,0.0,0.0,0.0
1732028880.1657896,0.0,0.0,0.0
1732028880.187295,0.0,0.0,0.0
1732028880.2063024,0.0,0.0,0.0
1732028880.2263799,0.0,0.0,0.0
1732028880.2501428,0.0,0.0,0.0
1732028880.2662542,0.0,0.0,0.0
1732028880.2854424,0.0,0.0,0.0
1732028880.3057764,0.0,0.0,0.0
1732028880.326268,0.0,0.0,0.0
1732028880.3459146,0.0,0.0,0.0
1732028880.3667352,0.0,0.0,0.0
1732028880.3857567,0.0,0.0,0.0
1732028880.4057667,0.0,0.0,0.0
1732028880.4259005,0.0,0.0,0.0
1732028880.446054,0.0,0.0,0.0
1732028880.4657388,0.0,0.0,0.0
1732028880.4854105,0.0,0.0,0.0
1732028880.5062132,0.0,0.0,0.0
1732028880.525557,0.0,0.0,0.0
1732028880.5457888,0.0,0.0,0.0
1732028880.5668478,0.0,0.0,0.0
1732028880.586079,0.0,0.0,0.0
1732028880.6066222,0.0,0.0,0.0
1732028880.6259813,0.0,0.0,0.0
1732028880.6471162,0.0,0.0,0.0
1732028880.6656427,0.0,0.0,0.0
1732028880.6859753,0.0,0.0,0.0
1732028880.70633,0.0,0.0,0.0
1732028880.7260952,0.0,0.0,0.0
1732028880.7457848,0.0,0.0,0.0
1732028880.7660651,0.0,0.0,0.0
1732028880.7859075,0.0,0.0,0.0
1732028880.8062077,0.0,0.0,0.0
1732028880.82682,0.0,0.0,0.0
1732028880.8458333,0.0,0.0,0.0
1732028880.8671575,0.0,0.0,0.0
1732028880.885743,0.0,0.0,0.0
1732028880.9054065,0.0,0.0,0.0
1732028880.926759,0.0,0.0,0.0
1732028880.9460316,0.0,0.0,0.0
1732028880.9655406,0.0,0.0,0.0
1732028880.9868429,0.0,0.0,0.0
1732028881.0063982,0.0,0.0,0.0
1732028881.0263524,0.0,0.0,0.0
1732028881.0456924,0.0,0.0,0.0
1732028881.0655575,0.0,0.0,0.0
1732028881.086889,0.0,0.0,0.0
1732028881.1059499,0.0,0.0,0.0
1732028881.1259472,0.0,0.0,0.0
1732028881.1458423,0.0,0.0,0.0
1732028881.1691253,0.0,0.0,0.0
1732028881.186927,0.0,0.0,0.0
1732028881.205819,0.0,0.0,0.0
1732028881.2266219,0.0,0.0,0.0
1732028881.2463956,0.0,0.0,0.0
1732028881.265919,0.0,0.0,0.0
1732028881.2868075,0.0,0.0,0.0
1732028881.3070505,0.0,0.0,0.0
1732028881.3267682,0.0,0.0,0.0
1732028881.3458648,0.0,0.0,0.0
1732028881.3663487,0.0,0.0,0.0
1732028881.3867307,0.0,0.0,0.0
1732028881.4054515,0.0,0.0,0.0
1732028881.425518,0.0,0.0,0.0
1732028881.448331,0.0,0.0,0.0
1732028881.467042,0.0,0.0,0.0
1732028881.486589,0.0,0.0,0.0
1732028881.5067728,0.0,0.0,0.0
1732028881.5258121,0.0,0.0,0.0
1732028881.5462275,0.0,0.0,0.0
1732028881.5673108,0.0,0.0,0.0
1732028881.5877059,0.0,0.0,0.0
1732028881.6067226,0.0,0.0,0.0
1732028881.6266637,0.0,0.0,0.0
1732028881.6457064,0.0,0.0,0.0
1732028881.6657925,0.0,0.0,0.0
1732028881.686386,0.0,0.0,0.0
1732028881.7061155,0.0,0.0,0.0
1732028881.7262414,0.0,0.0,0.0
1732028881.7463195,0.0,0.0,0.0
1732028881.7658682,0.0,0.0,0.0
1732028881.7871065,0.0,0.0,0.0
1732028881.8059878,0.0,0.0,0.0
1732028881.8264945,0.0,0.0,0.0
1732028881.8463001,0.0,0.0,0.0
1732028881.8659117,0.0,0.0,0.0
1732028881.8859005,0.0,0.0,0.0
1732028881.9060736,0.0,0.0,0.0
1732028881.9259374,0.0,0.0,0.0
1732028881.945832,0.0,0.0,0.0
1732028881.9657972,0.0,0.0,0.0
1732028881.9876704,0.0,0.0,0.0
1732028882.0063682,0.0,0.0,0.0
1732028882.0257134,0.0,0.0,0.0
1732028882.0460477,0.0,0.0,0.0
1732028882.065908,0.0,0.0,0.0
1732028882.0863428,0.0,0.0,0.0
1732028882.106245,0.0,0.0,0.0
1732028882.1257443,0.0,0.0,0.0
1732028882.146531,0.0,0.0,0.0
1732028882.1678789,0.0,0.0,0.0
1732028882.189373,0.0,0.0,0.0
1732028882.207738,0.0,0.0,0.0
1732028882.2278993,0.0,0.0,0.0
1732028882.2454033,0.0,0.0,0.0
1732028882.2660794,0.0,0.0,0.0
1732028882.286615,0.0,0.0,0.0
1732028882.3068037,0.0,0.0,0.0
1732028882.3263786,0.0,0.0,0.0
1732028882.3466372,0.0,0.0,0.0
1732028882.3663406,0.0,0.0,0.0
1732028882.386411,0.0,0.0,0.0
1732028882.406066,0.0,0.0,0.0
1732028882.4260151,0.0,0.0,0.0
1732028882.4467568,0.0,0.0,0.0
1732028882.4665418,0.0,0.0,0.0
1732028882.486264,0.0,0.0,0.0
1732028882.5053906,0.0,0.0,0.0
1732028882.526019,0.0,0.0,0.0
1732028882.5488899,0.0,0.0,0.0
1732028882.5663238,0.0,0.0,0.0
1732028882.5857604,0.0,0.0,0.0
1732028882.6062658,0.0,0.0,0.0
1732028882.626911,0.0,0.0,0.0
1732028882.6466854,0.0,0.0,0.0
1732028882.6660423,0.0,0.0,0.0
1732028882.6864011,0.0,0.0,0.0
1732028882.706959,0.0,0.0,0.0
1732028882.726729,0.0,0.0,0.0
1732028882.7459984,0.0,0.0,0.0
1732028882.7669246,0.0,0.0,0.0
1732028882.7857766,0.0,0.0,0.0
1732028882.805711,0.0,0.0,0.0
1732028882.8258429,0.0,0.0,0.0
1732028882.8453379,0.0,0.0,0.0
1732028882.8659425,0.0,0.0,0.0
1732028882.8874354,0.0,0.0,0.0
1732028882.9068148,0.0,0.0,0.0
1732028882.9266465,0.0,0.0,0.0
1732028882.9460697,0.0,0.0,0.0
1732028882.9659472,0.0,0.0,0.0
1732028882.98579,0.0,0.0,0.0
1732028883.009404,0.0,0.0,0.0
1732028883.0268655,0.0,0.0,0.0
1732028883.046151,0.0,0.0,0.0
1732028883.0658512,0.0,0.0,0.0
1732028883.0858753,0.0,0.0,0.0
1732028883.1065886,0.0,0.0,0.0
1732028883.1263762,0.0,0.0,0.0
1732028883.1456501,0.0,0.0,0.0
1732028883.1662931,0.0,0.0,0.0
1732028883.185899,0.0,0.0,0.0
1732028883.2058222,0.0,0.0,0.0
1732028883.225822,0.0,0.0,0.0
1732028883.2460291,0.0,0.0,0.0
1732028883.2659237,0.0,0.0,0.0
1732028883.2857852,0.0,0.0,0.0
1732028883.3063815,0.0,0.0,0.0
1732028883.3262753,0.0,0.0,0.0
1732028883.3465412,0.0,0.0,0.0
1732028883.366197,0.0,0.0,0.0
1732028883.3854148,0.0,0.0,0.0
1732028883.4059453,0.0,0.0,0.0
1732028883.4266784,0.0,0.0,0.0
1732028883.4466212,0.0,0.0,0.0
1732028883.4678845,0.0,0.0,0.0
1732028883.4921958,0.0,0.0,0.0
1732028883.507452,0.0,0.0,0.0
1732028883.5257745,0.0,0.0,0.0
1732028883.547252,0.0,0.0,0.0
1732028883.5659752,0.0,0.0,0.0
1732028883.5854762,0.0,0.0,0.0
1732028883.6059928,0.0,0.0,0.0
1732028883.6266732,0.0,0.0,0.0
1732028883.646597,0.0,0.0,0.0
1732028883.6653242,0.0,0.0,0.0
1732028883.6866214,0.0,0.0,0.0
1732028883.7069678,0.0,0.0,0.0
1732028883.7255018,0.0,0.0,0.0
1732028883.7468376,0.0,0.0,0.0
1732028883.7660096,0.0,0.0,0.0
1732028883.7857776,0.0,0.0,0.0
1732028883.8052735,0.0,0.0,0.0
1732028883.8272872,0.0,0.0,0.0
1732028883.8458962,0.0,0.0,0.0
1732028883.8661857,0.0,0.0,0.0
1732028883.8854523,0.0,0.0,0.0
1732028883.9057753,0.0,0.0,0.0
1732028883.9256036,0.0,0.0,0.0
1732028883.945701,0.0,0.0,0.0
1732028883.9653955,0.0,0.0,0.0
1732028883.987481,0.0,0.0,0.0
1732028884.0057087,0.0,0.0,0.0
1732028884.0264115,0.0,0.0,0.0
1732028884.0459516,0.0,0.0,0.0
1732028884.067502,0.0,0.0,0.0
1732028884.0853684,0.0,0.0,0.0
1732028884.1064973,0.0,0.0,0.0
1732028884.1255214,0.0,0.0,0.0
1732028884.1469774,0.0,0.0,0.0
1732028884.1655955,0.0,0.0,0.0
1732028884.1858842,0.0,0.0,0.0
1732028884.2065158,0.0,0.0,0.0
1732028884.2255173,0.0,0.0,0.0
1732028884.2455335,0.0,0.0,0.0
1732028884.2684472,0.0,0.0,0.0
1732028884.2864227,0.0,0.0,0.0
1732028884.3067214,0.0,0.0,0.0
1732028884.3265069,0.0,0.0,0.0
1732028884.3472,0.0,0.0,0.0
1732028884.3665967,0.0,0.0,0.0
1732028884.3874087,0.0,0.0,0.0
1732028884.4106543,0.0,0.0,0.0
1732028884.4255216,0.0,0.0,0.0
1732028884.4454405,0.0,0.0,0.0
1732028884.4652524,0.0,0.0,0.0
1732028884.4891396,0.0,0.0,0.0
1732028884.5064566,0.0,0.0,0.0
1732028884.527533,0.0,0.0,0.0
1732028884.5474503,0.0,0.0,0.0
1732028884.5657473,0.0,0.0,0.0
1732028884.585448,0.0,0.0,0.0
1732028884.6059458,0.0,0.0,0.0
1732028884.6282115,0.0,0.0,0.0
1732028884.64573,0.0,0.0,0.0
1732028884.665358,0.0,0.0,0.0
1732028884.685716,0.0,0.0,0.0
1732028884.7066371,0.0,0.0,0.0
1732028884.7271059,0.0,0.0,0.0
1732028884.7477908,0.0,0.0,0.0
1732028884.7657082,0.0,0.0,0.0
1732028884.7860763,0.0,0.0,0.0
1732028884.8058014,0.0,0.0,0.0
1732028884.8257303,0.0,0.0,0.0
1732028884.8453846,0.0,0.0,0.0
1732028884.8685677,0.0,0.0,0.0
1732028884.885934,0.0,0.0,0.0
1732028884.9060698,0.0,0.0,0.0
1732028884.9258113,0.0,0.0,0.0
1732028884.9468148,0.0,0.0,0.0
1732028884.9654393,0.0,0.0,0.0
1732028884.9858057,0.0,0.0,0.0
1732028885.0059319,0.0,0.0,0.0
1732028885.0264826,0.0,0.0,0.0
1732028885.0454483,0.0,0.0,0.0
1732028885.0699162,0.0,0.0,0.0
1732028885.085728,0.0,0.0,0.0
1732028885.1060472,0.0,0.0,0.0
1732028885.127647,0.0,0.0,0.0
1732028885.1454325,0.0,0.0,0.0
1732028885.1662555,0.0,0.0,0.0
1732028885.1861804,0.0,0.0,0.0
1732028885.2068353,0.0,0.0,0.0
1732028885.2257266,0.0,0.0,0.0
1732028885.247055,0.0,0.0,0.0
1732028885.2661724,0.0,0.0,0.0
1732028885.2868629,0.0,0.0,0.0
1732028885.3064358,0.0,0.0,0.0
1732028885.3257072,0.0,0.0,0.0
1732028885.3458402,0.0,0.0,0.0
1732028885.365754,0.0,0.0,0.0
1732028885.3862462,0.0,0.0,0.0
1732028885.405992,0.0,0.0,0.0
1732028885.4258616,0.0,0.0,0.0
1732028885.4458525,0.0,0.0,0.0
1732028885.4660578,0.0,0.0,0.0
1732028885.4859085,0.0,0.0,0.0
1732028885.5067072,0.0,0.0,0.0
1732028885.526009,0.0,0.0,0.0
1732028885.5466206,0.0,0.0,0.0
1732028885.5652664,0.0,0.0,0.0
1732028885.5876057,0.0,0.0,0.0
1732028885.6059096,0.0,0.0,0.0
1732028885.6257265,0.0,0.0,0.0
1732028885.6459072,0.0,0.0,0.0
1732028885.6660743,0.0,0.0,0.0
1732028885.6857333,0.0,0.0,0.0
1732028885.7072954,0.0,0.0,0.0
1732028885.725712,0.0,0.0,0.0
1732028885.746139,0.0,0.0,0.0
1732028885.7659438,0.0,0.0,0.0
1732028885.78618,0.0,0.0,0.0
1732028885.8055823,0.0,0.0,0.0
1732028885.8258321,0.0,0.0,0.0
1732028885.8461354,0.0,0.0,0.0
1732028885.8659785,0.0,0.0,0.0
1732028885.8855846,0.0,0.0,0.0
1732028885.9064908,0.0,0.0,0.0
1732028885.9257746,0.0,0.0,0.0
1732028885.9458575,0.0,0.0,0.0
1732028885.965431,0.0,0.0,0.0
1732028885.9858453,0.0,0.0,0.0
1732028886.0059025,0.0,0.0,0.0
1732028886.0258055,0.0,0.0,0.0
1732028886.045744,0.0,0.0,0.0
1732028886.0657265,0.0,0.0,0.0
1732028886.0858393,0.0,0.0,0.0
1732028886.1072135,0.0,0.0,0.0
1732028886.125829,0.0,0.0,0.0
1732028886.1459146,0.0,0.0,0.0
1732028886.1666708,0.0,0.0,0.0
1732028886.1862912,0.0,0.0,0.0
1732028886.205525,0.0,0.0,0.0
1732028886.225965,0.0,0.0,0.0
1732028886.2461958,0.0,0.0,0.0
1732028886.2654808,0.0,0.0,0.0
1732028886.2861226,0.0,0.0,0.0
1732028886.3059294,0.0,0.0,0.0
1732028886.3266814,0.0,0.0,0.0
1732028886.3456745,0.0,0.0,0.0
1732028886.365817,0.0,0.0,0.0
1732028886.3859463,0.0,0.0,0.0
1732028886.406576,0.0,0.0,0.0
1732028886.4262612,0.0,0.0,0.0
1732028886.4463377,0.0,0.0,0.0
1732028886.466069,0.0,0.0,0.0
1732028886.4859753,0.0,0.0,0.0
1732028886.5065498,0.0,0.0,0.0
1732028886.525546,0.0,0.0,0.0
1732028886.5454972,0.0,0.0,0.0
1732028886.5658035,0.0,0.0,0.0
1732028886.5863612,0.0,0.0,0.0
1732028886.6055012,0.0,0.0,0.0
1732028886.6272144,0.0,0.0,0.0
1732028886.6467075,0.0,0.0,0.0
1732028886.6654065,0.0,0.0,0.0
1732028886.6857004,0.0,0.0,0.0
1732028886.706249,0.0,0.0,0.0
1732028886.7261755,0.0,0.0,0.0
1732028886.7461238,0.0,0.0,0.0
1732028886.765866,0.0,0.0,0.0
1732028886.7859604,0.0,0.0,0.0
1732028886.8064249,0.0,0.0,0.0
1732028886.8279972,0.0,0.0,0.0
1732028886.8454454,0.0,0.0,0.0
1732028886.8663654,0.0,0.0,0.0
1732028886.8858454,0.0,0.0,0.0
1732028886.9061103,0.0,0.0,0.0
1732028886.925874,0.0,0.0,0.0
1732028886.9464846,0.0,0.0,0.0
1732028886.9654903,0.0,0.0,0.0
1732028886.9885926,0.0,0.0,0.0
1732028887.006064,0.0,0.0,0.0
1732028887.0259879,0.0,0.0,0.0
1732028887.0468419,0.0,0.0,0.0
1732028887.0657494,0.0,0.0,0.0
1732028887.0863817,0.0,0.0,0.0
1732028887.10562,0.0,0.0,0.0
1732028887.126642,0.0,0.0,0.0
1732028887.146003,0.0,0.0,0.0
1732028887.1673346,0.0,0.0,0.0
1732028887.1857347,0.0,0.0,0.0
1732028887.2058916,0.0,0.0,0.0
1732028887.2268782,0.0,0.0,0.0
1732028887.2470016,0.0,0.0,0.0
1732028887.2659576,0.0,0.0,0.0
1732028887.2862036,0.0,0.0,0.0
1732028887.305339,0.0,0.0,0.0
1732028887.325433,0.0,0.0,0.0
1732028887.3458076,0.0,0.0,0.0
1732028887.3655643,0.0,0.0,0.0
1732028887.3865213,0.0,0.0,0.0
1732028887.4057565,0.0,0.0,0.0
1732028887.4257526,0.0,0.0,0.0
1732028887.448872,0.0,0.0,0.0
1732028887.4665434,0.0,0.0,0.0
1732028887.4857569,0.0,0.0,0.0
1732028887.5075245,0.0,0.0,0.0
1732028887.5268254,0.0,0.0,0.0
1732028887.5460677,0.0,0.0,0.0
1732028887.5653474,0.0,0.0,0.0
1732028887.5857701,0.0,0.0,0.0
1732028887.6058347,0.0,0.0,0.0
1732028887.625366,0.0,0.0,0.0
1732028887.6457179,0.0,0.0,0.0
1732028887.666742,0.0,0.0,0.0
1732028887.6862326,0.0,0.0,0.0
1732028887.7058513,0.0,0.0,0.0
1732028887.7264144,0.0,0.0,0.0
1732028887.7463107,0.0,0.0,0.0
1732028887.7660441,0.0,0.0,0.0
1732028887.7853067,0.0,0.0,0.0
1732028887.8086534,0.0,0.0,0.0
1732028887.8255699,0.0,0.0,0.0
1732028887.84575,0.0,0.0,0.0
1732028887.8659925,0.0,0.0,0.0
1732028887.8862302,0.0,0.0,0.0
1732028887.9059308,0.0,0.0,0.0
1732028887.9258566,0.0,0.0,0.0
1732028887.9452982,0.0,0.0,0.0
1732028887.965426,0.0,0.0,0.0
1732028887.9856992,0.0,0.0,0.0
1732028888.0056512,0.0,0.0,0.0
1732028888.02747,0.0,0.0,0.0
1732028888.0455816,0.0,0.0,0.0
1732028888.0667918,0.0,0.0,0.0
1732028888.0857377,0.0,0.0,0.0
1732028888.1054988,0.0,0.0,0.0
1732028888.1256979,0.0,0.0,0.0
1732028888.145576,0.0,0.0,0.0
1732028888.1655838,0.0,0.0,0.0
1732028888.1860034,0.0,0.0,0.0
1732028888.206704,0.0,0.0,0.0
1732028888.2259715,0.0,0.0,0.0
1732028888.2459567,0.0,0.0,0.0
1732028888.2666929,0.0,0.0,0.0
1732028888.2855117,0.0,0.0,0.0
1732028888.305563,0.0,0.0,0.0
1732028888.3272583,0.0,0.0,0.0
1732028888.3462465,0.0,0.0,0.0
1732028888.366105,0.0,0.0,0.0
1732028888.3855586,0.0,0.0,0.0
1732028888.409966,0.0,0.0,0.0
1732028888.4257271,0.0,0.0,0.0
1732028888.4464483,0.0,0.0,0.0
1732028888.4659,0.0,0.0,0.0
1732028888.4862552,0.0,0.0,0.0
1732028888.5070252,0.0,0.0,0.0
1732028888.5270154,0.0,0.0,0.0
1732028888.545991,0.0,0.0,0.0
1732028888.5660324,0.0,0.0,0.0
1732028888.5858777,0.0,0.0,0.0
1732028888.608106,0.0,0.0,0.0
1732028888.6263988,0.0,0.0,0.0
1732028888.6459453,0.0,0.0,0.0
1732028888.6657834,0.0,0.0,0.0
1732028888.6853926,0.0,0.0,0.0
1732028888.7070298,0.0,0.0,0.0
1732028888.7257884,0.0,0.0,0.0
1732028888.7463155,0.0,0.0,0.0
1732028888.765651,0.0,0.0,0.0
1732028888.786495,0.0,0.0,0.0
1732028888.8059626,0.0,0.0,0.0
1732028888.826111,0.0,0.0,0.0
1732028888.847409,0.0,0.0,0.0
1732028888.866707,0.0,0.0,0.0
1732028888.8866737,0.0,0.0,0.0
1732028888.908004,0.0,0.0,0.0
1732028888.92727,0.0,0.0,0.0
1732028888.9459941,0.0,0.0,0.0
1732028888.9658499,0.0,0.0,0.0
1732028888.9857893,0.0,0.0,0.0
1732028889.0064256,0.0,0.0,0.0
1732028889.0259626,0.0,0.0,0.0
1732028889.0461328,0.0,0.0,0.0
1732028889.0671864,0.0,0.0,0.0
1732028889.0855737,0.0,0.0,0.0
1732028889.1062622,0.0,0.0,0.0
1732028889.1272366,0.0,0.0,0.0
1732028889.14874,0.0,0.0,0.0
1732028889.1656172,0.0,0.0,0.0
1732028889.1857407,0.0,0.0,0.0
1732028889.209269,0.0,0.0,0.0
1732028889.2253842,0.0,0.0,0.0
1732028889.2515457,0.0,0.0,0.0
1732028889.26687,0.0,0.0,0.0
1732028889.286133,0.0,0.0,0.0
1732028889.3060613,0.0,0.0,0.0
1732028889.3261797,0.0,0.0,0.0
1732028889.345973,0.0,0.0,0.0
1732028889.3664455,0.0,0.0,0.0
1732028889.386607,0.0,0.0,0.0
1732028889.4075756,0.0,0.0,0.0
1732028889.4253826,0.0,0.0,0.0
1732028889.446099,0.0,0.0,0.0
1732028889.465431,0.0,0.0,0.0
1732028889.486118,0.0,0.0,0.0
1732028889.5062027,0.0,0.0,0.0
1732028889.5260181,0.0,0.0,0.0
1732028889.5459466,0.0,0.0,0.0
1732028889.5660243,0.0,0.0,0.0
1732028889.5858889,0.0,0.0,0.0
1732028889.6070216,0.0,0.0,0.0
1732028889.6268702,0.0,0.0,0.0
1732028889.6476943,0.0,0.0,0.0
1732028889.6658428,0.0,0.0,0.0
1732028889.6880379,0.0,0.0,0.0
1732028889.708729,0.0,0.0,0.0
1732028889.7266133,0.0,0.0,0.0
1732028889.7464652,0.0,0.0,0.0
1732028889.7661145,0.0,0.0,0.0
1732028889.785513,0.0,0.0,0.0
1732028889.806879,0.0,0.0,0.0
1732028889.8257432,0.0,0.0,0.0
1732028889.8461354,0.0,0.0,0.0
1732028889.868164,0.0,0.0,0.0
1732028889.8857443,0.0,0.0,0.0
1732028889.9056458,0.0,0.0,0.0
1732028889.925951,0.0,0.0,0.0
1732028889.9483988,0.0,0.0,0.0
1732028889.9661946,0.0,0.0,0.0
1732028889.9854352,0.0,0.0,0.0
1732028890.0061069,0.0,0.0,0.0
1732028890.026031,0.0,0.0,0.0
1732028890.0461037,0.0,0.0,0.0
1732028890.0660117,0.0,0.0,0.0
1732028890.086539,0.0,0.0,0.0
1732028890.108019,0.0,0.0,0.0
1732028890.126237,0.0,0.0,0.0
1732028890.1452818,0.0,0.0,0.0
1732028890.167181,0.0,0.0,0.0
1732028890.185942,0.0,0.0,0.0
1732028890.2082047,0.0,0.0,0.0
1732028890.2269092,0.0,0.0,0.0
1732028890.2462523,0.0,0.0,0.0
1732028890.266472,0.0,0.0,0.0
1732028890.2858968,0.0,0.0,0.0
1732028890.306027,0.0,0.0,0.0
1732028890.3267624,0.0,0.0,0.0
1732028890.3457947,0.0,0.0,0.0
1732028890.366121,0.0,0.0,0.0
1732028890.3878691,0.0,0.0,0.0
1732028890.4061525,0.0,0.0,0.0
1732028890.4283202,0.0,0.0,0.0
1732028890.4455736,0.0,0.0,0.0
1732028890.466175,0.0,0.0,0.0
1732028890.4857087,0.0,0.0,0.0
1732028890.507221,0.0,0.0,0.0
1732028890.5310736,0.0,0.0,0.0
1732028890.546287,0.0,0.0,0.0
1732028890.5659084,0.0,0.0,0.0
1732028890.5865924,0.0,0.0,0.0
1732028890.6067102,0.0,0.0,0.0
1732028890.6260974,0.0,0.0,0.0
1732028890.6467888,0.0,0.0,0.0
1732028890.6655989,0.0,0.0,0.0
1732028890.6857865,0.0,0.0,0.0
1732028890.706191,0.0,0.0,0.0
1732028890.725753,0.0,0.0,0.0
1732028890.7475019,0.0,0.0,0.0
1732028890.766332,0.0,0.0,0.0
1732028890.7858036,0.0,0.0,0.0
1732028890.8061361,0.0,0.0,0.0
1732028890.8282306,0.0,0.0,0.0
1732028890.8459783,0.0,0.0,0.0
1732028890.8663783,0.0,0.0,0.0
1732028890.8860373,0.0,0.0,0.0
1732028890.9067123,0.0,0.0,0.0
1732028890.9294608,0.0,0.0,0.0
1732028890.9466872,0.0,0.0,0.0
1732028890.967902,0.0,0.0,0.0
1732028890.9931355,0.0,0.0,0.0
1732028891.0070908,0.0,0.0,0.0
1732028891.0257506,0.0,0.0,0.0
1732028891.0474753,0.0,0.0,0.0
1732028891.069004,0.0,0.0,0.0
1732028891.0893745,0.0,0.0,0.0
1732028891.10657,0.0,0.0,0.0
1732028891.1268682,0.0,0.0,0.0
1732028891.1464663,0.0,0.0,0.0
1732028891.1663034,0.0,0.0,0.0
1732028891.187449,0.0,0.0,0.0
1732028891.2057986,0.0,0.0,0.0
1732028891.2260113,0.0,0.0,0.0
1732028891.2461636,0.0,0.0,0.0
1732028891.2671444,0.0,0.0,0.0
1732028891.28627,0.0,0.0,0.0
1732028891.306245,0.0,0.0,0.0
1732028891.3263094,0.0,0.0,0.0
1732028891.3458273,0.0,0.0,0.0
1732028891.3658166,0.0,0.0,0.0
1732028891.3866034,0.0,0.0,0.0
1732028891.4069953,0.0,0.0,0.0
1732028891.4261792,0.0,0.0,0.0
1732028891.4463563,0.0,0.0,0.0
1732028891.4657826,0.0,0.0,0.0
1732028891.4862072,0.0,0.0,0.0
1732028891.5067873,0.0,0.0,0.0
1732028891.528203,0.0,0.0,0.0
1732028891.5484028,0.0,0.0,0.0
1732028891.5658145,0.0,0.0,0.0
1732028891.5971115,0.0,0.0,0.0
1732028891.606576,0.0,0.0,0.0
1732028891.6266658,0.0,0.0,0.0
1732028891.646461,0.0,0.0,0.0
1732028891.6662383,0.0,0.0,0.0
1732028891.6865854,0.0,0.0,0.0
1732028891.7066398,0.0,0.0,0.0
1732028891.7264028,0.0,0.0,0.0
1732028891.746792,0.0,0.0,0.0
1732028891.7666173,0.0,0.0,0.0
1732028891.787007,0.0,0.0,0.0
1732028891.8068483,0.0,0.0,0.0
1732028891.8263133,0.0,0.0,0.0
1732028891.8458817,0.0,0.0,0.0
1732028891.866578,0.0,0.0,0.0
1732028891.8861325,0.0,0.0,0.0
1732028891.9064975,0.0,0.0,0.0
1732028891.9259474,0.0,0.0,0.0
1732028891.9474552,0.0,0.0,0.0
1732028891.9676228,0.0,0.0,0.0
1732028891.9858556,0.0,0.0,0.0
1732028892.0058517,0.0,0.0,0.0
1732028892.0256662,0.0,0.0,0.0
1732028892.0462618,0.0,0.0,0.0
1732028892.0666447,0.0,0.0,0.0
1732028892.0859225,0.0,0.0,0.0
1732028892.1070058,0.0,0.0,0.0
1732028892.1270864,0.0,0.0,0.0
1732028892.1489124,0.0,0.0,0.0
1732028892.1696825,0.0,0.0,0.0
1732028892.1916482,0.0,0.0,0.0
1732028892.2094288,0.0,0.0,0.0
1732028892.2267964,0.0,0.0,0.0
1732028892.2487955,0.0,0.0,0.0
1732028892.2680795,0.0,0.0,0.0
1732028892.2871046,0.0,0.0,0.0
1732028892.3072422,0.0,0.0,0.0
1732028892.3268144,0.0,0.0,0.0
1732028892.34826,0.0,0.0,0.0
1732028892.3686671,0.0,0.0,0.0
1732028892.3865793,0.0,0.0,0.0
1732028892.407937,0.0,0.0,0.0
1732028892.4282398,0.0,0.0,0.0
1732028892.4476905,0.0,0.0,0.0
1732028892.4692807,0.0,0.0,0.0
1732028892.4865103,0.0,0.0,0.0
1732028892.5069265,0.0,0.0,0.0
1732028892.5271552,0.0,0.0,0.0
1732028892.5473845,0.0,0.0,0.0
1732028892.5663397,0.0,0.0,0.0
1732028892.5867746,0.0,0.0,0.0
1732028892.606039,0.0,0.0,0.0
1732028892.6263938,0.0,0.0,0.0
1732028892.6467283,0.0,0.0,0.0
1732028892.6671612,0.0,0.0,0.0
1732028892.6864166,0.0,0.0,0.0
1732028892.7070107,0.0,0.0,0.0
1732028892.7284014,0.0,0.0,0.0
1732028892.7479248,0.0,0.0,0.0
1732028892.7672787,0.0,0.0,0.0
1732028892.7862659,0.0,0.0,0.0
1732028892.8090577,0.0,0.0,0.0
1732028892.8258398,0.0,0.0,0.0
1732028892.8473966,0.0,0.0,0.0
1732028892.865804,0.0,0.0,0.0
1732028892.8862033,0.0,0.0,0.0
1732028892.9063165,0.0,0.0,0.0
1732028892.9259043,0.0,0.0,0.0
1732028892.947911,0.0,0.0,0.0
1732028892.9660873,0.0,0.0,0.0
1732028892.9906938,0.0,0.0,0.0
1732028893.007267,0.0,0.0,0.0
1732028893.0266154,0.0,0.0,0.0
1732028893.0465274,0.0,0.0,0.0
1732028893.0664499,0.0,0.0,0.0
1732028893.0853162,0.0,0.0,0.0
1732028893.1059866,0.0,0.0,0.0
1732028893.1261737,0.0,0.0,0.0
1732028893.146435,0.0,0.0,0.0
1732028893.1662436,0.0,0.0,0.0
1732028893.1860666,0.0,0.0,0.0
1732028893.2063599,0.0,0.0,0.0
1732028893.225867,0.0,0.0,0.0
1732028893.246618,0.0,0.0,0.0
1732028893.266279,0.0,0.0,0.0
1732028893.2863784,0.0,0.0,0.0
1732028893.3064795,0.0,0.0,0.0
1732028893.3263698,0.0,0.0,0.0
1732028893.3468144,0.0,0.0,0.0
1732028893.3666582,0.0,0.0,0.0
1732028893.3858454,0.0,0.0,0.0
1732028893.4062226,0.0,0.0,0.0
1732028893.4262068,0.0,0.0,0.0
1732028893.446232,0.0,0.0,0.0
1732028893.4664729,0.0,0.0,0.0
1732028893.486383,0.0,0.0,0.0
1732028893.5065842,0.0,0.0,0.0
1732028893.5265336,0.0,0.0,0.0
1732028893.5471773,0.0,0.0,0.0
1732028893.5658379,0.0,0.0,0.0
1732028893.5861888,0.0,0.0,0.0
1732028893.607441,0.0,0.0,0.0
1732028893.6262424,0.0,0.0,0.0
1732028893.6473055,0.0,0.0,0.0
1732028893.6666565,0.0,0.0,0.0
1732028893.6867783,0.0,0.0,0.0
1732028893.7076871,0.0,0.0,0.0
1732028893.7265234,0.0,0.0,0.0
1732028893.747162,0.0,0.0,0.0
1732028893.7675943,0.0,0.0,0.0
1732028893.7862992,0.0,0.0,0.0
1732028893.8071606,0.0,0.0,0.0
1732028893.8264847,0.0,0.0,0.0
1732028893.8466897,0.0,0.0,0.0
1732028893.8664613,0.0,0.0,0.0
1732028893.888971,0.0,0.0,0.0
1732028893.9063385,0.0,0.0,0.0
1732028893.9260845,0.0,0.0,0.0
1732028893.946019,0.0,0.0,0.0
1732028893.9659314,0.0,0.0,0.0
1732028893.985566,0.0,0.0,0.0
1732028894.006016,0.0,0.0,0.0
1732028894.0275223,0.0,0.0,0.0
1732028894.0515049,0.0,0.0,0.0
1732028894.0682225,0.0,0.0,0.0
1732028894.0873578,0.0,0.0,0.0
1732028894.108077,0.0,0.0,0.0
1732028894.126088,0.0,0.0,0.0
1732028894.1460164,0.0,0.0,0.0
1732028894.1677063,0.0,0.0,0.0
1732028894.186746,0.0,0.0,0.0
1732028894.2064703,0.0,0.0,0.0
1732028894.2287107,0.0,0.0,0.0
1732028894.2468593,0.0,0.0,0.0
1732028894.2687862,0.0,0.0,0.0
1732028894.2879393,0.0,0.0,0.0
1732028894.3077047,0.0,0.0,0.0
1732028894.3280807,0.0,0.0,0.0
1732028894.347937,0.0,0.0,0.0
1732028894.366148,0.0,0.0,0.0
1732028894.3858306,0.0,0.0,0.0
1732028894.406798,0.0,0.0,0.0
1732028894.4268239,0.0,0.0,0.0
1732028894.4491582,0.0,0.0,0.0
1732028894.4658334,0.0,0.0,0.0
1732028894.4876516,0.0,0.0,0.0
1732028894.506489,0.0,0.0,0.0
1732028894.5266128,0.0,0.0,0.0
1732028894.5466256,0.0,0.0,0.0
1732028894.5659215,0.0,0.0,0.0
1732028894.5910285,0.0,0.0,0.0
1732028894.6062865,0.0,0.0,0.0
1732028894.6259446,0.0,0.0,0.0
1732028894.6455393,0.0,0.0,0.0
1732028894.666287,0.0,0.0,0.0
1732028894.686039,0.0,0.0,0.0
1732028894.7066717,0.0,0.0,0.0
1732028894.7268002,0.0,0.0,0.0
1732028894.7545216,0.0,0.0,0.0
1732028894.7661607,0.0,0.0,0.0
1732028894.7860162,0.0,0.0,0.0
1732028894.806532,0.0,0.0,0.0
1732028894.827207,0.0,0.0,0.0
1732028894.8477151,0.0,0.0,0.0
1732028894.8680093,0.0,0.0,0.0
1732028894.8886368,0.0,0.0,0.0
1732028894.9074368,0.0,0.0,0.0
1732028894.9288785,0.0,0.0,0.0
1732028894.946464,0.0,0.0,0.0
1732028894.965492,0.0,0.0,0.0
1732028894.9866433,0.0,0.0,0.0
1732028895.0076833,0.0,0.0,0.0
1732028895.0284092,0.0,0.0,0.0
1732028895.0471866,0.0,0.0,0.0
1732028895.072637,0.0,0.0,0.0
1732028895.0887153,0.0,0.0,0.0
1732028895.1112723,0.0,0.0,0.0
1732028895.126672,0.0,0.0,0.0
1732028895.1463454,0.0,0.0,0.0
1732028895.1671107,0.0,0.0,0.0
1732028895.1861448,0.0,0.0,0.0
1732028895.2073367,0.0,0.0,0.0
1732028895.2284083,0.0,0.0,0.0
1732028895.2471373,0.0,0.0,0.0
1732028895.2664342,0.0,0.0,0.0
1732028895.2855272,0.0,0.0,0.0
1732028895.3086271,0.0,0.0,0.0
1732028895.3275845,0.0,0.0,0.0
1732028895.346912,0.0,0.0,0.0
1732028895.366675,0.0,0.0,0.0
1732028895.39132,0.0,0.0,0.0
1732028895.407808,0.0,0.0,0.0
1732028895.4267364,0.0,0.0,0.0
1732028895.449297,0.0,0.0,0.0
1732028895.465735,0.0,0.0,0.0
1732028895.4861774,0.0,0.0,0.0
1732028895.506435,0.0,0.0,0.0
1732028895.52629,0.0,0.0,0.0
1732028895.5470238,0.0,0.0,0.0
1732028895.5660217,0.0,0.0,0.0
1732028895.592929,0.0,0.0,0.0
1732028895.6068504,0.0,0.0,0.0
1732028895.6332004,0.0,0.0,0.0
1732028895.6483858,0.0,0.0,0.0
1732028895.666489,0.0,0.0,0.0
1732028895.6864576,0.0,0.0,0.0
1732028895.7068632,0.0,0.0,0.0
1732028895.7262564,0.0,0.0,0.0
1732028895.74695,0.0,0.0,0.0
1732028895.7666087,0.0,0.0,0.0
1732028895.7862005,0.0,0.0,0.0
1732028895.806568,0.0,0.0,0.0
1732028895.8254068,0.0,0.0,0.0
1732028895.8468053,0.0,0.0,0.0
1732028895.8654256,0.0,0.0,0.0
1732028895.8865614,0.0,0.0,0.0
1732028895.9063067,0.0,0.0,0.0
1732028895.9271457,0.0,0.0,0.0
1732028895.9467146,0.0,0.0,0.0
1732028895.9668877,0.0,0.0,0.0
1732028895.9865918,0.0,0.0,0.0
1732028896.006473,0.0,0.0,0.0
1732028896.0261424,0.0,0.0,0.0
1732028896.0472808,0.0,0.0,0.0
1732028896.066593,0.0,0.0,0.0
1732028896.086104,0.0,0.0,0.0
1732028896.1057336,0.0,0.0,0.0
1732028896.126624,0.0,0.0,0.0
1732028896.1466024,0.0,0.0,0.0
1732028896.168501,0.0,0.0,0.0
1732028896.1859581,0.0,0.0,0.0
1732028896.208071,0.0,0.0,0.0
1732028896.2267115,0.0,0.0,0.0
1732028896.259191,0.0,0.0,0.0
1732028896.271372,0.0,0.0,0.0
1732028896.2861621,0.0,0.0,0.0
1732028896.3104696,0.0,0.0,0.0
1732028896.3271182,0.0,0.0,0.0
1732028896.3462021,0.0,0.0,0.0
1732028896.3689995,0.0,0.0,0.0
1732028896.3859355,0.0,0.0,0.0
1732028896.4065185,0.0,0.0,0.0
1732028896.4285302,0.0,0.0,0.0
1732028896.4489634,0.0,0.0,0.0
1732028896.4681423,0.0,0.0,0.0
1732028896.4881282,0.0,0.0,0.0
1732028896.5064557,0.0,0.0,0.0
1732028896.527133,0.0,0.0,0.0
1732028896.5471559,0.0,0.0,0.0
1732028896.566955,0.0,0.0,0.0
1732028896.5883873,0.0,0.0,0.0
1732028896.6059444,0.0,0.0,0.0
1732028896.6288035,0.0,0.0,0.0
1732028896.645874,0.0,0.0,0.0
1732028896.666723,0.0,0.0,0.0
1732028896.6859443,0.0,0.0,0.0
1732028896.7080786,0.0,0.0,0.0
1732028896.7264845,0.0,0.0,0.0
1732028896.746136,0.0,0.0,0.0
1732028896.7667782,0.0,0.0,0.0
1732028896.786901,0.0,0.0,0.0
1732028896.8059847,0.0,0.0,0.0
1732028896.8287508,0.0,0.0,0.0
1732028896.8464115,0.0,0.0,0.0
1732028896.866423,0.0,0.0,0.0
1732028896.8865323,0.0,0.0,0.0
1732028896.9059885,0.0,0.0,0.0
1732028896.9263744,0.0,0.0,0.0
1732028896.9465618,0.0,0.0,0.0
1732028896.966929,0.0,0.0,0.0
1732028896.9860785,0.0,0.0,0.0
1732028897.0068135,0.0,0.0,0.0
1732028897.0283973,0.0,0.0,0.0
1732028897.04629,0.0,0.0,0.0
1732028897.0684292,0.0,0.0,0.0
1732028897.0883796,0.0,0.0,0.0
1732028897.1081395,0.0,0.0,0.0
1732028897.1264327,0.0,0.0,0.0
1732028897.1474366,0.0,0.0,0.0
1732028897.1672015,0.0,0.0,0.0
1732028897.1860907,0.0,0.0,0.0
1732028897.2064004,0.0,0.0,0.0
1732028897.2269468,0.0,0.0,0.0
1732028897.2474768,0.0,0.0,0.0
1732028897.2669983,0.0,0.0,0.0
1732028897.2865176,0.0,0.0,0.0
1732028897.3092027,0.0,0.0,0.0
1732028897.3296225,0.0,0.0,0.0
1732028897.348104,0.0,0.0,0.0
1732028897.3661118,0.0,0.0,0.0
1732028897.3863347,0.0,0.0,0.0
1732028897.4067054,0.0,0.0,0.0
1732028897.4269347,0.0,0.0,0.0
1732028897.4475234,0.0,0.0,0.0
1732028897.46595,0.0,0.0,0.0
1732028897.4862323,0.0,0.0,0.0
1732028897.5064094,0.0,0.0,0.0
1732028897.5261438,0.0,0.0,0.0
1732028897.5464263,0.0,0.0,0.0
1732028897.5709658,0.0,0.0,0.0
1732028897.5888734,0.0,0.0,0.0
1732028897.609413,0.0,0.0,0.0
1732028897.6307843,0.0,0.0,0.0
1732028897.647061,0.0,0.0,0.0
1732028897.6673872,0.0,0.0,0.0
1732028897.6868322,0.0,0.0,0.0
1732028897.706853,0.0,0.0,0.0
1732028897.7280657,0.0,0.0,0.0
1732028897.7467613,0.0,0.0,0.0
1732028897.7671094,0.0,0.0,0.0
1732028897.791439,0.0,0.0,0.0
1732028897.806159,0.0,0.0,0.0
1732028897.8266575,0.0,0.0,0.0
1732028897.8470395,0.0,0.0,0.0
1732028897.8661582,0.0,0.0,0.0
1732028897.8866117,0.0,0.0,0.0
1732028897.908207,0.0,0.0,0.0
1732028897.9261293,0.0,0.0,0.0
1732028897.9458988,0.0,0.0,0.0
1732028897.9666297,0.0,0.0,0.0
1732028897.9861894,0.0,0.0,0.0
1732028898.00643,0.0,0.0,0.0
1732028898.0272906,0.0,0.0,0.0
1732028898.0467176,0.0,0.0,0.0
1732028898.0687385,0.0,0.0,0.0
1732028898.0878003,0.0,0.0,0.0
1732028898.1058934,0.0,0.0,0.0
1732028898.1258085,0.0,0.0,0.0
1732028898.146317,0.0,0.0,0.0
1732028898.1658661,0.0,0.0,0.0
1732028898.186114,0.0,0.0,0.0
1732028898.206222,0.0,0.0,0.0
1732028898.2259424,0.0,0.0,0.0
1732028898.246565,0.0,0.0,0.0
1732028898.2665231,0.0,0.0,0.0
1732028898.2890148,0.0,0.0,0.0
1732028898.3069162,0.0,0.0,0.0
1732028898.3262281,0.0,0.0,0.0
1732028898.3466773,0.0,0.0,0.0
1732028898.3660738,0.0,0.0,0.0
1732028898.3859062,0.0,0.0,0.0
1732028898.405876,0.0,0.0,0.0
1732028898.427533,0.0,0.0,0.0
1732028898.4460747,0.0,0.0,0.0
1732028898.4660885,0.0,0.0,0.0
1732028898.4856308,0.0,0.0,0.0
1732028898.5056832,0.0,0.0,0.0
1732028898.5259395,0.0,0.0,0.0
1732028898.5460618,0.0,0.0,0.0
1732028898.565838,0.0,0.0,0.0
1732028898.5860887,0.0,0.0,0.0
1732028898.6153603,0.0,0.0,0.0
1732028898.627185,0.0,0.0,0.0
1732028898.6478415,0.0,0.0,0.0
1732028898.6751752,0.0,0.0,0.0
1732028898.6859012,0.0,0.0,0.0
1732028898.7068357,0.0,0.0,0.0
1732028898.7257154,0.0,0.0,0.0
1732028898.7466807,0.0,0.0,0.0
1732028898.766009,0.0,0.0,0.0
1732028898.7861364,0.0,0.0,0.0
1732028898.8064892,0.0,0.0,0.0
1732028898.826693,0.0,0.0,0.0
1732028898.8459725,0.0,0.0,0.0
1732028898.8668108,0.0,0.0,0.0
1732028898.886022,0.0,0.0,0.0
1732028898.9061754,0.0,0.0,0.0
1732028898.9266047,0.0,0.0,0.0
1732028898.9472327,0.0,0.0,0.0
1732028898.9662187,0.0,0.0,0.0
1732028898.9877462,0.0,0.0,0.0
1732028899.006644,0.0,0.0,0.0
1732028899.028741,0.0,0.0,0.0
1732028899.047155,0.0,0.0,0.0
1732028899.0662017,0.0,0.0,0.0
1732028899.0865183,0.0,0.0,0.0
1732028899.1064677,0.0,0.0,0.0
1732028899.1259234,0.0,0.0,0.0
1732028899.1472933,0.0,0.0,0.0
1732028899.167991,0.0,0.0,0.0
1732028899.186153,0.0,0.0,0.0
1732028899.2064486,0.0,0.0,0.0
1732028899.2258306,0.0,0.0,0.0
1732028899.246514,0.0,0.0,0.0
1732028899.2656028,0.0,0.0,0.0
1732028899.2857141,0.0,0.0,0.0
1732028899.30712,0.0,0.0,0.0
1732028899.3260949,0.0,0.0,0.0
1732028899.3460698,0.0,0.0,0.0
1732028899.3660932,0.0,0.0,0.0
1732028899.3866694,0.0,0.0,0.0
1732028899.4113786,0.0,0.0,0.0
1732028899.4276068,0.0,0.0,0.0
1732028899.4466803,0.0,0.0,0.0
1732028899.4671116,0.0,0.0,0.0
1732028899.4870248,0.0,0.0,0.0
1732028899.5061357,0.0,0.0,0.0
1732028899.526839,0.0,0.0,0.0
1732028899.5471828,0.0,0.0,0.0
1732028899.565982,0.0,0.0,0.0
1732028899.5864484,0.0,0.0,0.0
1732028899.6096046,0.0,0.0,0.0
1732028899.6266336,0.0,0.0,0.0
1732028899.64629,0.0,0.0,0.0
1732028899.6746333,0.0,0.0,0.0
1732028899.691343,0.0,0.0,0.0
1732028899.7082806,0.0,0.0,0.0
1732028899.7269459,0.0,0.0,0.0
1732028899.7471592,0.0,0.0,0.0
1732028899.7672355,0.0,0.0,0.0
1732028899.7892027,0.0,0.0,0.0
1732028899.8062418,0.0,0.0,0.0
1732028899.826729,0.0,0.0,0.0
1732028899.8457649,0.0,0.0,0.0
1732028899.8656354,0.0,0.0,0.0
1732028899.8857827,0.0,0.0,0.0
1732028899.905776,0.0,0.0,0.0
1732028899.92616,0.0,0.0,0.0
1732028899.945836,0.0,0.0,0.0
1732028899.9661357,0.0,0.0,0.0
1732028899.9926553,0.0,0.0,0.0
1732028900.0079436,0.0,0.0,0.0
1732028900.028897,0.0,0.0,0.0
1732028900.0472782,0.0,0.0,0.0
1732028900.066672,0.0,0.0,0.0
1732028900.088241,0.0,0.0,0.0
1732028900.1074975,0.0,0.0,0.0
1732028900.1320827,0.0,0.0,0.0
1732028900.1457596,0.0,0.0,0.0
1732028900.1662254,0.0,0.0,0.0
1732028900.188028,0.0,0.0,0.0
1732028900.2064238,0.0,0.0,0.0
1732028900.225861,0.0,0.0,0.0
1732028900.2478254,0.0,0.0,0.0
1732028900.2660475,0.0,0.0,0.0
1732028900.2856262,0.0,0.0,0.0
1732028900.308192,0.0,0.0,0.0
1732028900.3261497,0.0,0.0,0.0
1732028900.3616152,0.0,0.0,0.0
1732028900.3699155,0.0,0.0,0.0
1732028900.386874,0.0,0.0,0.0
1732028900.4066246,0.0,0.0,0.0
1732028900.4263701,0.0,0.0,0.0
1732028900.4474227,0.0,0.0,0.0
1732028900.466689,0.0,0.0,0.0
1732028900.48675,0.0,0.0,0.0
1732028900.5063324,0.0,0.0,0.0
1732028900.5276735,0.0,0.0,0.0
1732028900.546935,0.0,0.0,0.0
1732028900.5657918,0.0,0.0,0.0
1732028900.5856564,0.0,0.0,0.0
1732028900.6069875,0.0,0.0,0.0
1732028900.6258352,0.0,0.0,0.0
1732028900.6455226,0.0,0.0,0.0
1732028900.6658504,0.0,0.0,0.0
1732028900.6863327,0.0,0.0,0.0
1732028900.7066796,0.0,0.0,0.0
1732028900.7265782,0.0,0.0,0.0
1732028900.7471867,0.0,0.0,0.0
1732028900.7664728,0.0,0.0,0.0
1732028900.78623,0.0,0.0,0.0
1732028900.8066127,0.0,0.0,0.0
1732028900.8262215,0.0,0.0,0.0
1732028900.846318,0.0,0.0,0.0
1732028900.866734,0.0,0.0,0.0
1732028900.8864658,0.0,0.0,0.0
1732028900.9061267,0.0,0.0,0.0
1732028900.9273663,0.0,0.0,0.0
1732028900.94645,0.0,0.0,0.0
1732028900.9666796,0.0,0.0,0.0
1732028900.98888,0.0,0.0,0.0
1732028901.0058458,0.0,0.0,0.0
1732028901.029329,0.0,0.0,0.0
1732028901.0464296,0.0,0.0,0.0
1732028901.0674481,0.0,0.0,0.0
1732028901.0857823,0.0,0.0,0.0
1732028901.1057456,0.0,0.0,0.0
1732028901.1293678,0.0,0.0,0.0
1732028901.146439,0.0,0.0,0.0
1732028901.1656322,0.0,0.0,0.0
1732028901.1869068,0.0,0.0,0.0
1732028901.2069824,0.0,0.0,0.0
1732028901.2284074,0.0,0.0,0.0
1732028901.2459629,0.0,0.0,0.0
1732028901.269029,0.0,0.0,0.0
1732028901.2859209,0.0,0.0,0.0
1732028901.307035,0.0,0.0,0.0
1732028901.327075,0.0,0.0,0.0
1732028901.3455899,0.0,0.0,0.0
1732028901.3685734,0.0,0.0,0.0
1732028901.38584,0.0,0.0,0.0
1732028901.4071755,0.0,0.0,0.0
1732028901.4273155,0.0,0.0,0.0
1732028901.4474025,0.0,0.0,0.0
1732028901.4664493,0.0,0.0,0.0
1732028901.4866555,0.0,0.0,0.0
1732028901.5071583,0.0,0.0,0.0
1732028901.5264044,0.0,0.0,0.0
1732028901.5462296,0.0,0.0,0.0
1732028901.5671299,0.0,0.0,0.0
1732028901.5864782,0.0,0.0,0.0
1732028901.6057107,0.0,0.0,0.0
1732028901.6268246,0.0,0.0,0.0
1732028901.6463714,0.0,0.0,0.0
1732028901.6670084,0.0,0.0,0.0
1732028901.692087,0.0,0.0,0.0
1732028901.706445,0.0,0.0,0.0
1732028901.7264159,0.0,0.0,0.0
1732028901.7471478,0.0,0.0,0.0
1732028901.7655883,0.0,0.0,0.0
1732028901.7880745,0.0,0.0,0.0
1732028901.8060493,0.0,0.0,0.0
1732028901.8266811,0.0,0.0,0.0
1732028901.8465664,0.0,0.0,0.0
1732028901.8664556,0.0,0.0,0.0
1732028901.8867247,0.0,0.0,0.0
1732028901.9058437,0.0,0.0,0.0
1732028901.9256504,0.0,0.0,0.0
1732028901.9462914,0.0,0.0,0.0
1732028901.96969,0.0,0.0,0.0
1732028901.9866176,0.0,0.0,0.0
1732028902.0057108,0.0,0.0,0.0
1732028902.0260832,0.0,0.0,0.0
1732028902.046433,0.0,0.0,0.0
1732028902.0658274,0.0,0.0,0.0
1732028902.0864289,0.0,0.0,0.0
1732028902.1064694,0.0,0.0,0.0
1732028902.1274385,0.0,0.0,0.0
1732028902.1471903,0.0,0.0,0.0
1732028902.1659157,0.0,0.0,0.0
1732028902.1874843,0.0,0.0,0.0
1732028902.2058907,0.0,0.0,0.0
1732028902.226203,0.0,0.0,0.0
1732028902.246994,0.0,0.0,0.0
1732028902.2683442,0.0,0.0,0.0
1732028902.2886584,0.0,0.0,0.0
1732028902.306647,0.0,0.0,0.0
1732028902.326443,0.0,0.0,0.0
1732028902.3460412,0.0,0.0,0.0
1732028902.3677616,0.0,0.0,0.0
1732028902.388289,0.0,0.0,0.0
1732028902.4066868,0.0,0.0,0.0
1732028902.4274502,0.0,0.0,0.0
1732028902.4467385,0.0,0.0,0.0
1732028902.466697,0.0,0.0,0.0
1732028902.488199,0.0,0.0,0.0
1732028902.5063887,0.0,0.0,0.0
1732028902.527712,0.0,0.0,0.0
1732028902.5465019,0.0,0.0,0.0
1732028902.57051,0.0,0.0,0.0
1732028902.5892289,0.0,0.0,0.0
1732028902.6157923,0.0,0.0,0.0
1732028902.6266088,0.0,0.0,0.0
1732028902.6486955,0.0,0.0,0.0
1732028902.6705909,0.0,0.0,0.0
1732028902.6914246,0.0,0.0,0.0
1732028902.7070222,0.0,0.0,0.0
1732028902.7264652,0.0,0.0,0.0
1732028902.7595668,0.0,0.0,0.0
1732028902.766562,0.0,0.0,0.0
1732028902.7862027,0.0,0.0,0.0
1732028902.8058794,0.0,0.0,0.0
1732028902.8264894,0.0,0.0,0.0
1732028902.8485377,0.0,0.0,0.0
1732028902.8668637,0.0,0.0,0.0
1732028902.8857958,0.0,0.0,0.0
1732028902.9064748,0.0,0.0,0.0
1732028902.9265127,0.0,0.0,0.0
1732028902.9467068,0.0,0.0,0.0
1732028902.965603,0.0,0.0,0.0
1732028902.9858322,0.0,0.0,0.0
1732028903.0067937,0.0,0.0,0.0
1732028903.0262547,0.0,0.0,0.0
1732028903.0462096,0.0,0.0,0.0
1732028903.0666943,0.0,0.0,0.0
1732028903.096957,0.0,0.0,0.0
1732028903.107231,0.0,0.0,0.0
1732028903.1270857,0.0,0.0,0.0
1732028903.145427,0.0,0.0,0.0
1732028903.1656334,0.0,0.0,0.0
1732028903.1887555,0.0,0.0,0.0
1732028903.205765,0.0,0.0,0.0
1732028903.2256463,0.0,0.0,0.0
1732028903.2454388,0.0,0.0,0.0
1732028903.2663515,0.0,0.0,0.0
1732028903.285683,0.0,0.0,0.0
1732028903.3078723,0.0,0.0,0.0
1732028903.3264477,0.0,0.0,0.0
1732028903.347114,0.0,0.0,0.0
1732028903.3659823,0.0,0.0,0.0
1732028903.385999,0.0,0.0,0.0
1732028903.4065695,0.0,0.0,0.0
1732028903.4261312,0.0,0.0,0.0
1732028903.4464495,0.0,0.0,0.0
1732028903.4668052,0.0,0.0,0.0
1732028903.4862924,0.0,0.0,0.0
1732028903.5073366,0.0,0.0,0.0
1732028903.5293756,0.0,0.0,0.0
1732028903.5461721,0.0,0.0,0.0
1732028903.566046,0.0,0.0,0.0
1732028903.5867708,0.0,0.0,0.0
1732028903.60682,0.0,0.0,0.0
1732028903.6298857,0.0,0.0,0.0
1732028903.6463478,0.0,0.0,0.0
1732028903.6661634,0.0,0.0,0.0
1732028903.6933258,0.0,0.0,0.0
1732028903.7094707,0.0,0.0,0.0
1732028903.725927,0.0,0.0,0.0
1732028903.7460933,0.0,0.0,0.0
1732028903.765835,0.0,0.0,0.0
1732028903.7865925,0.0,0.0,0.0
1732028903.807652,0.0,0.0,0.0
1732028903.8276355,0.0,0.0,0.0
1732028903.8463283,0.0,0.0,0.0
1732028903.866481,0.0,0.0,0.0
1732028903.893378,0.0,0.0,0.0
1732028903.9070966,0.0,0.0,0.0
1732028903.9283946,0.0,0.0,0.0
1732028903.9456005,0.0,0.0,0.0
1732028903.9659848,0.0,0.0,0.0
1732028903.9859536,0.0,0.0,0.0
1732028904.0057635,0.0,0.0,0.0
1732028904.0270212,0.0,0.0,0.0
1732028904.047053,0.0,0.0,0.0
1732028904.0661476,0.0,0.0,0.0
1732028904.0919738,0.0,0.0,0.0
1732028904.1073415,0.0,0.0,0.0
1732028904.1270525,0.0,0.0,0.0
1732028904.148505,0.0,0.0,0.0
1732028904.1665473,0.0,0.0,0.0
1732028904.1871555,0.0,0.0,0.0
1732028904.2071056,0.0,0.0,0.0
1732028904.2289107,0.0,0.0,0.0
1732028904.2463682,0.0,0.0,0.0
1732028904.2679627,0.0,0.0,0.0
1732028904.285795,0.0,0.0,0.0
1732028904.3074389,0.0,0.0,0.0
1732028904.3276284,0.0,0.0,0.0
1732028904.3459318,0.0,0.0,0.0
1732028904.367417,0.0,0.0,0.0
1732028904.386334,0.0,0.0,0.0
1732028904.409981,0.0,0.0,0.0
1732028904.428126,0.0,0.0,0.0
1732028904.446518,0.0,0.0,0.0
1732028904.4676797,0.0,0.0,0.0
1732028904.4869728,0.0,0.0,0.0
1732028904.5057232,0.0,0.0,0.0
1732028904.527073,0.0,0.0,0.0
1732028904.5462441,0.0,0.0,0.0
1732028904.5661685,0.0,0.0,0.0
1732028904.5862577,0.0,0.0,0.0
1732028904.6056688,0.0,0.0,0.0
1732028904.627093,0.0,0.0,0.0
1732028904.647315,0.0,0.0,0.0
1732028904.6659138,0.0,0.0,0.0
1732028904.6895716,0.0,0.0,0.0
1732028904.7085462,0.0,0.0,0.0
1732028904.7262778,0.0,0.0,0.0
