1732028051.3951106,-0.23,0.0
1732028051.3955972,-0.23,0.0
1732028051.4181151,-0.23,0.0
1732028051.436022,-0.23,0.0
1732028051.455536,-0.23,0.0
1732028051.4759266,-0.23,0.0
1732028051.4962711,-0.23,0.0
1732028051.5168443,-0.23,0.0
1732028051.5369306,-0.23,0.0
1732028051.5566764,-0.23,0.0
1732028051.5765834,-0.23,0.0
1732028051.5960097,-0.23,0.0
1732028051.6163,-0.23,0.0
1732028051.6368687,-0.23,0.0
1732028051.6569283,-0.23,0.0
1732028051.6769538,-0.23,0.0
1732028051.6959527,-0.23,0.0
1732028051.7178073,-0.23,0.0
1732028051.7361534,-0.23,0.0
1732028051.7556815,-0.23,0.0
1732028051.776359,-0.23,0.0
1732028051.79551,-0.23,0.0
1732028051.8171682,-0.23,0.0
1732028051.8361328,-0.23,0.0
1732028051.8555849,-0.23,0.0
1732028051.8769405,-0.23,0.0
1732028051.8964932,-0.23,0.0
1732028051.916568,-0.23,0.0
1732028051.9365072,-0.23,0.0
1732028051.9603505,-0.23,0.0
1732028051.9763064,-0.23,0.0
1732028051.996995,-0.23,0.0
1732028052.020989,-0.19,0.16
1732028052.0369282,-0.19,0.16
1732028052.055437,-0.19,0.16
1732028052.0759454,0.08,0.29
1732028052.0956383,0.08,0.29
1732028052.1159117,0.19,0.39
1732028052.1386387,0.19,0.39
1732028052.15589,0.19,0.39
1732028052.1759133,0.25,0.46
1732028052.1960812,0.25,0.46
1732028052.2155952,0.28,0.52
1732028052.2354336,0.28,0.52
1732028052.2555676,0.28,0.52
1732028052.275448,0.3,0.57
1732028052.2955077,0.3,0.57
1732028052.3158052,0.31,0.61
1732028052.3355627,0.31,0.61
1732028052.3553398,0.31,0.61
1732028052.3755822,0.32,0.63
1732028052.3965735,0.32,0.63
1732028052.4155288,0.32,0.65
1732028052.4353974,0.32,0.65
1732028052.4569652,0.32,0.65
1732028052.4771104,0.32,0.67
1732028052.4955173,0.32,0.67
1732028052.5192547,0.32,0.68
1732028052.5358794,0.32,0.68
1732028052.5580206,0.32,0.68
1732028052.576128,0.32,0.69
1732028052.595576,0.32,0.69
1732028052.6176744,0.32,0.69
1732028052.6378963,0.32,0.69
1732028052.6560276,0.32,0.69
1732028052.6775362,0.32,0.7
1732028052.6973035,0.32,0.7
1732028052.7176511,0.31,0.7
1732028052.7356508,0.31,0.7
1732028052.756595,0.31,0.7
1732028052.77667,0.31,0.7
1732028052.7965026,0.31,0.7
1732028052.817632,0.31,0.7
1732028052.836627,0.31,0.7
1732028052.856198,0.31,0.7
1732028052.8755734,0.3,0.7
1732028052.8957534,0.3,0.7
1732028052.9156485,0.3,0.7
1732028052.9362113,0.3,0.7
1732028052.956389,0.3,0.7
1732028052.978738,0.29,0.7
1732028052.9960623,0.29,0.7
1732028053.0157678,0.29,0.7
1732028053.0367563,0.29,0.7
1732028053.0564866,0.29,0.7
1732028053.0758982,0.28,0.7
1732028053.0958822,0.28,0.7
1732028053.116026,0.28,0.7
1732028053.1365764,0.28,0.7
1732028053.1569495,0.28,0.7
1732028053.1761217,0.27,0.7
1732028053.195908,0.27,0.7
1732028053.2173188,0.27,0.7
1732028053.235853,0.27,0.7
1732028053.2562544,0.27,0.7
1732028053.2761023,0.27,0.7
1732028053.2958784,0.27,0.7
1732028053.316108,0.26,0.7
1732028053.3361347,0.26,0.7
1732028053.3559055,0.26,0.7
1732028053.3782916,0.26,0.7
1732028053.3955877,0.26,0.7
1732028053.4186378,0.25,0.7
1732028053.4364867,0.25,0.7
1732028053.4567444,0.25,0.7
1732028053.4768403,0.25,0.7
1732028053.4979858,0.25,0.7
1732028053.51636,0.24,0.7
1732028053.536514,0.24,0.7
1732028053.5564706,0.24,0.7
1732028053.5772145,0.24,0.7
1732028053.5963058,0.24,0.7
1732028053.6158638,0.23,0.7
1732028053.6358185,0.23,0.7
1732028053.656071,0.23,0.7
1732028053.6754858,0.23,0.7
1732028053.697273,0.23,0.7
1732028053.7157886,0.22,0.7
1732028053.7355282,0.22,0.7
1732028053.7554147,0.22,0.7
1732028053.7754748,0.22,0.7
1732028053.7970653,0.22,0.7
1732028053.8155303,0.22,0.7
1732028053.8365717,0.22,0.7
1732028053.8563876,0.22,0.7
1732028053.877746,0.21,0.7
1732028053.895447,0.21,0.7
1732028053.9160566,0.21,0.7
1732028053.9358099,0.21,0.7
1732028053.9590435,0.21,0.7
1732028053.975832,0.2,0.7
1732028053.9960506,0.2,0.7
1732028054.0154986,0.2,0.7
1732028054.036651,0.2,0.7
1732028054.0558703,0.2,0.7
1732028054.0758944,0.19,0.7
1732028054.0963023,0.19,0.7
1732028054.1176038,0.19,0.7
1732028054.1362581,0.19,0.7
1732028054.156107,0.19,0.7
1732028054.1759403,0.18,0.7
1732028054.197115,0.18,0.7
1732028054.2179403,0.18,0.7
1732028054.235784,0.18,0.7
1732028054.2554307,0.18,0.7
1732028054.275493,0.18,0.7
1732028054.295829,0.18,0.7
1732028054.3155482,0.17,0.7
1732028054.3360448,0.17,0.7
1732028054.356166,0.17,0.7
1732028054.3772826,0.17,0.7
1732028054.3966987,0.17,0.7
1732028054.4176903,0.16,0.7
1732028054.4355915,0.16,0.7
1732028054.455616,0.16,0.7
1732028054.476115,0.16,0.7
1732028054.4956617,0.16,0.7
1732028054.5188477,0.15,0.7
1732028054.5355017,0.15,0.7
1732028054.556014,0.15,0.7
1732028054.5771108,0.15,0.7
1732028054.600091,0.15,0.7
1732028054.6185079,0.15,0.7
1732028054.6412168,0.15,0.7
1732028054.656718,0.15,0.7
1732028054.6765597,0.14,0.7
1732028054.696803,0.14,0.7
1732028054.717484,0.14,0.7
1732028054.7360022,0.14,0.7
1732028054.7557118,0.14,0.7
1732028054.7766933,0.13,0.7
1732028054.7958205,0.13,0.7
1732028054.817942,0.13,0.7
1732028054.8367398,0.13,0.7
1732028054.8556762,0.13,0.7
1732028054.8771071,0.12,0.7
1732028054.895755,0.12,0.7
1732028054.9154954,0.12,0.7
1732028054.9354382,0.12,0.7
1732028054.955482,0.12,0.7
1732028054.9779134,0.12,0.7
1732028055.0030482,0.12,0.7
1732028055.015842,0.11,0.7
1732028055.0399582,0.11,0.7
1732028055.0659935,0.11,0.7
1732028055.0769618,0.11,0.7
1732028055.096293,0.11,0.7
1732028055.1163416,0.11,0.7
1732028055.1356401,0.11,0.7
1732028055.1555183,0.11,0.7
1732028055.1755052,0.1,0.7
1732028055.1963022,0.1,0.7
1732028055.2157137,0.1,0.7
1732028055.235759,0.1,0.7
1732028055.2558208,0.1,0.7
1732028055.2754471,0.09,0.7
1732028055.2957442,0.09,0.7
1732028055.3158898,0.09,0.7
1732028055.3360837,0.09,0.7
1732028055.3561592,0.09,0.7
1732028055.3760858,0.09,0.7
1732028055.3956141,0.09,0.7
1732028055.4156206,0.08,0.7
1732028055.435692,0.08,0.7
1732028055.4581373,0.08,0.7
1732028055.4758477,0.08,0.7
1732028055.4957018,0.08,0.7
1732028055.5162096,0.08,0.7
1732028055.5370235,0.08,0.7
1732028055.5566208,0.08,0.7
1732028055.5755868,0.08,0.7
1732028055.5956395,0.08,0.7
1732028055.617609,0.07,0.7
1732028055.6362805,0.07,0.7
1732028055.6565232,0.07,0.7
1732028055.6754537,0.07,0.7
1732028055.6965144,0.07,0.7
1732028055.7180905,0.14,0.7
1732028055.7372334,0.14,0.7
1732028055.7563162,0.14,0.7
1732028055.7755353,0.14,0.7
1732028055.7959485,0.14,0.7
1732028055.8158615,0.14,0.7
1732028055.8371627,0.14,0.7
1732028055.8575377,0.14,0.7
1732028055.8779578,0.14,0.7
1732028055.8962133,0.14,0.7
1732028055.9156568,0.14,0.7
1732028055.9362307,0.14,0.7
1732028055.9556088,0.14,0.7
1732028055.976597,0.14,0.7
1732028055.998637,0.14,0.7
1732028056.0159576,0.14,0.7
1732028056.0359669,0.14,0.7
1732028056.0577123,0.14,0.7
1732028056.0755055,0.14,0.7
1732028056.0954783,0.14,0.7
1732028056.1190739,0.14,0.7
1732028056.1371639,0.14,0.7
1732028056.155884,0.14,0.7
1732028056.1754313,0.14,0.7
1732028056.1963549,0.14,0.7
1732028056.2185497,0.14,0.7
1732028056.2366562,0.14,0.7
1732028056.2576222,0.14,0.7
1732028056.277903,0.14,0.7
1732028056.2984746,0.14,0.7
1732028056.3157916,0.14,0.7
1732028056.3363135,0.14,0.7
1732028056.360985,0.14,0.7
1732028056.376464,0.14,0.7
1732028056.396708,0.14,0.7
1732028056.415945,0.14,0.7
1732028056.4358315,0.14,0.7
1732028056.4554937,0.14,0.7
1732028056.4755185,0.14,0.7
1732028056.4967873,0.14,0.7
1732028056.517942,0.14,0.7
1732028056.5361924,0.14,0.7
1732028056.5556133,0.14,0.7
1732028056.5757432,0.14,0.7
1732028056.5966234,0.14,0.7
1732028056.6163468,0.14,0.7
1732028056.6396782,0.14,0.7
1732028056.6604447,0.14,0.7
1732028056.685038,0.14,0.7
1732028056.6995564,0.14,0.7
1732028056.715561,0.14,0.7
1732028056.7358947,0.14,0.7
1732028056.7556114,0.14,0.7
1732028056.7757475,0.14,0.7
1732028056.7957616,0.14,0.7
1732028056.817434,0.14,0.7
1732028056.835569,0.14,0.7
1732028056.8609188,0.14,0.7
1732028056.8768327,0.15,0.7
1732028056.8987,0.15,0.7
1732028056.916272,0.15,0.7
1732028056.9359214,0.15,0.7
1732028056.9555159,0.15,0.7
1732028056.9756768,0.15,0.7
1732028056.9975376,0.15,0.7
1732028057.0166142,0.15,0.7
1732028057.0365856,0.15,0.7
1732028057.055997,0.15,0.7
1732028057.0762496,0.15,0.7
1732028057.0955217,0.15,0.7
1732028057.115599,0.15,0.7
1732028057.1356268,0.15,0.7
1732028057.155647,0.15,0.7
1732028057.175717,0.15,0.7
1732028057.1956353,0.15,0.7
1732028057.2161646,0.15,0.7
1732028057.2359293,0.15,0.7
1732028057.2558753,0.15,0.7
1732028057.2762465,0.15,0.7
1732028057.2959924,0.15,0.7
1732028057.318019,0.16,0.7
1732028057.3367915,0.16,0.7
1732028057.356478,0.16,0.7
1732028057.3757174,0.16,0.7
1732028057.3962693,0.16,0.7
1732028057.418092,0.16,0.7
1732028057.4362452,0.16,0.7
1732028057.455889,0.16,0.7
1732028057.4771903,0.16,0.7
1732028057.500698,0.16,0.7
1732028057.516568,0.16,0.7
1732028057.5357175,0.16,0.7
1732028057.555589,0.16,0.7
1732028057.5756774,0.16,0.7
1732028057.5956917,0.16,0.7
1732028057.6156776,0.16,0.7
1732028057.635609,0.16,0.7
1732028057.655845,0.16,0.7
1732028057.6756506,0.16,0.7
1732028057.6998286,0.16,0.7
1732028057.7179964,0.16,0.7
1732028057.7367444,0.16,0.7
1732028057.756402,0.16,0.7
1732028057.7760513,0.16,0.7
1732028057.7957916,0.16,0.7
1732028057.8155723,0.17,0.7
1732028057.8363538,0.17,0.7
1732028057.8569994,0.17,0.7
1732028057.875658,0.17,0.7
1732028057.8970392,0.17,0.7
1732028057.9161003,0.17,0.7
1732028057.9354725,0.17,0.7
1732028057.9559228,0.17,0.7
1732028057.976504,0.17,0.7
1732028057.9975958,0.17,0.7
1732028058.016065,0.17,0.7
1732028058.038028,0.17,0.7
1732028058.057493,0.17,0.7
1732028058.076114,0.17,0.7
1732028058.095749,0.17,0.7
1732028058.1156824,0.17,0.7
1732028058.1355443,0.17,0.7
1732028058.1570227,0.17,0.7
1732028058.1754253,0.17,0.7
1732028058.196498,0.17,0.7
1732028058.2164428,0.17,0.7
1732028058.2363956,0.17,0.7
1732028058.2558813,0.17,0.7
1732028058.276298,0.18,0.7
1732028058.2967527,0.18,0.7
1732028058.3157756,0.18,0.7
1732028058.3358252,0.18,0.7
1732028058.359734,0.18,0.7
1732028058.377076,0.18,0.7
1732028058.3956041,0.18,0.7
1732028058.4163315,0.18,0.7
1732028058.436627,0.18,0.7
1732028058.4555564,0.18,0.7
1732028058.476956,0.18,0.7
1732028058.495481,0.18,0.7
1732028058.517688,0.18,0.7
1732028058.5366027,0.18,0.7
1732028058.5570219,0.18,0.7
1732028058.576221,0.18,0.7
1732028058.596235,0.18,0.7
1732028058.6159184,0.18,0.7
1732028058.6376054,0.18,0.7
1732028058.655493,0.18,0.7
1732028058.6756847,0.18,0.7
1732028058.6973104,0.18,0.7
1732028058.716047,0.18,0.7
1732028058.7363107,0.18,0.7
1732028058.7569995,0.18,0.7
1732028058.7757144,0.18,0.7
1732028058.796735,0.18,0.7
1732028058.816749,0.19,0.7
1732028058.8364043,0.19,0.7
1732028058.85574,0.19,0.7
1732028058.8762128,0.19,0.7
1732028058.8954089,0.19,0.7
1732028058.917749,0.19,0.7
1732028058.935798,0.19,0.7
1732028058.9578948,0.19,0.7
1732028058.9754088,0.19,0.7
1732028058.9954014,0.19,0.7
1732028059.0170271,0.19,0.7
1732028059.0366805,0.19,0.7
1732028059.0562325,0.19,0.7
1732028059.0768273,0.19,0.7
1732028059.0967155,0.19,0.7
1732028059.1169565,0.19,0.7
1732028059.136608,0.19,0.7
1732028059.1557755,0.19,0.7
1732028059.181968,0.19,0.7
1732028059.198176,0.19,0.7
1732028059.2155313,0.19,0.7
1732028059.2379134,0.19,0.7
1732028059.2576141,0.19,0.7
1732028059.2769518,0.19,0.7
1732028059.2971246,0.19,0.7
1732028059.316017,0.19,0.7
1732028059.3382075,0.19,0.7
1732028059.3572373,0.19,0.7
1732028059.3766313,0.19,0.7
1732028059.3983033,0.19,0.7
1732028059.4159503,0.19,0.7
1732028059.4402356,0.19,0.7
1732028059.4557729,0.19,0.7
1732028059.4759076,0.19,0.7
1732028059.496747,0.19,0.7
1732028059.5154405,0.19,0.7
1732028059.5356538,0.19,0.7
1732028059.5561833,0.19,0.7
1732028059.5757623,0.19,0.7
1732028059.595944,0.19,0.7
1732028059.6155798,0.2,0.7
1732028059.6362066,0.2,0.7
1732028059.655703,0.2,0.7
1732028059.675346,0.2,0.7
1732028059.6954799,0.2,0.7
1732028059.7162764,0.2,0.7
1732028059.7355323,0.2,0.7
1732028059.755574,0.2,0.7
1732028059.7762945,0.2,0.7
1732028059.7962058,0.2,0.7
1732028059.8159654,0.2,0.7
1732028059.8361745,0.2,0.7
1732028059.8562775,0.2,0.7
1732028059.877589,0.2,0.7
1732028059.896711,0.2,0.7
1732028059.9161034,0.2,0.7
1732028059.9369748,0.2,0.7
1732028059.9560943,0.2,0.7
1732028059.9754,0.2,0.7
1732028059.9980094,0.2,0.7
1732028060.0156271,0.2,0.7
1732028060.0369291,0.2,0.7
1732028060.0555735,0.2,0.7
1732028060.0764973,0.2,0.7
1732028060.0959013,0.2,0.7
1732028060.1158304,0.2,0.7
1732028060.136832,0.2,0.7
1732028060.1553807,0.2,0.7
1732028060.1780965,0.2,0.7
1732028060.1955183,0.2,0.7
1732028060.215513,0.2,0.7
1732028060.2357352,0.2,0.7
1732028060.2566824,0.2,0.7
1732028060.276485,0.2,0.7
1732028060.2974231,0.2,0.7
1732028060.3175004,0.2,0.7
1732028060.3384197,0.2,0.7
1732028060.3580518,0.2,0.7
1732028060.3778203,0.2,0.7
1732028060.3975062,0.2,0.7
1732028060.415586,0.2,0.7
1732028060.435974,0.2,0.7
1732028060.45727,0.2,0.7
1732028060.475971,0.2,0.7
1732028060.4954028,0.2,0.7
1732028060.5157743,0.2,0.7
1732028060.5354645,0.2,0.7
1732028060.555489,0.2,0.7
1732028060.5763788,0.2,0.7
1732028060.5967104,0.2,0.7
1732028060.615717,0.2,0.7
1732028060.6355498,0.2,0.7
1732028060.6555183,0.2,0.7
1732028060.6766925,0.2,0.7
1732028060.6969461,0.2,0.7
1732028060.715986,0.2,0.7
1732028060.7360525,0.2,0.7
1732028060.7560384,0.2,0.7
1732028060.7759988,0.2,0.7
1732028060.796281,0.2,0.7
1732028060.815489,0.19,0.7
1732028060.835493,0.19,0.7
1732028060.8557742,0.19,0.7
1732028060.8757484,0.19,0.7
1732028060.8955112,0.19,0.7
1732028060.9159396,0.19,0.7
1732028060.9362335,0.19,0.7
1732028060.9556625,0.19,0.7
1732028060.9783685,0.19,0.7
1732028060.9972913,0.19,0.7
1732028061.0158575,0.19,0.7
1732028061.0355291,0.19,0.7
1732028061.056477,0.19,0.7
1732028061.0759296,0.19,0.7
1732028061.0962782,0.19,0.7
1732028061.1163042,0.19,0.7
1732028061.1360502,0.19,0.7
1732028061.1556504,0.19,0.7
1732028061.1766593,0.19,0.7
1732028061.1964054,0.19,0.7
1732028061.2171252,0.19,0.7
1732028061.2363553,0.19,0.7
1732028061.2555692,0.19,0.7
1732028061.2766533,0.19,0.7
1732028061.2966,0.19,0.7
1732028061.3170018,0.19,0.7
1732028061.335994,0.19,0.7
1732028061.3564675,0.19,0.7
1732028061.3774905,0.19,0.7
1732028061.395738,0.19,0.7
1732028061.4156692,0.19,0.7
1732028061.435447,0.19,0.7
1732028061.4557445,0.19,0.7
1732028061.4768646,0.19,0.7
1732028061.496536,0.19,0.7
1732028061.5168505,0.19,0.7
1732028061.5354877,0.19,0.7
1732028061.5564678,0.19,0.7
1732028061.5758233,0.19,0.7
1732028061.6004512,0.19,0.7
1732028061.6182115,0.19,0.7
1732028061.6355765,0.19,0.7
1732028061.6568456,0.19,0.7
1732028061.6758356,0.19,0.7
1732028061.6967578,0.19,0.7
1732028061.7189322,0.19,0.7
1732028061.7360017,0.19,0.7
1732028061.755577,0.19,0.7
1732028061.7758496,0.19,0.7
1732028061.7954724,0.19,0.7
1732028061.8155787,0.18,0.7
1732028061.835535,0.18,0.7
1732028061.855478,0.18,0.7
1732028061.8754876,0.18,0.7
1732028061.8954847,0.18,0.7
1732028061.9154425,0.18,0.7
1732028061.936075,0.18,0.7
1732028061.9565468,0.18,0.7
1732028061.9785883,0.18,0.7
1732028061.9959095,0.18,0.7
1732028062.01595,0.18,0.7
1732028062.0361376,0.18,0.7
1732028062.0555081,0.18,0.7
1732028062.0766094,0.18,0.7
1732028062.0956888,0.18,0.7
1732028062.115491,0.18,0.7
1732028062.135955,0.18,0.7
1732028062.1563468,0.18,0.7
1732028062.176034,0.18,0.7
1732028062.1961946,0.18,0.7
1732028062.2156448,0.18,0.7
1732028062.2362115,0.18,0.7
1732028062.2605274,0.18,0.7
1732028062.2758543,0.18,0.7
1732028062.2960079,0.18,0.7
1732028062.3160799,0.18,0.7
1732028062.335576,0.18,0.7
1732028062.3555815,0.18,0.7
1732028062.3806837,0.18,0.7
1732028062.3957293,0.18,0.7
1732028062.416289,0.18,0.7
1732028062.4359696,0.18,0.7
1732028062.4559243,0.18,0.7
1732028062.4763272,0.18,0.7
1732028062.4980087,0.18,0.7
1732028062.5176966,0.18,0.7
1732028062.5355365,0.18,0.7
1732028062.5584238,0.18,0.7
1732028062.575452,0.18,0.7
1732028062.5963817,0.18,0.7
1732028062.6167042,0.17,0.7
1732028062.6355326,0.17,0.7
1732028062.6556556,0.17,0.7
1732028062.675517,0.17,0.7
1732028062.6973617,0.17,0.7
1732028062.7156053,0.17,0.7
1732028062.736203,0.17,0.7
1732028062.7555425,0.17,0.7
1732028062.7754633,0.17,0.7
1732028062.796947,0.17,0.7
1732028062.8155706,0.17,0.7
1732028062.8357787,0.17,0.7
1732028062.8580158,0.17,0.7
1732028062.8769984,0.17,0.7
1732028062.895582,0.17,0.7
1732028062.915594,0.17,0.7
1732028062.936028,0.17,0.7
1732028062.9555051,0.17,0.7
1732028062.9755511,0.17,0.7
1732028062.9968402,0.17,0.7
1732028063.0156426,0.17,0.7
1732028063.035557,0.17,0.7
1732028063.056621,0.17,0.7
1732028063.0757537,0.17,0.7
1732028063.0954847,0.17,0.7
1732028063.1155097,0.17,0.7
1732028063.1354167,0.17,0.7
1732028063.1556373,0.17,0.7
1732028063.1757345,0.17,0.7
1732028063.1956267,0.17,0.7
1732028063.2170901,0.17,0.7
1732028063.2354388,0.17,0.7
1732028063.2560177,0.17,0.7
1732028063.2764297,0.17,0.7
1732028063.295986,0.17,0.7
1732028063.3198504,0.17,0.7
1732028063.3372464,0.17,0.7
1732028063.3602526,0.17,0.7
1732028063.3783445,0.17,0.7
1732028063.3958743,0.17,0.7
1732028063.4155855,0.17,0.7
1732028063.43558,0.17,0.7
1732028063.456376,0.17,0.7
1732028063.4766066,0.17,0.7
1732028063.4971638,0.17,0.7
1732028063.5195284,0.16,0.7
1732028063.5384657,0.16,0.7
1732028063.5596917,0.16,0.7
1732028063.575812,0.16,0.7
1732028063.598892,0.16,0.7
1732028063.6174362,0.16,0.7
1732028063.6362576,0.16,0.7
1732028063.6585872,0.16,0.7
1732028063.6764698,0.16,0.7
1732028063.695771,0.16,0.7
1732028063.7183616,0.16,0.7
1732028063.735767,0.16,0.7
1732028063.7596147,0.16,0.7
1732028063.7759745,0.16,0.7
1732028063.7965894,0.16,0.7
1732028063.8187294,0.16,0.7
1732028063.8365312,0.16,0.7
1732028063.8560398,0.16,0.7
1732028063.8754756,0.16,0.7
1732028063.8955338,0.16,0.7
1732028063.9154675,0.16,0.7
1732028063.937305,0.16,0.7
1732028063.9566445,0.16,0.7
1732028063.9770775,0.16,0.7
1732028063.9961944,0.16,0.7
1732028064.0191271,0.16,0.7
1732028064.040889,0.16,0.7
1732028064.0605316,0.16,0.7
1732028064.076347,0.16,0.7
1732028064.0960824,0.16,0.7
1732028064.117893,0.16,0.7
1732028064.135712,0.16,0.7
1732028064.1564455,0.16,0.7
1732028064.1763308,0.16,0.7
1732028064.197341,0.16,0.7
1732028064.2160513,0.16,0.7
1732028064.235522,0.16,0.7
1732028064.2556505,0.16,0.7
1732028064.2768738,0.16,0.7
1732028064.2955496,0.16,0.7
1732028064.3197105,0.16,0.7
1732028064.337367,0.16,0.7
1732028064.35769,0.16,0.7
1732028064.378675,0.16,0.7
1732028064.3963568,0.16,0.7
1732028064.4188702,0.16,0.7
1732028064.4356365,0.16,0.7
1732028064.456105,0.16,0.7
1732028064.4759033,0.16,0.7
1732028064.4958687,0.16,0.7
1732028064.51577,0.16,0.7
1732028064.5376399,0.16,0.7
1732028064.5559025,0.16,0.7
1732028064.5763078,0.16,0.7
1732028064.5968695,0.16,0.7
1732028064.6165102,0.16,0.7
1732028064.6359544,0.16,0.7
1732028064.6558433,0.16,0.7
1732028064.6775084,0.16,0.7
1732028064.697236,0.16,0.7
1732028064.7159977,0.16,0.7
1732028064.7356036,0.16,0.7
1732028064.7573323,0.16,0.7
1732028064.7779377,0.16,0.7
1732028064.7982967,0.16,0.7
1732028064.8182414,0.16,0.7
1732028064.837183,0.16,0.7
1732028064.8563437,0.16,0.7
1732028064.8755434,0.16,0.7
1732028064.8968914,0.16,0.7
1732028064.9155402,0.16,0.7
1732028064.9358525,0.16,0.7
1732028064.9556365,0.16,0.7
1732028064.975495,0.16,0.7
1732028064.9979658,0.16,0.7
1732028065.0157049,0.16,0.7
1732028065.0363452,0.16,0.7
1732028065.0560634,0.16,0.7
1732028065.0810266,0.16,0.7
1732028065.0956178,0.16,0.7
1732028065.1163216,0.16,0.7
1732028065.1368084,0.16,0.7
1732028065.1572032,0.16,0.7
1732028065.1756084,0.16,0.7
1732028065.195688,0.16,0.7
1732028065.2168274,0.16,0.7
1732028065.2356846,0.16,0.7
1732028065.2565377,0.16,0.7
1732028065.2762685,0.16,0.7
1732028065.296516,0.16,0.7
1732028065.3160565,0.16,0.7
1732028065.335606,0.16,0.7
1732028065.3603842,0.16,0.7
1732028065.3754866,0.16,0.7
1732028065.396493,0.16,0.7
1732028065.4159129,0.16,0.7
1732028065.4366488,0.16,0.7
1732028065.4555364,0.16,0.7
1732028065.4776583,0.16,0.7
1732028065.4975522,0.16,0.7
1732028065.5164363,0.16,0.7
1732028065.536006,0.16,0.7
1732028065.5582862,0.16,0.7
1732028065.576312,0.16,0.7
1732028065.5994365,0.16,0.7
1732028065.6154978,0.16,0.7
1732028065.635469,0.16,0.7
1732028065.656055,0.16,0.7
1732028065.6785982,0.16,0.7
1732028065.6971674,0.16,0.7
1732028065.7157505,0.16,0.7
1732028065.736279,0.16,0.7
1732028065.7560606,0.16,0.7
1732028065.7763503,0.16,0.7
1732028065.7962906,0.16,0.7
1732028065.8155997,0.16,0.7
1732028065.8360248,0.16,0.7
1732028065.8571982,0.16,0.7
1732028065.8761642,0.16,0.7
1732028065.8966007,0.16,0.7
1732028065.9155512,0.16,0.7
1732028065.935534,0.16,0.7
1732028065.9555767,0.16,0.7
1732028065.975648,0.16,0.7
1732028065.996729,0.16,0.7
1732028066.0173259,0.16,0.7
1732028066.0370936,0.16,0.7
1732028066.056653,0.16,0.7
1732028066.0758038,0.16,0.7
1732028066.0965374,0.16,0.7
1732028066.1155431,0.16,0.7
1732028066.1355376,0.16,0.7
1732028066.1556592,0.16,0.7
1732028066.1891096,0.16,0.7
1732028066.1958244,0.16,0.7
1732028066.216701,0.16,0.7
1732028066.2368782,0.16,0.7
1732028066.256623,0.16,0.7
1732028066.2765057,0.16,0.7
1732028066.2965958,0.16,0.7
1732028066.3154514,0.16,0.7
1732028066.335584,0.16,0.7
1732028066.357048,0.16,0.7
1732028066.377139,0.16,0.7
1732028066.395705,0.16,0.7
1732028066.41666,0.16,0.7
1732028066.4362726,0.16,0.7
1732028066.4619966,0.16,0.7
1732028066.4762204,0.16,0.7
1732028066.4956095,0.16,0.7
1732028066.515913,0.16,0.7
1732028066.537055,0.16,0.7
1732028066.5561845,0.16,0.7
1732028066.5767384,0.16,0.7
1732028066.5972593,0.16,0.7
1732028066.6182988,0.16,0.7
1732028066.6362355,0.16,0.7
1732028066.655514,0.16,0.7
1732028066.6757193,0.17,0.7
1732028066.6954658,0.17,0.7
1732028066.7155652,0.17,0.7
1732028066.736464,0.17,0.7
1732028066.7559464,0.17,0.7
1732028066.7763143,0.17,0.7
1732028066.7974398,0.17,0.7
1732028066.8159266,0.17,0.7
1732028066.8363373,0.17,0.7
1732028066.8563094,0.17,0.7
1732028066.875751,0.17,0.7
1732028066.8960674,0.17,0.7
1732028066.9156256,0.17,0.7
1732028066.9370327,0.17,0.7
1732028066.955595,0.17,0.7
1732028066.9761817,0.17,0.7
1732028066.9988518,0.17,0.7
1732028067.0177267,0.17,0.7
1732028067.0356643,0.17,0.7
1732028067.064394,0.17,0.7
1732028067.0762765,0.17,0.7
1732028067.0958383,0.17,0.7
1732028067.1157005,0.17,0.7
1732028067.137265,0.17,0.7
1732028067.155636,0.17,0.7
1732028067.1754775,0.17,0.7
1732028067.1963294,0.17,0.7
1732028067.215523,0.17,0.7
1732028067.2376351,0.17,0.7
1732028067.2554412,0.17,0.7
1732028067.2762237,0.17,0.7
1732028067.296285,0.17,0.7
1732028067.315614,0.17,0.7
1732028067.3356018,0.17,0.7
1732028067.3603518,0.17,0.7
1732028067.3759296,0.17,0.7
1732028067.3965821,0.17,0.7
1732028067.4157999,0.17,0.7
1732028067.4365537,0.17,0.7
1732028067.4563558,0.17,0.7
1732028067.475829,0.17,0.7
1732028067.4974325,0.17,0.7
1732028067.5178845,0.17,0.7
1732028067.5373614,0.17,0.7
1732028067.5560045,0.17,0.7
1732028067.575415,0.17,0.7
1732028067.5958812,0.17,0.7
1732028067.6160953,0.17,0.7
1732028067.636388,0.17,0.7
1732028067.656772,0.17,0.7
1732028067.6808658,0.17,0.7
1732028067.697509,0.17,0.7
1732028067.7192614,0.17,0.7
1732028067.7357464,0.17,0.7
1732028067.7554073,0.17,0.7
1732028067.7763476,0.17,0.7
1732028067.7966063,0.17,0.7
1732028067.8171616,0.17,0.7
1732028067.8364475,0.17,0.7
1732028067.8568013,0.17,0.7
1732028067.8767803,0.18,0.7
1732028067.8961167,0.18,0.7
1732028067.916899,0.18,0.7
1732028067.9355037,0.18,0.7
1732028067.9556825,0.18,0.7
1732028067.9755032,0.18,0.7
1732028067.9961467,0.18,0.7
1732028068.016251,0.18,0.7
1732028068.0356565,0.18,0.7
1732028068.0563653,0.18,0.7
1732028068.075725,0.18,0.7
1732028068.0957398,0.18,0.7
1732028068.1168752,0.18,0.7
1732028068.1355097,0.18,0.7
1732028068.1555827,0.18,0.7
1732028068.1755564,0.18,0.7
1732028068.19554,0.18,0.7
1732028068.2160888,0.18,0.7
1732028068.23548,0.18,0.7
1732028068.257681,0.18,0.7
1732028068.2759347,0.18,0.7
1732028068.2956018,0.18,0.7
1732028068.3165963,0.18,0.7
1732028068.3369222,0.18,0.7
1732028068.3560202,0.18,0.7
1732028068.3776104,0.18,0.7
1732028068.3967915,0.18,0.7
1732028068.4157798,0.18,0.7
1732028068.4357507,0.18,0.7
1732028068.456089,0.18,0.7
1732028068.4759874,0.18,0.7
1732028068.4963658,0.18,0.7
1732028068.51734,0.18,0.7
1732028068.5355523,0.18,0.7
1732028068.5554538,0.18,0.7
1732028068.575846,0.18,0.7
1732028068.5956717,0.18,0.7
1732028068.616372,0.18,0.7
1732028068.6358151,0.18,0.7
1732028068.6557183,0.18,0.7
1732028068.6755755,0.18,0.7
1732028068.6962833,0.18,0.7
1732028068.716529,0.18,0.7
1732028068.7362297,0.18,0.7
1732028068.7561388,0.18,0.7
1732028068.776224,0.18,0.7
1732028068.795912,0.18,0.7
1732028068.8156044,0.18,0.7
1732028068.8355587,0.18,0.7
1732028068.858231,0.18,0.7
1732028068.8756108,0.18,0.7
1732028068.8957796,0.18,0.7
1732028068.915598,0.18,0.7
1732028068.9356415,0.18,0.7
1732028068.9556186,0.18,0.7
1732028068.9767542,0.18,0.7
1732028068.995839,0.18,0.7
1732028069.0155964,0.18,0.7
1732028069.0362365,0.18,0.7
1732028069.0554512,0.18,0.7
1732028069.075596,0.18,0.7
1732028069.0968747,0.18,0.7
1732028069.1159995,0.18,0.7
1732028069.1365857,0.18,0.7
1732028069.157182,0.18,0.7
1732028069.1758711,0.18,0.7
1732028069.1954591,0.18,0.7
1732028069.2159054,0.18,0.7
1732028069.23758,0.18,0.7
1732028069.2596874,0.18,0.7
1732028069.2761414,0.18,0.7
1732028069.2978115,0.18,0.7
1732028069.315976,0.18,0.7
1732028069.3363094,0.18,0.7
1732028069.355492,0.18,0.7
1732028069.37591,0.18,0.7
1732028069.3959324,0.18,0.7
1732028069.4162612,0.19,0.7
1732028069.4354668,0.19,0.7
1732028069.4560215,0.19,0.7
1732028069.4758983,0.19,0.7
1732028069.4963841,0.19,0.7
1732028069.5180266,0.19,0.7
1732028069.5356085,0.19,0.7
1732028069.5555532,0.19,0.7
1732028069.5765312,0.19,0.7
1732028069.5953655,0.19,0.7
1732028069.6155272,0.19,0.7
1732028069.6354213,0.19,0.7
1732028069.6565561,0.19,0.7
1732028069.6770918,0.19,0.7
1732028069.6991432,0.19,0.7
1732028069.7156684,0.19,0.7
1732028069.736573,0.19,0.7
1732028069.7559,0.19,0.7
1732028069.7760699,0.19,0.7
1732028069.7968748,0.19,0.7
1732028069.8171446,0.19,0.7
1732028069.836233,0.19,0.7
1732028069.8554394,0.19,0.7
1732028069.8781726,0.19,0.7
1732028069.8963928,0.19,0.7
1732028069.915394,0.19,0.7
1732028069.935517,0.19,0.7
1732028069.9553916,0.19,0.7
1732028069.975483,0.19,0.7
1732028069.9957194,0.19,0.7
1732028070.0159802,0.19,0.7
1732028070.0359094,0.19,0.7
1732028070.0556514,0.19,0.7
1732028070.0756106,0.19,0.7
1732028070.0954747,0.19,0.7
1732028070.1155908,0.19,0.7
1732028070.1354866,0.19,0.7
1732028070.1567943,0.19,0.7
1732028070.1756415,0.19,0.7
1732028070.1963513,0.19,0.7
1732028070.2162123,0.19,0.7
1732028070.2363586,0.19,0.7
1732028070.256068,0.19,0.7
1732028070.2759964,0.19,0.7
1732028070.2956583,0.19,0.7
1732028070.3154726,0.19,0.7
1732028070.3357735,0.19,0.7
1732028070.3555863,0.19,0.7
1732028070.3765962,0.19,0.7
1732028070.3959098,0.19,0.7
1732028070.4160464,0.19,0.7
1732028070.4376783,0.19,0.7
1732028070.455819,0.19,0.7
1732028070.4756923,0.19,0.7
1732028070.5009308,0.19,0.7
1732028070.5157518,0.19,0.7
1732028070.5355606,0.19,0.7
1732028070.5554874,0.19,0.7
1732028070.5760894,0.19,0.7
1732028070.5964785,0.19,0.7
1732028070.6169343,0.19,0.7
1732028070.636273,0.19,0.7
1732028070.656561,0.19,0.7
1732028070.6760085,0.19,0.7
1732028070.6958997,0.19,0.7
1732028070.7155235,0.19,0.7
1732028070.7360272,0.19,0.7
1732028070.755808,0.19,0.7
1732028070.7759132,0.19,0.7
1732028070.7960546,0.19,0.7
1732028070.816724,0.19,0.7
1732028070.8362134,0.19,0.7
1732028070.855555,0.19,0.7
1732028070.8763971,0.19,0.7
1732028070.8995535,0.19,0.7
1732028070.9159906,0.19,0.7
1732028070.9376657,0.19,0.7
1732028070.9558392,0.19,0.7
1732028070.9765418,0.19,0.7
1732028070.995858,0.19,0.7
1732028071.0157568,0.19,0.7
1732028071.0356476,0.19,0.7
1732028071.0555654,0.19,0.7
1732028071.0775967,0.19,0.7
1732028071.0958848,0.19,0.7
1732028071.1176488,0.19,0.7
1732028071.1371133,0.19,0.7
1732028071.1555665,0.19,0.7
1732028071.176615,0.19,0.7
1732028071.1956997,0.19,0.7
1732028071.2160013,0.19,0.7
1732028071.2355971,0.19,0.7
1732028071.258035,0.19,0.7
1732028071.2756698,0.19,0.7
1732028071.2989712,0.19,0.7
1732028071.316654,0.19,0.7
1732028071.3357008,0.19,0.7
1732028071.3559878,0.19,0.7
1732028071.3769643,0.19,0.7
1732028071.398374,0.19,0.7
1732028071.4160738,0.19,0.7
1732028071.4386678,0.19,0.7
1732028071.455689,0.19,0.7
1732028071.4755206,0.19,0.7
1732028071.497595,0.19,0.7
1732028071.5161586,0.19,0.7
1732028071.5367951,0.19,0.7
1732028071.5568318,0.19,0.7
1732028071.5759468,0.19,0.7
1732028071.5957336,0.19,0.7
1732028071.617711,0.19,0.7
1732028071.636596,0.19,0.7
1732028071.6558444,0.19,0.7
1732028071.6756907,0.19,0.7
1732028071.6955254,0.19,0.7
1732028071.7192194,0.19,0.7
1732028071.736594,0.19,0.7
1732028071.7564666,0.19,0.7
1732028071.7759068,0.19,0.7
1732028071.7964785,0.19,0.7
1732028071.8159473,0.19,0.7
1732028071.8362708,0.19,0.7
1732028071.856332,0.19,0.7
1732028071.877478,0.19,0.7
1732028071.8961453,0.19,0.7
1732028071.9165745,0.19,0.7
1732028071.9359884,0.19,0.7
1732028071.95543,0.19,0.7
1732028071.9757507,0.19,0.7
1732028071.9955,0.19,0.7
1732028072.019455,0.19,0.7
1732028072.038347,0.19,0.7
1732028072.0554442,0.19,0.7
1732028072.0759947,0.19,0.7
1732028072.0955427,0.19,0.7
1732028072.1156642,0.19,0.7
1732028072.136111,0.19,0.7
1732028072.155896,0.19,0.7
1732028072.1754525,0.19,0.7
1732028072.1969833,0.19,0.7
1732028072.2166855,0.19,0.7
1732028072.2358787,0.19,0.7
1732028072.256197,0.19,0.7
1732028072.2754426,0.19,0.7
1732028072.2974927,0.19,0.7
1732028072.3155425,0.19,0.7
1732028072.3364518,0.19,0.7
1732028072.3557508,0.19,0.7
1732028072.3776608,0.19,0.7
1732028072.3966231,0.19,0.7
1732028072.4155207,0.19,0.7
1732028072.4361672,0.19,0.7
1732028072.4563107,0.19,0.7
1732028072.4767933,0.19,0.7
1732028072.495539,0.19,0.7
1732028072.5155797,0.19,0.7
1732028072.5355184,0.19,0.7
1732028072.555819,0.19,0.7
1732028072.5765004,0.19,0.7
1732028072.6008224,0.19,0.7
1732028072.6167016,0.19,0.7
1732028072.6385808,0.19,0.7
1732028072.6577337,0.19,0.7
1732028072.675611,0.19,0.7
1732028072.6957386,0.19,0.7
1732028072.7155883,0.19,0.7
1732028072.7361379,0.19,0.7
1732028072.7575045,0.19,0.7
1732028072.776364,0.19,0.7
1732028072.7962515,0.19,0.7
1732028072.8158147,0.19,0.7
1732028072.836099,0.19,0.7
1732028072.8558104,0.19,0.7
1732028072.876031,0.19,0.7
1732028072.8955743,0.19,0.7
1732028072.916075,0.19,0.7
1732028072.9360158,0.19,0.7
1732028072.956271,0.19,0.7
1732028072.9758613,0.19,0.7
1732028072.9963117,0.19,0.7
1732028073.0157506,0.19,0.7
1732028073.0359287,0.19,0.7
1732028073.0560753,0.19,0.7
1732028073.0766058,0.19,0.7
1732028073.0954432,0.19,0.7
1732028073.1156907,0.19,0.7
1732028073.1355,0.19,0.7
1732028073.1556544,0.19,0.7
1732028073.1767113,0.19,0.7
1732028073.1963766,0.19,0.7
1732028073.215566,0.19,0.7
1732028073.2355525,0.19,0.7
1732028073.2555828,0.19,0.7
1732028073.2755342,0.19,0.7
1732028073.2963533,0.19,0.7
1732028073.3155234,0.19,0.7
1732028073.335448,0.19,0.7
1732028073.3568707,0.19,0.7
1732028073.3762705,0.19,0.7
1732028073.3956063,0.19,0.7
1732028073.4154706,0.19,0.7
1732028073.4359536,0.19,0.7
1732028073.4567385,0.19,0.7
1732028073.4796984,0.19,0.7
1732028073.4971745,0.19,0.7
1732028073.5161076,0.19,0.7
1732028073.536258,0.19,0.7
1732028073.55632,0.19,0.7
1732028073.5769868,0.19,0.7
1732028073.5964952,0.19,0.7
1732028073.6218283,0.19,0.7
1732028073.6387916,0.19,0.7
1732028073.6594,0.19,0.7
1732028073.679591,0.19,0.7
1732028073.6963084,0.19,0.7
1732028073.7173007,0.19,0.7
1732028073.735922,0.19,0.7
1732028073.7559125,0.19,0.7
1732028073.775958,0.19,0.7
1732028073.7977192,0.19,0.7
1732028073.815501,0.19,0.7
1732028073.8357058,0.19,0.7
1732028073.8554528,0.19,0.7
1732028073.8772035,0.19,0.7
1732028073.8964982,0.19,0.7
1732028073.9156792,0.19,0.7
1732028073.9355602,0.19,0.7
1732028073.959196,0.19,0.7
1732028073.9754505,0.19,0.7
1732028073.996519,0.19,0.7
1732028074.0180352,0.19,0.7
1732028074.035925,0.19,0.7
1732028074.0556803,0.19,0.7
1732028074.075579,0.19,0.7
1732028074.0955698,0.19,0.7
1732028074.1155329,0.19,0.7
1732028074.1363645,0.19,0.7
1732028074.1559446,0.19,0.7
1732028074.1782167,0.19,0.7
1732028074.196783,0.19,0.7
1732028074.2156312,0.19,0.7
1732028074.235467,0.19,0.7
1732028074.2554924,0.19,0.7
1732028074.275761,0.19,0.7
1732028074.296459,0.19,0.7
1732028074.3174996,0.19,0.7
1732028074.3362083,0.19,0.7
1732028074.3565123,0.19,0.7
1732028074.375444,0.19,0.7
1732028074.3958814,0.19,0.7
1732028074.4156163,0.19,0.7
1732028074.4359753,0.19,0.7
1732028074.455464,0.19,0.7
1732028074.4767473,0.19,0.7
1732028074.4955242,0.19,0.7
1732028074.5160365,0.19,0.7
1732028074.5366764,0.19,0.7
1732028074.5559108,0.19,0.7
1732028074.5757563,0.19,0.7
1732028074.5963874,0.19,0.7
1732028074.6167433,0.19,0.7
1732028074.6363332,0.19,0.7
1732028074.6562355,0.19,0.7
1732028074.676905,0.19,0.7
1732028074.6957767,0.19,0.7
1732028074.7159607,0.19,0.7
1732028074.7376854,0.19,0.7
1732028074.7562687,0.19,0.7
1732028074.7761729,0.19,0.7
1732028074.7979214,0.19,0.7
1732028074.8183877,0.19,0.7
1732028074.8367634,0.19,0.7
1732028074.8556557,0.19,0.7
1732028074.8754988,0.19,0.7
1732028074.89564,0.19,0.7
1732028074.917392,0.19,0.7
1732028074.93605,0.19,0.7
1732028074.9554982,0.19,0.7
1732028074.9766862,0.19,0.7
1732028074.9955695,0.19,0.7
1732028075.0160677,0.19,0.7
1732028075.035585,0.19,0.7
1732028075.0555956,0.19,0.7
1732028075.0767848,0.19,0.7
1732028075.0955234,0.19,0.7
1732028075.1157365,0.19,0.7
1732028075.135571,0.19,0.7
1732028075.1564648,0.19,0.7
1732028075.177778,0.19,0.7
1732028075.1962492,0.19,0.7
1732028075.21858,0.19,0.7
1732028075.2374048,0.19,0.7
1732028075.2587252,0.19,0.7
1732028075.276673,0.19,0.7
1732028075.2959218,0.19,0.7
1732028075.3160634,0.19,0.7
1732028075.3355706,0.19,0.7
1732028075.3557072,0.19,0.7
1732028075.3759968,0.19,0.7
1732028075.3957605,0.19,0.7
1732028075.4159129,0.19,0.7
1732028075.4368427,0.19,0.7
1732028075.4595354,0.19,0.7
1732028075.4755917,0.19,0.7
1732028075.5026448,0.19,0.7
1732028075.5155394,0.19,0.7
1732028075.5354302,0.19,0.7
1732028075.5556774,0.19,0.7
1732028075.5755873,0.19,0.7
1732028075.5964477,0.19,0.7
1732028075.6161447,0.19,0.7
1732028075.6354082,0.19,0.7
1732028075.6560507,0.19,0.7
1732028075.6758308,0.19,0.7
1732028075.6954422,0.19,0.7
1732028075.715852,0.19,0.7
1732028075.7364967,0.19,0.7
1732028075.7556894,0.19,0.7
1732028075.7766986,0.19,0.7
1732028075.7967892,0.19,0.7
1732028075.8158798,0.19,0.7
1732028075.8355837,0.19,0.7
1732028075.8557005,0.19,0.7
1732028075.875714,0.19,0.7
1732028075.8967931,0.19,0.7
1732028075.9163668,0.19,0.7
1732028075.9356537,0.19,0.7
1732028075.9554193,0.19,0.7
1732028075.9759161,0.19,0.7
1732028075.9971502,0.19,0.7
1732028076.016832,0.19,0.7
1732028076.038142,0.19,0.7
1732028076.0555532,0.19,0.7
1732028076.07569,0.19,0.7
1732028076.095433,0.19,0.7
1732028076.115816,0.19,0.7
1732028076.135468,0.19,0.7
1732028076.156353,0.19,0.7
1732028076.1758115,0.19,0.7
1732028076.1964417,0.19,0.7
1732028076.2158132,0.19,0.7
1732028076.238015,0.19,0.7
1732028076.257807,0.19,0.7
1732028076.2770596,0.19,0.7
1732028076.2977147,0.19,0.7
1732028076.3165102,0.19,0.7
1732028076.3357325,0.19,0.7
1732028076.3558266,0.19,0.7
1732028076.37576,0.19,0.7
1732028076.3959236,0.19,0.7
1732028076.415775,0.19,0.7
1732028076.435775,0.19,0.7
1732028076.456372,0.19,0.7
1732028076.4759583,0.19,0.7
1732028076.4954314,0.19,0.7
1732028076.5215445,0.19,0.7
1732028076.5376897,0.19,0.7
1732028076.5558956,0.19,0.7
1732028076.5767078,0.19,0.7
1732028076.595758,0.19,0.7
1732028076.6160333,0.19,0.7
1732028076.6381247,0.19,0.7
1732028076.661808,0.19,0.7
1732028076.6759229,0.19,0.7
1732028076.695435,0.19,0.7
1732028076.7162166,0.19,0.7
1732028076.7357914,0.19,0.7
1732028076.7572014,0.19,0.7
1732028076.7757897,0.19,0.7
1732028076.7966175,0.19,0.7
1732028076.816853,0.19,0.7
1732028076.8362293,0.19,0.7
1732028076.8556786,0.19,0.7
1732028076.878302,0.19,0.7
1732028076.9011097,0.19,0.7
1732028076.917445,0.19,0.7
1732028076.9355462,0.19,0.7
1732028076.9566085,0.19,0.7
1732028076.9760795,0.19,0.7
1732028076.995809,0.19,0.7
1732028077.0160747,0.19,0.7
1732028077.0357356,0.19,0.7
1732028077.057236,0.19,0.7
1732028077.0765474,0.19,0.7
1732028077.097132,0.19,0.7
1732028077.1168294,0.19,0.7
1732028077.1372218,0.19,0.7
1732028077.1576436,0.19,0.7
1732028077.1761866,0.19,0.7
1732028077.197178,0.19,0.7
1732028077.2154295,0.19,0.7
1732028077.235635,0.19,0.7
1732028077.2554414,0.19,0.7
1732028077.2755082,0.19,0.7
1732028077.2963502,0.19,0.7
1732028077.3158798,0.19,0.7
1732028077.336997,0.19,0.7
1732028077.3556585,0.19,0.7
1732028077.3755023,0.19,0.7
1732028077.397502,0.19,0.7
1732028077.4154477,0.19,0.7
1732028077.4357576,0.19,0.7
1732028077.4597156,0.19,0.7
1732028077.4782262,0.19,0.7
1732028077.4972363,0.19,0.7
1732028077.5177255,0.19,0.7
1732028077.5391982,0.19,0.7
1732028077.5570679,0.19,0.7
1732028077.575758,0.19,0.7
1732028077.595698,0.19,0.7
1732028077.6159084,0.19,0.7
1732028077.636544,0.19,0.7
1732028077.6583912,0.19,0.7
1732028077.6762192,0.19,0.7
1732028077.6956363,0.19,0.7
1732028077.7158937,0.19,0.7
1732028077.7360454,0.19,0.7
1732028077.7567494,0.19,0.7
1732028077.776313,0.19,0.7
1732028077.7969906,0.19,0.7
1732028077.817263,0.19,0.7
1732028077.8379498,0.19,0.7
1732028077.8601696,0.19,0.7
1732028077.8757012,0.19,0.7
1732028077.8959453,0.19,0.7
1732028077.915761,0.19,0.7
1732028077.9356031,0.19,0.7
1732028077.95677,0.19,0.7
1732028077.977848,0.19,0.7
1732028077.9968026,0.19,0.7
1732028078.0163643,0.19,0.7
1732028078.0381007,0.19,0.7
1732028078.0601163,0.19,0.7
1732028078.0802076,0.19,0.7
1732028078.0959828,0.19,0.7
1732028078.1156826,0.19,0.7
1732028078.1358645,0.19,0.7
1732028078.1560938,0.19,0.7
1732028078.1765351,0.19,0.7
1732028078.1959066,0.19,0.7
1732028078.2188833,0.19,0.7
1732028078.236847,0.19,0.7
1732028078.2560205,0.19,0.7
1732028078.2764258,0.19,0.7
1732028078.2986972,0.19,0.7
1732028078.315751,0.19,0.7
1732028078.3355584,0.19,0.7
1732028078.3577027,0.19,0.7
1732028078.3758962,0.19,0.7
1732028078.3959289,0.19,0.7
1732028078.415686,0.19,0.7
1732028078.4394615,0.19,0.7
1732028078.4558928,0.19,0.7
1732028078.475771,0.19,0.7
1732028078.496259,0.19,0.7
1732028078.5156362,0.19,0.7
1732028078.5466716,0.19,0.7
1732028078.5589795,0.19,0.7
1732028078.5805693,0.19,0.7
1732028078.5959184,0.19,0.7
1732028078.6171014,0.2,0.7
1732028078.6385896,0.2,0.7
1732028078.6578186,0.2,0.7
1732028078.6759813,0.2,0.7
1732028078.6959755,0.2,0.7
1732028078.7158382,0.2,0.7
1732028078.7356985,0.2,0.7
1732028078.7558472,0.2,0.7
1732028078.7765477,0.2,0.7
1732028078.79594,0.2,0.7
1732028078.8160007,0.2,0.7
1732028078.8358815,0.2,0.7
1732028078.8563554,0.2,0.7
1732028078.8757386,0.2,0.7
1732028078.8963501,0.2,0.7
1732028078.9157903,0.2,0.7
1732028078.9357164,0.2,0.7
1732028078.9570303,0.2,0.7
1732028078.9785237,0.2,0.7
1732028078.9955518,0.2,0.7
1732028079.0160034,0.2,0.7
1732028079.0373797,0.2,0.7
1732028079.061708,0.2,0.7
1732028079.076026,0.2,0.7
1732028079.0960176,0.2,0.7
1732028079.1170626,0.2,0.7
1732028079.13704,0.2,0.7
1732028079.156086,0.2,0.7
1732028079.1863706,0.2,0.7
1732028079.1970441,0.2,0.7
1732028079.217727,0.2,0.7
1732028079.2361515,0.2,0.7
1732028079.2556386,0.2,0.7
1732028079.2770116,0.2,0.7
1732028079.2962408,0.2,0.7
1732028079.3165913,0.2,0.7
1732028079.3355234,0.2,0.7
1732028079.355618,0.2,0.7
1732028079.376467,0.2,0.7
1732028079.3970184,0.2,0.7
1732028079.4155736,0.2,0.7
1732028079.4355097,0.2,0.7
1732028079.455793,0.2,0.7
1732028079.4764092,0.2,0.7
1732028079.4956696,0.2,0.7
1732028079.5171351,0.2,0.7
1732028079.5356796,0.2,0.7
1732028079.5587158,0.2,0.7
1732028079.575639,0.2,0.7
1732028079.595417,0.2,0.7
1732028079.6168451,0.2,0.7
1732028079.6361105,0.2,0.7
1732028079.6560998,0.2,0.7
1732028079.6761687,0.2,0.7
1732028079.6972997,0.2,0.7
1732028079.716669,0.2,0.7
1732028079.7358983,0.2,0.7
1732028079.7563486,0.2,0.7
1732028079.7791789,0.2,0.7
1732028079.8017354,0.2,0.7
1732028079.816529,0.2,0.7
1732028079.83699,0.2,0.7
1732028079.8582132,0.2,0.7
1732028079.876554,0.2,0.7
1732028079.8957796,0.2,0.7
1732028079.9162834,0.2,0.7
1732028079.9356627,0.2,0.7
1732028079.9565787,0.2,0.7
1732028079.9756315,0.2,0.7
1732028079.9957833,0.2,0.7
1732028080.0163143,0.2,0.7
1732028080.0389009,0.2,0.7
1732028080.0574865,0.2,0.7
1732028080.0767097,0.2,0.7
1732028080.0966218,0.2,0.7
1732028080.1178348,0.2,0.7
1732028080.136462,0.2,0.7
1732028080.160512,0.2,0.7
1732028080.1757085,0.2,0.7
1732028080.1965985,0.2,0.7
1732028080.2169394,0.2,0.7
1732028080.2363303,0.2,0.7
1732028080.2554471,0.2,0.7
1732028080.2881575,0.2,0.7
1732028080.297337,0.2,0.7
1732028080.3170059,0.2,0.7
1732028080.3355508,0.2,0.7
1732028080.3555338,0.2,0.7
1732028080.3754272,0.2,0.7
1732028080.3962228,0.2,0.7
1732028080.415493,0.2,0.7
1732028080.4356787,0.2,0.7
1732028080.4557376,0.2,0.7
1732028080.4782276,0.2,0.7
1732028080.496915,0.2,0.7
1732028080.5159686,0.2,0.7
1732028080.5398216,0.2,0.7
1732028080.55656,0.2,0.7
1732028080.5763133,0.2,0.7
1732028080.5984666,0.2,0.7
1732028080.615526,0.2,0.7
1732028080.6355684,0.2,0.7
1732028080.6564,0.2,0.7
1732028080.6777546,0.2,0.7
1732028080.6960375,0.2,0.7
1732028080.71568,0.2,0.7
1732028080.7364674,0.2,0.7
1732028080.7555168,0.2,0.7
1732028080.7763984,0.2,0.7
1732028080.79605,0.2,0.7
1732028080.81763,0.2,0.7
1732028080.8361104,0.2,0.7
1732028080.8562634,0.2,0.7
1732028080.8779535,0.2,0.7
1732028080.8954837,0.2,0.7
1732028080.9167686,0.2,0.7
1732028080.9358292,0.2,0.7
1732028080.9561,0.2,0.7
1732028080.9768147,0.2,0.7
1732028080.9972055,0.2,0.7
1732028081.0199296,0.2,0.7
1732028081.037184,0.2,0.7
1732028081.056965,0.2,0.7
1732028081.0756552,0.2,0.7
1732028081.097686,0.2,0.7
1732028081.1169176,0.2,0.7
1732028081.1385205,0.2,0.7
1732028081.1578474,0.2,0.7
1732028081.1773627,0.2,0.7
1732028081.1966207,0.2,0.7
1732028081.2162867,0.2,0.7
1732028081.2359564,0.2,0.7
1732028081.2565372,0.2,0.7
1732028081.2755451,0.2,0.7
1732028081.2998056,0.2,0.7
1732028081.317256,0.2,0.7
1732028081.338133,0.2,0.7
1732028081.3559754,0.2,0.7
1732028081.377499,0.2,0.7
1732028081.3959174,0.2,0.7
1732028081.4159875,0.2,0.7
1732028081.436612,0.2,0.7
1732028081.4559846,0.2,0.7
1732028081.476567,0.2,0.7
1732028081.4966788,0.2,0.7
1732028081.5164282,0.2,0.7
1732028081.536247,0.2,0.7
1732028081.5575616,0.2,0.7
1732028081.5783372,0.2,0.7
1732028081.5959706,0.2,0.7
1732028081.617822,0.2,0.7
1732028081.6366158,0.2,0.7
1732028081.6568937,0.2,0.7
1732028081.6771762,0.2,0.7
1732028081.6995313,0.2,0.7
1732028081.7166615,0.2,0.7
1732028081.7364058,0.2,0.7
1732028081.7568018,0.2,0.7
1732028081.7779129,0.2,0.7
1732028081.7963314,0.2,0.7
1732028081.81653,0.2,0.7
1732028081.836255,0.2,0.7
1732028081.8571053,0.2,0.7
1732028081.880542,0.2,0.7
1732028081.8984416,0.2,0.7
1732028081.9171917,0.2,0.7
1732028081.935542,0.2,0.7
1732028081.9573972,0.2,0.7
1732028081.9780688,0.2,0.7
1732028081.9956176,0.2,0.7
1732028082.0163894,0.2,0.7
1732028082.0355217,0.2,0.7
1732028082.0567825,0.2,0.7
1732028082.0812604,0.2,0.7
1732028082.0984058,0.2,0.7
1732028082.1166062,0.2,0.7
1732028082.1381757,0.2,0.7
1732028082.157695,0.2,0.7
1732028082.1812727,0.2,0.7
1732028082.1985836,0.2,0.7
1732028082.2190666,0.2,0.7
1732028082.2366426,0.2,0.7
1732028082.2555563,0.2,0.7
1732028082.2774072,0.2,0.7
1732028082.2957466,0.2,0.7
1732028082.3185444,0.2,0.7
1732028082.3355274,0.2,0.7
1732028082.355525,0.2,0.7
1732028082.3781538,0.2,0.7
1732028082.3958948,0.2,0.7
1732028082.4215782,0.2,0.7
1732028082.435908,0.2,0.7
1732028082.4562924,0.2,0.7
1732028082.4787555,0.2,0.7
1732028082.496663,0.2,0.7
1732028082.5168889,0.2,0.7
1732028082.538,0.2,0.7
1732028082.5611653,0.2,0.7
1732028082.5758712,0.2,0.7
1732028082.6012115,0.2,0.7
1732028082.618911,0.2,0.7
1732028082.6384356,0.2,0.7
1732028082.65592,0.2,0.7
1732028082.6780224,0.2,0.7
1732028082.6965067,0.2,0.7
1732028082.7189863,0.2,0.7
1732028082.7372901,0.2,0.7
1732028082.7556736,0.2,0.7
1732028082.7786496,0.2,0.7
1732028082.7994955,0.2,0.7
1732028082.815812,0.2,0.7
1732028082.835566,0.2,0.7
1732028082.8565974,0.2,0.7
1732028082.8766708,0.2,0.7
1732028082.897253,0.2,0.7
1732028082.918112,0.2,0.7
1732028082.9384887,0.2,0.7
1732028082.9557083,0.2,0.7
1732028082.9758716,0.2,0.7
1732028082.9954789,0.2,0.7
1732028083.01583,0.2,0.7
1732028083.0393443,0.2,0.7
1732028083.0566497,0.2,0.7
1732028083.0782838,0.2,0.7
1732028083.0955958,0.2,0.7
1732028083.1156263,0.2,0.7
1732028083.1361437,0.2,0.7
1732028083.1559155,0.2,0.7
1732028083.175973,0.2,0.7
1732028083.196407,0.2,0.7
1732028083.2175422,0.2,0.7
1732028083.2366004,0.2,0.7
1732028083.256543,0.2,0.7
1732028083.27606,0.2,0.7
1732028083.2968059,0.2,0.7
1732028083.3169622,0.2,0.7
1732028083.3360167,0.2,0.7
1732028083.3556635,0.2,0.7
1732028083.375924,0.2,0.7
1732028083.3974636,0.2,0.7
1732028083.4156165,0.2,0.7
1732028083.4363134,0.2,0.7
1732028083.4559915,0.2,0.7
1732028083.4758005,0.2,0.7
1732028083.496484,0.2,0.7
1732028083.515652,0.2,0.7
1732028083.5375583,0.2,0.7
1732028083.5574362,0.2,0.7
1732028083.576381,0.2,0.7
1732028083.5964441,0.2,0.7
1732028083.6156304,0.2,0.7
1732028083.6356738,0.2,0.7
1732028083.6556811,0.2,0.7
1732028083.6758585,0.2,0.7
1732028083.696908,0.2,0.7
1732028083.7159805,0.2,0.7
1732028083.7356944,0.2,0.7
1732028083.7560277,0.2,0.7
1732028083.776729,0.2,0.7
1732028083.796448,0.2,0.7
1732028083.8180468,0.2,0.7
1732028083.8354526,0.2,0.7
1732028083.8555903,0.2,0.7
1732028083.8766496,0.2,0.7
1732028083.8964987,0.2,0.7
1732028083.9165409,0.2,0.7
1732028083.937322,0.2,0.7
1732028083.9556482,0.2,0.7
1732028083.977222,0.2,0.7
1732028083.9955149,0.2,0.7
1732028084.016944,0.2,0.7
1732028084.0356123,0.2,0.7
1732028084.0556166,0.2,0.7
1732028084.0758057,0.2,0.7
1732028084.096521,0.2,0.7
1732028084.1155667,0.2,0.7
1732028084.1357338,0.2,0.7
1732028084.155573,0.2,0.7
1732028084.1768334,0.2,0.7
1732028084.196052,0.2,0.7
1732028084.2155693,0.2,0.7
1732028084.2356393,0.2,0.7
1732028084.2554662,0.2,0.7
1732028084.2754507,0.2,0.7
1732028084.2958314,0.2,0.7
1732028084.3159387,0.2,0.7
1732028084.335842,0.2,0.7
1732028084.3566005,0.2,0.7
1732028084.3759913,0.2,0.7
1732028084.396502,0.2,0.7
1732028084.4159198,0.2,0.7
1732028084.4357128,0.2,0.7
1732028084.4555585,0.2,0.7
1732028084.4755998,0.2,0.7
1732028084.4966555,0.2,0.7
1732028084.5156353,0.2,0.7
1732028084.5393565,0.2,0.7
1732028084.5565488,0.2,0.7
1732028084.5766907,0.2,0.7
1732028084.59673,0.2,0.7
1732028084.6205776,0.2,0.7
1732028084.636459,0.2,0.7
1732028084.6559162,0.2,0.7
1732028084.676447,0.2,0.7
1732028084.6956146,0.2,0.7
1732028084.717725,0.2,0.7
1732028084.7360783,0.2,0.7
1732028084.758794,0.2,0.7
1732028084.7758524,0.2,0.7
1732028084.7956133,0.2,0.7
1732028084.8154879,0.2,0.7
1732028084.8357399,0.2,0.7
1732028084.8556373,0.2,0.7
1732028084.8756123,0.2,0.7
1732028084.8962286,0.2,0.7
1732028084.9155967,0.2,0.7
1732028084.9359171,0.2,0.7
1732028084.9567015,0.2,0.7
1732028084.9764354,0.2,0.7
1732028084.9963486,0.2,0.7
1732028085.0158892,0.2,0.7
1732028085.0357826,0.2,0.7
1732028085.0555735,0.2,0.7
1732028085.0759535,0.2,0.7
1732028085.0997548,0.2,0.7
1732028085.117896,0.2,0.7
1732028085.1358857,0.2,0.7
1732028085.155635,0.2,0.7
1732028085.177921,0.2,0.7
1732028085.195825,0.2,0.7
1732028085.21628,0.2,0.7
1732028085.2356858,0.2,0.7
1732028085.255548,0.2,0.7
1732028085.276993,0.2,0.7
1732028085.2962024,0.2,0.7
1732028085.3170474,0.2,0.7
1732028085.3354185,0.2,0.7
1732028085.3558936,0.2,0.7
1732028085.375822,0.2,0.7
1732028085.3955948,0.2,0.7
1732028085.4162927,0.2,0.7
1732028085.4377568,0.2,0.7
1732028085.4562232,0.2,0.7
1732028085.475796,0.2,0.7
1732028085.4954896,0.2,0.7
1732028085.5173955,0.2,0.7
1732028085.5354888,0.2,0.7
1732028085.5566003,0.2,0.7
1732028085.5768414,0.2,0.7
1732028085.5963798,0.2,0.7
1732028085.6156497,0.2,0.7
1732028085.635506,0.2,0.7
1732028085.655807,0.2,0.7
1732028085.6759794,0.2,0.7
1732028085.6965334,0.2,0.7
1732028085.7166166,0.2,0.7
1732028085.7365327,0.2,0.7
1732028085.7560017,0.2,0.7
1732028085.776783,0.2,0.7
1732028085.7959027,0.2,0.7
1732028085.815854,0.2,0.7
1732028085.8360138,0.2,0.7
1732028085.856199,0.2,0.7
1732028085.8769166,0.2,0.7
1732028085.895851,0.2,0.7
1732028085.915871,0.2,0.7
1732028085.9356997,0.2,0.7
1732028085.9557467,0.2,0.7
1732028085.976326,0.2,0.7
1732028085.9973507,0.2,0.7
1732028086.0169766,0.2,0.7
1732028086.0363407,0.2,0.7
1732028086.0566864,0.2,0.7
1732028086.0770118,0.2,0.7
1732028086.0958707,0.2,0.7
1732028086.1171515,0.2,0.7
1732028086.137972,0.2,0.7
1732028086.1558008,0.2,0.7
1732028086.175781,0.2,0.7
1732028086.1956825,0.2,0.7
1732028086.2159538,0.2,0.7
1732028086.2362425,0.2,0.7
1732028086.25667,0.2,0.7
1732028086.2756262,0.2,0.7
1732028086.2958262,0.2,0.7
1732028086.315454,0.2,0.7
1732028086.3393574,0.2,0.7
1732028086.3557959,0.2,0.7
1732028086.3757203,0.2,0.7
1732028086.396633,0.2,0.7
1732028086.4162369,0.2,0.7
1732028086.436279,0.2,0.7
1732028086.456527,0.2,0.7
1732028086.477051,0.2,0.7
1732028086.495871,0.2,0.7
1732028086.5174122,0.2,0.7
1732028086.5360613,0.2,0.7
1732028086.558216,0.2,0.7
1732028086.5778625,0.2,0.7
1732028086.59635,0.2,0.7
1732028086.6155546,0.2,0.7
1732028086.6374907,0.2,0.7
1732028086.6555555,0.2,0.7
1732028086.6767032,0.2,0.7
1732028086.697373,0.2,0.7
1732028086.717616,0.2,0.7
1732028086.7366016,0.2,0.7
1732028086.7604785,0.2,0.7
1732028086.776575,0.2,0.7
1732028086.7971392,0.2,0.7
1732028086.8157232,0.2,0.7
1732028086.8362334,0.2,0.7
1732028086.856098,0.2,0.7
1732028086.8755865,0.2,0.7
1732028086.8971934,0.2,0.7
1732028086.9164786,0.2,0.7
1732028086.9354148,0.2,0.7
1732028086.955895,0.2,0.7
1732028086.975886,0.2,0.7
1732028086.9953928,0.2,0.7
1732028087.0169935,0.2,0.7
1732028087.0356605,0.2,0.7
1732028087.0555713,0.2,0.7
1732028087.07562,0.2,0.7
1732028087.0957625,0.2,0.7
1732028087.1155653,0.2,0.7
1732028087.1383429,0.2,0.7
1732028087.1563811,0.2,0.7
1732028087.181842,0.2,0.7
1732028087.1966949,0.2,0.7
1732028087.2158759,0.2,0.7
1732028087.2365677,0.2,0.7
1732028087.2558901,0.2,0.7
1732028087.276484,0.2,0.7
1732028087.2956226,0.2,0.7
1732028087.3165388,0.2,0.7
1732028087.336912,0.2,0.7
1732028087.3555946,0.2,0.7
1732028087.3754966,0.2,0.7
1732028087.4021049,0.2,0.7
1732028087.4173467,0.2,0.7
1732028087.4357967,0.2,0.7
1732028087.4555185,0.2,0.7
1732028087.4772205,0.2,0.7
1732028087.495707,0.2,0.7
1732028087.5167856,0.2,0.7
1732028087.5355303,0.2,0.7
1732028087.5565116,0.2,0.7
1732028087.5755088,0.2,0.7
1732028087.5962503,0.2,0.7
1732028087.615632,0.2,0.7
1732028087.635578,0.2,0.7
1732028087.656564,0.2,0.7
1732028087.6760013,0.2,0.7
1732028087.6954796,0.2,0.7
1732028087.7156339,0.2,0.7
1732028087.7366753,0.2,0.7
1732028087.7564611,0.2,0.7
1732028087.7761855,0.2,0.7
1732028087.7954974,0.2,0.7
1732028087.8193297,0.2,0.7
1732028087.8385997,0.2,0.7
1732028087.855479,0.2,0.7
1732028087.8755486,0.2,0.7
1732028087.8961325,0.2,0.7
1732028087.9161227,0.2,0.7
1732028087.9408221,0.2,0.7
1732028087.956602,0.2,0.7
1732028087.975523,0.2,0.7
1732028087.996203,0.2,0.7
1732028088.0166502,0.2,0.7
1732028088.037445,0.2,0.7
1732028088.0555809,0.2,0.7
1732028088.0782561,0.2,0.7
1732028088.0969324,0.2,0.7
1732028088.1167352,0.2,0.7
1732028088.1357152,0.2,0.7
1732028088.156366,0.2,0.7
1732028088.1760948,0.2,0.7
1732028088.1961029,0.2,0.7
1732028088.2162538,0.2,0.7
1732028088.236483,0.2,0.7
1732028088.2558904,0.2,0.7
1732028088.2758179,0.2,0.7
1732028088.295932,0.2,0.7
1732028088.3157415,0.2,0.7
1732028088.337117,0.2,0.7
1732028088.3559105,0.2,0.7
1732028088.3762567,0.2,0.7
1732028088.3976388,0.2,0.7
1732028088.417331,0.2,0.7
1732028088.436636,0.2,0.7
1732028088.4558003,0.2,0.7
1732028088.4768589,0.2,0.7
1732028088.4958389,0.2,0.7
1732028088.518077,0.2,0.7
1732028088.536896,0.2,0.7
1732028088.561965,0.2,0.7
1732028088.5781896,0.2,0.7
1732028088.5962362,0.2,0.7
1732028088.6158223,0.2,0.7
1732028088.6356268,0.2,0.7
1732028088.6560526,0.2,0.7
1732028088.6770403,0.2,0.7
1732028088.70018,0.2,0.7
1732028088.7154953,0.2,0.7
1732028088.7361393,0.2,0.7
1732028088.7570016,0.2,0.7
1732028088.7762399,0.2,0.7
1732028088.7955468,0.2,0.7
1732028088.8156817,0.2,0.7
1732028088.8390658,0.2,0.7
1732028088.855966,0.2,0.7
1732028088.8767111,0.2,0.7
1732028088.896142,0.2,0.7
1732028088.9156377,0.2,0.7
1732028088.935551,0.2,0.7
1732028088.9564,0.2,0.7
1732028088.9763045,0.2,0.7
1732028088.9980257,0.2,0.7
1732028089.0160227,0.2,0.7
1732028089.0356464,0.2,0.7
1732028089.057558,0.2,0.7
1732028089.0755906,0.2,0.7
1732028089.0957751,0.2,0.7
1732028089.1166892,0.2,0.7
1732028089.1356492,0.2,0.7
1732028089.155569,0.2,0.7
1732028089.1758142,0.2,0.7
1732028089.1955843,0.2,0.7
1732028089.2155797,0.2,0.7
1732028089.2370074,0.2,0.7
1732028089.2557063,0.2,0.7
1732028089.2755044,0.2,0.7
1732028089.2959743,0.2,0.7
1732028089.3165114,0.2,0.7
1732028089.337844,0.2,0.7
1732028089.3599544,0.2,0.7
1732028089.375509,0.2,0.7
1732028089.3961132,0.2,0.7
1732028089.4173012,0.2,0.7
1732028089.4386785,0.2,0.7
1732028089.4556332,0.2,0.7
1732028089.4761012,0.2,0.7
1732028089.495854,0.2,0.7
1732028089.5195334,0.2,0.7
1732028089.5379682,0.2,0.7
1732028089.5585701,0.2,0.7
1732028089.576707,0.2,0.7
1732028089.5971231,0.2,0.7
1732028089.6164284,0.2,0.7
1732028089.6372962,0.2,0.7
1732028089.6559913,0.2,0.7
1732028089.6754084,0.2,0.7
1732028089.6957405,0.2,0.7
1732028089.7160635,0.2,0.7
1732028089.7369096,0.2,0.7
1732028089.7554176,0.2,0.7
1732028089.775535,0.2,0.7
1732028089.796206,0.2,0.7
1732028089.8159637,0.2,0.7
1732028089.8359406,0.2,0.7
1732028089.8567731,0.2,0.7
1732028089.8769944,0.2,0.7
1732028089.8969302,0.2,0.7
1732028089.9170585,0.2,0.7
1732028089.9368904,0.2,0.7
1732028089.9603715,0.2,0.7
1732028089.9759479,0.2,0.7
1732028089.9960103,0.2,0.7
1732028090.0191453,0.2,0.7
1732028090.0370333,0.2,0.7
1732028090.0611858,0.2,0.7
1732028090.0781424,0.2,0.7
1732028090.096763,0.2,0.7
1732028090.119239,0.2,0.7
1732028090.139242,0.2,0.7
1732028090.155554,0.2,0.7
1732028090.1778598,0.2,0.7
1732028090.1984336,0.2,0.7
1732028090.2161396,0.2,0.7
1732028090.2376776,0.2,0.7
1732028090.2567325,0.2,0.7
1732028090.2759957,0.2,0.7
1732028090.2967267,0.2,0.7
1732028090.3168237,0.2,0.7
1732028090.3373055,0.2,0.7
1732028090.3563242,0.2,0.7
1732028090.375926,0.2,0.7
1732028090.3956416,0.2,0.7
1732028090.416481,0.2,0.7
1732028090.43672,0.2,0.7
1732028090.4574676,0.2,0.7
1732028090.477449,0.2,0.7
1732028090.501382,0.2,0.7
1732028090.5186622,0.2,0.7
1732028090.5375674,0.2,0.7
1732028090.5589712,0.2,0.7
1732028090.5762496,0.2,0.7
1732028090.5966864,0.2,0.7
1732028090.6158776,0.2,0.7
1732028090.636347,0.2,0.7
1732028090.6568089,0.2,0.7
1732028090.676931,0.2,0.7
1732028090.6957512,0.2,0.7
1732028090.7163162,0.2,0.7
1732028090.7370114,0.2,0.7
1732028090.756355,0.2,0.7
1732028090.775698,0.2,0.7
1732028090.7956815,0.2,0.7
1732028090.8166308,0.2,0.7
1732028090.8362873,0.2,0.7
1732028090.856076,0.2,0.7
1732028090.8767343,0.2,0.7
1732028090.8963082,0.2,0.7
1732028090.9162486,0.2,0.7
1732028090.936776,0.2,0.7
1732028090.9561365,0.2,0.7
1732028090.9756236,0.2,0.7
1732028090.9985788,0.2,0.7
1732028091.016803,0.2,0.7
1732028091.0360444,0.2,0.7
1732028091.0563018,0.2,0.7
1732028091.0766203,0.2,0.7
1732028091.0957484,0.2,0.7
1732028091.115822,0.2,0.7
1732028091.135759,0.2,0.7
1732028091.1562486,0.2,0.7
1732028091.175461,0.2,0.7
1732028091.1963975,0.2,0.7
1732028091.215951,0.2,0.7
1732028091.236119,0.2,0.7
1732028091.258253,0.2,0.7
1732028091.276257,0.2,0.7
1732028091.2982278,0.2,0.7
1732028091.3155203,0.2,0.7
1732028091.3354058,0.2,0.7
1732028091.3554702,0.2,0.7
1732028091.3761506,0.2,0.7
1732028091.3956783,0.2,0.7
1732028091.4160612,0.2,0.7
1732028091.4388294,0.2,0.7
1732028091.4567862,0.2,0.7
1732028091.4755073,0.2,0.7
1732028091.4955084,0.2,0.7
1732028091.5158916,0.2,0.7
1732028091.5362945,0.2,0.7
1732028091.5554547,0.2,0.7
1732028091.5756788,0.2,0.7
1732028091.5957992,0.2,0.7
1732028091.6157355,0.2,0.7
1732028091.6359344,0.2,0.7
1732028091.656092,0.2,0.7
1732028091.6768646,0.2,0.7
1732028091.6960063,0.2,0.7
1732028091.7159665,0.2,0.7
1732028091.7355924,0.2,0.7
1732028091.755711,0.2,0.7
1732028091.7770536,0.2,0.7
1732028091.7957845,0.2,0.7
1732028091.8183508,0.2,0.7
1732028091.8372571,0.2,0.7
1732028091.8576734,0.2,0.7
1732028091.8765373,0.2,0.7
1732028091.9002082,0.2,0.7
1732028091.9161613,0.2,0.7
1732028091.9365597,0.2,0.7
1732028091.9592662,0.2,0.7
1732028091.975466,0.2,0.7
1732028091.9957294,0.2,0.7
1732028092.0156531,0.2,0.7
1732028092.0369365,0.2,0.7
1732028092.0557926,0.2,0.7
1732028092.0764103,0.2,0.7
1732028092.0966046,0.2,0.7
1732028092.1165717,0.2,0.7
1732028092.1359334,0.2,0.7
1732028092.1592534,0.2,0.7
1732028092.175662,0.2,0.7
1732028092.1980412,0.2,0.7
1732028092.2159197,0.2,0.7
1732028092.2389498,0.2,0.7
1732028092.2555883,0.2,0.7
1732028092.2785568,0.2,0.7
1732028092.302973,0.2,0.7
1732028092.3171973,0.2,0.7
1732028092.33767,0.2,0.7
1732028092.3587964,0.2,0.7
1732028092.375745,0.2,0.7
1732028092.3956714,0.2,0.7
1732028092.4155967,0.2,0.7
1732028092.4377687,0.2,0.7
1732028092.4566197,0.2,0.7
1732028092.4813592,0.2,0.7
1732028092.4989843,0.2,0.7
1732028092.5158045,0.2,0.7
1732028092.5361903,0.2,0.7
1732028092.5557191,0.2,0.7
1732028092.5765576,0.2,0.7
1732028092.5977662,0.2,0.7
1732028092.6165657,0.2,0.7
1732028092.636484,0.2,0.7
1732028092.6558933,0.2,0.7
1732028092.6757767,0.2,0.7
1732028092.6962974,0.2,0.7
1732028092.717544,0.2,0.7
1732028092.7355807,0.2,0.7
1732028092.75578,0.2,0.7
1732028092.7755156,0.2,0.7
1732028092.7957325,0.2,0.7
1732028092.817967,0.2,0.7
1732028092.8356917,0.2,0.7
1732028092.8555968,0.2,0.7
1732028092.875889,0.2,0.7
1732028092.8969672,0.2,0.7
1732028092.9163094,0.2,0.7
1732028092.935714,0.2,0.7
1732028092.9556222,0.2,0.7
1732028092.9767184,0.2,0.7
1732028092.9961002,0.2,0.7
1732028093.0156085,0.2,0.7
1732028093.0366955,0.2,0.7
1732028093.0560734,0.2,0.7
1732028093.0759974,0.2,0.7
1732028093.0963273,0.2,0.7
1732028093.1186779,0.2,0.7
1732028093.1365263,0.2,0.7
1732028093.1558754,0.2,0.7
1732028093.1783714,0.2,0.7
1732028093.1973302,0.2,0.7
1732028093.2181766,0.2,0.7
1732028093.2457194,0.2,0.7
1732028093.2569463,0.2,0.7
1732028093.275787,0.2,0.7
1732028093.2982357,0.2,0.7
1732028093.3160796,0.2,0.7
1732028093.337201,0.2,0.7
1732028093.3558784,0.2,0.7
1732028093.3755314,0.2,0.7
1732028093.3954394,0.2,0.7
1732028093.4157853,0.2,0.7
1732028093.435464,0.2,0.7
1732028093.4554846,0.2,0.7
1732028093.475493,0.2,0.7
1732028093.495964,0.2,0.7
1732028093.5154998,0.2,0.7
1732028093.5379722,0.2,0.7
1732028093.558194,0.2,0.7
1732028093.5811281,0.2,0.7
1732028093.5972972,0.2,0.7
1732028093.6160622,0.2,0.7
1732028093.6354544,0.2,0.7
1732028093.6574464,0.2,0.7
1732028093.6755676,0.2,0.7
1732028093.6958559,0.2,0.7
1732028093.7155423,0.2,0.7
1732028093.7366939,0.2,0.7
1732028093.7560396,0.2,0.7
1732028093.778289,0.2,0.7
1732028093.7954748,0.2,0.7
1732028093.8155484,0.2,0.7
1732028093.8400369,0.2,0.7
1732028093.8568869,0.2,0.7
1732028093.8757982,0.2,0.7
1732028093.8987699,0.2,0.7
1732028093.9184833,0.2,0.7
1732028093.936475,0.2,0.7
1732028093.9613185,0.2,0.7
1732028093.9760303,0.2,0.7
1732028093.9978557,0.2,0.7
1732028094.0168195,0.2,0.7
1732028094.0377548,0.2,0.7
1732028094.0591354,0.2,0.7
1732028094.0786474,0.2,0.7
1732028094.0964646,0.2,0.7
1732028094.116293,0.2,0.7
1732028094.1369903,0.2,0.7
1732028094.1570404,0.2,0.7
1732028094.1785352,0.2,0.7
1732028094.2023468,0.2,0.7
1732028094.2167087,0.2,0.7
1732028094.235625,0.2,0.7
1732028094.2561536,0.2,0.7
1732028094.2755516,0.2,0.7
1732028094.2954547,0.2,0.7
1732028094.3156898,0.2,0.7
1732028094.337291,0.2,0.7
1732028094.3571541,0.2,0.7
1732028094.3755057,0.2,0.7
1732028094.3955226,0.2,0.7
1732028094.4159386,0.2,0.7
1732028094.4363382,0.2,0.7
1732028094.4616597,0.2,0.7
1732028094.476245,0.2,0.7
1732028094.495595,0.2,0.7
1732028094.515427,0.2,0.7
1732028094.5360105,0.2,0.7
1732028094.5562248,0.2,0.7
1732028094.5766606,0.2,0.7
1732028094.5960588,0.2,0.7
1732028094.6159954,0.2,0.7
1732028094.635908,0.2,0.7
1732028094.6557405,0.2,0.7
1732028094.6758564,0.2,0.7
1732028094.6962092,0.2,0.7
1732028094.7210388,0.2,0.7
1732028094.7359087,0.2,0.7
1732028094.756652,0.2,0.7
1732028094.7774484,0.2,0.7
1732028094.7963364,0.2,0.7
1732028094.8178568,0.2,0.7
1732028094.8357623,0.2,0.7
1732028094.856333,0.2,0.7
1732028094.8757446,0.2,0.7
1732028094.8956735,0.2,0.7
1732028094.9167976,0.2,0.7
1732028094.935706,0.2,0.7
1732028094.9604414,0.2,0.7
1732028094.9757166,0.2,0.7
1732028094.9963915,0.2,0.7
1732028095.015933,0.2,0.7
1732028095.036629,0.2,0.7
1732028095.0563486,0.2,0.7
1732028095.0759017,0.2,0.7
1732028095.0956578,0.2,0.7
1732028095.116993,0.2,0.7
1732028095.1359236,0.2,0.7
1732028095.1563783,0.21,0.7
1732028095.1768467,0.21,0.7
1732028095.2022681,0.21,0.7
1732028095.2162113,0.21,0.7
1732028095.2373335,0.21,0.7
1732028095.2579958,0.21,0.7
1732028095.2762759,0.21,0.7
1732028095.2990172,0.21,0.7
1732028095.316944,0.21,0.7
1732028095.3395135,0.21,0.7
1732028095.3568103,0.21,0.7
1732028095.375983,0.21,0.7
1732028095.3962421,0.21,0.7
1732028095.416469,0.21,0.7
1732028095.438383,0.21,0.7
1732028095.4557781,0.21,0.7
1732028095.4760258,0.21,0.7
1732028095.4962342,0.21,0.7
1732028095.5158162,0.21,0.7
1732028095.5366573,0.21,0.7
1732028095.557702,0.21,0.7
1732028095.5780036,0.21,0.7
1732028095.5961738,0.21,0.7
1732028095.6161616,0.21,0.7
1732028095.6360493,0.21,0.7
1732028095.6560857,0.21,0.7
1732028095.6763895,0.21,0.7
1732028095.6955917,0.21,0.7
1732028095.7171443,0.21,0.7
1732028095.735404,0.21,0.7
1732028095.756552,0.21,0.7
1732028095.7771897,0.21,0.7
1732028095.795631,0.21,0.7
1732028095.816337,0.21,0.7
1732028095.8356323,0.21,0.7
1732028095.856995,0.21,0.7
1732028095.875837,0.21,0.7
1732028095.8962367,0.21,0.7
1732028095.9174526,0.21,0.7
1732028095.9353695,0.21,0.7
1732028095.9567158,0.21,0.7
1732028095.9760206,0.21,0.7
1732028095.9962993,0.21,0.7
1732028096.0160553,0.21,0.7
1732028096.035692,0.21,0.7
1732028096.055669,0.21,0.7
1732028096.0764632,0.21,0.7
1732028096.0962148,0.21,0.7
1732028096.1168163,0.21,0.7
1732028096.1369555,0.21,0.7
1732028096.155376,0.21,0.7
1732028096.1769578,0.21,0.7
1732028096.1959178,0.21,0.7
1732028096.2156477,0.21,0.7
1732028096.2354908,0.21,0.7
1732028096.2555397,0.21,0.7
1732028096.2780044,0.21,0.7
1732028096.2956698,0.21,0.7
1732028096.3156142,0.21,0.7
1732028096.335652,0.21,0.7
1732028096.357824,0.21,0.7
1732028096.3755512,0.21,0.7
1732028096.3965611,0.21,0.7
1732028096.4180062,0.21,0.7
1732028096.4362605,0.21,0.7
1732028096.456454,0.21,0.7
1732028096.4783957,0.21,0.7
1732028096.500615,0.21,0.7
1732028096.517364,0.21,0.7
1732028096.5363362,0.21,0.7
1732028096.56197,0.21,0.7
1732028096.5776196,0.21,0.7
1732028096.5957081,0.21,0.7
1732028096.617492,0.21,0.7
1732028096.6371017,0.21,0.7
1732028096.6586232,0.21,0.7
1732028096.675569,0.21,0.7
1732028096.6957695,0.21,0.7
1732028096.716439,0.21,0.7
1732028096.7369027,0.21,0.7
1732028096.7555842,0.21,0.7
1732028096.775904,0.21,0.7
1732028096.796242,0.21,0.7
1732028096.816023,0.21,0.7
1732028096.835829,0.21,0.7
1732028096.8559701,0.21,0.7
1732028096.8764043,0.21,0.7
1732028096.8958533,0.21,0.7
1732028096.9159822,0.21,0.7
1732028096.9360747,0.21,0.7
1732028096.9557006,0.21,0.7
1732028096.9761093,0.21,0.7
1732028096.9958148,0.21,0.7
1732028097.015759,0.21,0.7
1732028097.0362601,0.21,0.7
1732028097.0556898,0.21,0.7
1732028097.0760446,0.21,0.7
1732028097.0961554,0.21,0.7
1732028097.1163146,0.21,0.7
1732028097.1387255,0.21,0.7
1732028097.1557965,0.21,0.7
1732028097.178173,0.21,0.7
1732028097.1969254,0.21,0.7
1732028097.2163832,0.21,0.7
1732028097.2364383,0.21,0.7
1732028097.2561164,0.21,0.7
1732028097.2776215,0.21,0.7
1732028097.2976322,0.21,0.7
1732028097.3156934,0.21,0.7
1732028097.3355346,0.21,0.7
1732028097.3560393,0.21,0.7
1732028097.3760526,0.21,0.7
1732028097.3976145,0.21,0.7
1732028097.415838,0.21,0.7
1732028097.4357069,0.21,0.7
1732028097.4559395,0.21,0.7
1732028097.4768217,0.21,0.7
1732028097.4955904,0.21,0.7
1732028097.5158265,0.21,0.7
1732028097.535389,0.21,0.7
1732028097.5560734,0.21,0.7
1732028097.5762014,0.21,0.7
1732028097.600872,0.21,0.7
1732028097.6177914,0.21,0.7
1732028097.6365728,0.21,0.7
1732028097.6555254,0.21,0.7
1732028097.6770155,0.21,0.7
1732028097.6960535,0.21,0.7
1732028097.7163866,0.21,0.7
1732028097.736256,0.21,0.7
1732028097.7563677,0.21,0.7
1732028097.7821507,0.21,0.7
1732028097.7979643,0.21,0.7
1732028097.8183503,0.21,0.7
1732028097.8365684,0.21,0.7
1732028097.8560474,0.21,0.7
1732028097.8759568,0.21,0.7
1732028097.8976393,0.21,0.7
1732028097.9171739,0.21,0.7
1732028097.935953,0.21,0.7
1732028097.9560773,0.21,0.7
1732028097.976339,0.21,0.7
1732028097.996263,0.21,0.7
1732028098.015513,0.21,0.7
1732028098.036553,0.21,0.7
1732028098.0562716,0.21,0.7
1732028098.0771282,0.21,0.7
1732028098.098112,0.21,0.7
1732028098.1165812,0.21,0.7
1732028098.1377141,0.21,0.7
1732028098.158795,0.21,0.7
1732028098.1759694,0.21,0.7
1732028098.1979074,0.21,0.7
1732028098.2172518,0.21,0.7
1732028098.2358928,0.21,0.7
1732028098.256381,0.21,0.7
1732028098.276044,0.21,0.7
1732028098.2974014,0.21,0.7
1732028098.319322,0.21,0.7
1732028098.3364604,0.21,0.7
1732028098.3555505,0.21,0.7
1732028098.3775632,0.21,0.7
1732028098.3955023,0.21,0.7
1732028098.416454,0.21,0.7
1732028098.4354334,0.21,0.7
1732028098.4554496,0.21,0.7
1732028098.475614,0.21,0.7
1732028098.4958785,0.21,0.7
1732028098.515805,0.21,0.7
1732028098.5356138,0.21,0.7
1732028098.555698,0.21,0.7
1732028098.5756059,0.21,0.7
1732028098.5968928,0.21,0.7
1732028098.6158278,0.21,0.7
1732028098.6356566,0.21,0.7
1732028098.656063,0.21,0.7
1732028098.67601,0.21,0.7
1732028098.6970038,0.21,0.7
1732028098.715795,0.21,0.7
1732028098.735492,0.21,0.7
1732028098.7555928,0.21,0.7
1732028098.775559,0.21,0.7
1732028098.7957819,0.21,0.7
1732028098.8155947,0.21,0.7
1732028098.835478,0.21,0.7
1732028098.856312,0.21,0.7
1732028098.8768208,0.21,0.7
1732028098.897144,0.21,0.7
1732028098.9188547,0.21,0.7
1732028098.936167,0.21,0.7
1732028098.956248,0.21,0.7
1732028098.9770334,0.21,0.7
1732028098.9973288,0.21,0.7
1732028099.0182757,0.21,0.7
1732028099.0367105,0.21,0.7
1732028099.0629945,0.21,0.7
1732028099.0761213,0.21,0.7
1732028099.0959203,0.21,0.7
1732028099.1160083,0.21,0.7
1732028099.1368465,0.21,0.7
1732028099.1567206,0.21,0.7
1732028099.175975,0.21,0.7
1732028099.1961915,0.21,0.7
1732028099.216998,0.21,0.7
1732028099.235772,0.21,0.7
1732028099.257058,0.21,0.7
1732028099.2765384,0.21,0.7
1732028099.2957313,0.21,0.7
1732028099.3278694,0.21,0.7
1732028099.3361087,0.21,0.7
1732028099.35937,0.21,0.7
1732028099.3776515,0.21,0.7
1732028099.3955398,0.21,0.7
1732028099.4154909,0.2,0.7
1732028099.4357095,0.2,0.7
1732028099.4580317,0.2,0.7
1732028099.4755332,0.2,0.7
1732028099.4960766,0.2,0.7
1732028099.5160863,0.2,0.7
1732028099.5401528,0.2,0.7
1732028099.5555704,0.2,0.7
1732028099.575625,0.2,0.7
1732028099.5979989,0.2,0.7
1732028099.6156185,0.2,0.7
1732028099.64513,0.2,0.7
1732028099.6563733,0.2,0.7
1732028099.6790836,0.2,0.7
1732028099.6983254,0.2,0.7
1732028099.71564,0.2,0.7
1732028099.7363791,0.2,0.7
1732028099.7570794,0.2,0.7
1732028099.777048,0.2,0.7
1732028099.7959716,0.2,0.7
1732028099.8176403,0.2,0.7
1732028099.8357575,0.2,0.7
1732028099.8559012,0.2,0.7
1732028099.8779364,0.2,0.7
1732028099.8955112,0.2,0.7
1732028099.9173138,0.2,0.7
1732028099.935914,0.2,0.7
1732028099.9563859,0.2,0.7
1732028099.9780943,0.2,0.7
1732028099.9970863,0.2,0.7
1732028100.017322,0.2,0.7
1732028100.0371928,0.2,0.7
1732028100.0560584,0.2,0.7
1732028100.075658,0.2,0.7
1732028100.0967317,0.2,0.7
1732028100.115456,0.2,0.7
1732028100.14556,0.2,0.7
1732028100.1567242,0.2,0.7
1732028100.1762679,0.2,0.7
1732028100.1961167,0.2,0.7
1732028100.2167718,0.21,0.7
1732028100.2376356,0.21,0.7
1732028100.2561252,0.21,0.7
1732028100.2761543,0.21,0.7
1732028100.296095,0.21,0.7
1732028100.3155499,0.21,0.7
1732028100.3386643,0.21,0.7
1732028100.357029,0.21,0.7
1732028100.376507,0.21,0.7
1732028100.3954246,0.2,0.7
1732028100.4157062,0.2,0.7
1732028100.4354832,0.2,0.7
1732028100.4556134,0.2,0.7
1732028100.4775484,0.2,0.7
1732028100.4961677,0.2,0.7
1732028100.5162108,0.2,0.7
1732028100.537101,0.2,0.7
1732028100.555825,0.2,0.7
1732028100.5772586,0.2,0.7
1732028100.6006851,0.2,0.7
1732028100.620779,0.2,0.7
1732028100.6376972,0.2,0.7
1732028100.6565583,0.2,0.7
1732028100.676476,0.2,0.7
1732028100.7007644,0.2,0.7
1732028100.7154412,0.21,0.7
1732028100.7355342,0.21,0.7
1732028100.7593868,0.21,0.7
1732028100.776647,0.21,0.7
1732028100.7955077,0.21,0.7
1732028100.819503,0.21,0.7
1732028100.835447,0.21,0.7
1732028100.8558693,0.21,0.7
1732028100.875542,0.21,0.7
1732028100.8967917,0.21,0.7
1732028100.9154537,0.21,0.7
1732028100.9364495,0.21,0.7
1732028100.9567132,0.21,0.7
1732028100.9773455,0.21,0.7
1732028100.9958458,0.21,0.7
1732028101.016524,0.21,0.7
1732028101.0355105,0.21,0.7
1732028101.0556865,0.21,0.7
1732028101.0760446,0.21,0.7
1732028101.1005557,0.21,0.7
1732028101.1162748,0.21,0.7
1732028101.1424024,0.21,0.7
1732028101.1565845,0.21,0.7
1732028101.1759984,0.21,0.7
1732028101.1962812,0.21,0.7
1732028101.2166874,0.21,0.7
1732028101.2389894,0.21,0.7
1732028101.2657692,0.21,0.7
1732028101.2779198,0.21,0.7
1732028101.2982507,0.21,0.7
1732028101.3294287,0.21,0.7
1732028101.342089,0.21,0.7
1732028101.3584666,0.21,0.7
1732028101.3795686,0.21,0.7
1732028101.396468,0.21,0.7
1732028101.4159184,0.21,0.7
1732028101.4358747,0.21,0.7
1732028101.45552,0.21,0.7
1732028101.476041,0.21,0.7
1732028101.4975297,0.21,0.7
1732028101.5159214,0.21,0.7
1732028101.535584,0.21,0.7
1732028101.5562243,0.21,0.7
1732028101.5774207,0.21,0.7
1732028101.5958774,0.21,0.7
1732028101.6155086,0.21,0.7
1732028101.635511,0.21,0.7
1732028101.6559186,0.21,0.7
1732028101.6756756,0.21,0.7
1732028101.6956344,0.21,0.7
1732028101.71583,0.21,0.7
1732028101.735598,0.21,0.7
1732028101.7556372,0.21,0.7
1732028101.7754498,0.21,0.7
1732028101.7971911,0.21,0.7
1732028101.816155,0.21,0.7
1732028101.8362236,0.21,0.7
1732028101.859356,0.21,0.7
1732028101.8762984,0.21,0.7
1732028101.8969831,0.21,0.7
1732028101.91553,0.21,0.7
1732028101.9360142,0.21,0.7
1732028101.9578204,0.21,0.7
1732028101.9766705,0.21,0.7
1732028101.9963198,0.21,0.7
1732028102.0155263,0.21,0.7
1732028102.0354786,0.21,0.7
1732028102.0571632,0.21,0.7
1732028102.0756555,0.21,0.7
1732028102.0970395,0.21,0.7
1732028102.1169643,0.21,0.7
1732028102.1365538,0.21,0.7
1732028102.1559534,0.21,0.7
1732028102.176349,0.21,0.7
1732028102.1961937,0.21,0.7
1732028102.2167213,0.21,0.7
1732028102.2363791,0.21,0.7
1732028102.2571065,0.21,0.7
1732028102.2770488,0.21,0.7
1732028102.2959683,0.21,0.7
1732028102.3173335,0.21,0.7
1732028102.3362682,0.21,0.7
1732028102.3556154,0.21,0.7
1732028102.3764837,0.21,0.7
1732028102.395646,0.21,0.7
1732028102.415572,0.21,0.7
1732028102.435862,0.21,0.7
1732028102.4563968,0.21,0.7
1732028102.4759824,0.21,0.7
1732028102.4956043,0.21,0.7
1732028102.5163581,0.21,0.7
1732028102.5365534,0.21,0.7
1732028102.5570047,0.21,0.7
1732028102.576929,0.21,0.7
1732028102.5965903,0.21,0.7
1732028102.616712,0.21,0.7
1732028102.6362894,0.21,0.7
1732028102.657193,0.21,0.7
1732028102.677132,0.21,0.7
1732028102.698116,0.21,0.7
1732028102.7156773,0.21,0.7
1732028102.7361858,0.21,0.7
1732028102.7570424,0.21,0.7
1732028102.775847,0.21,0.7
1732028102.7971783,0.21,0.7
1732028102.8194118,0.21,0.7
1732028102.8369493,0.21,0.7
1732028102.859073,0.21,0.7
1732028102.8789332,0.21,0.7
1732028102.8955772,0.21,0.7
1732028102.9172924,0.21,0.7
1732028102.9355946,0.21,0.7
1732028102.9563403,0.21,0.7
1732028102.9762418,0.21,0.7
1732028103.0010993,0.21,0.7
1732028103.0161078,0.21,0.7
1732028103.0368083,0.21,0.7
1732028103.0560207,0.21,0.7
1732028103.076349,0.21,0.7
1732028103.0957315,0.21,0.7
1732028103.115481,0.21,0.7
1732028103.1355963,0.21,0.7
1732028103.1560812,0.21,0.7
1732028103.1755114,0.21,0.7
1732028103.1962242,0.21,0.7
1732028103.2178607,0.21,0.7
1732028103.2380095,0.21,0.7
1732028103.2555115,0.21,0.7
1732028103.276662,0.21,0.7
1732028103.2955241,0.21,0.7
1732028103.3160508,0.21,0.7
1732028103.3354647,0.21,0.7
1732028103.3556101,0.21,0.7
1732028103.375682,0.21,0.7
1732028103.395939,0.21,0.7
1732028103.4157684,0.21,0.7
1732028103.4358873,0.21,0.7
1732028103.4563243,0.21,0.7
1732028103.4757664,0.21,0.7
1732028103.4964778,0.21,0.7
1732028103.5167944,0.21,0.7
1732028103.5358496,0.21,0.7
1732028103.555799,0.21,0.7
1732028103.5779777,0.21,0.7
1732028103.5995958,0.21,0.7
1732028103.622968,0.21,0.7
1732028103.6385548,0.21,0.7
1732028103.656446,0.21,0.7
1732028103.6773489,0.21,0.7
1732028103.696046,0.21,0.7
1732028103.7156956,0.21,0.7
1732028103.737537,0.21,0.7
1732028103.7555225,0.21,0.7
1732028103.7755804,0.21,0.7
1732028103.7954226,0.21,0.7
1732028103.8156743,0.21,0.7
1732028103.8354998,0.21,0.7
1732028103.8555453,0.21,0.7
1732028103.875507,0.21,0.7
1732028103.8955293,0.21,0.7
1732028103.9154713,0.21,0.7
1732028103.9357462,0.21,0.7
1732028103.9637768,0.21,0.7
1732028103.985048,0.21,0.7
1732028104.0011866,0.21,0.7
1732028104.0177884,0.21,0.7
1732028104.0372949,0.21,0.7
1732028104.0559404,0.21,0.7
1732028104.0780547,0.21,0.7
1732028104.0956638,0.21,0.7
1732028104.116392,0.21,0.7
1732028104.1363022,0.21,0.7
1732028104.1563861,0.21,0.7
1732028104.1756337,0.21,0.7
1732028104.1958115,0.21,0.7
1732028104.215959,0.21,0.7
1732028104.235857,0.21,0.7
1732028104.2560055,0.21,0.7
1732028104.275839,0.21,0.7
1732028104.2962444,0.21,0.7
1732028104.315778,0.21,0.7
1732028104.3361702,0.21,0.7
1732028104.3557234,0.21,0.7
1732028104.3759122,0.21,0.7
1732028104.3980887,0.21,0.7
1732028104.4171078,0.21,0.7
1732028104.4370062,0.21,0.7
1732028104.4555855,0.21,0.7
1732028104.4761963,0.21,0.7
1732028104.4959066,0.21,0.7
1732028104.5177572,0.21,0.7
1732028104.5359235,0.21,0.7
1732028104.5559247,0.21,0.7
1732028104.5755591,0.21,0.7
1732028104.5954952,0.21,0.7
1732028104.6159356,0.21,0.7
1732028104.6354806,0.21,0.7
1732028104.6559858,0.21,0.7
1732028104.6755736,0.21,0.7
1732028104.6956718,0.21,0.7
1732028104.7159302,0.21,0.7
1732028104.7365155,0.21,0.7
1732028104.7554984,0.21,0.7
1732028104.775498,0.21,0.7
1732028104.7954767,0.21,0.7
1732028104.8175051,0.21,0.7
1732028104.8366368,0.21,0.7
1732028104.8568697,0.21,0.7
1732028104.8783934,0.21,0.7
1732028104.8974855,0.21,0.7
1732028104.9178777,0.21,0.7
1732028104.935512,0.21,0.7
1732028104.9607122,0.21,0.7
1732028104.9803493,0.21,0.7
1732028104.9995744,0.21,0.7
1732028105.0206912,0.21,0.7
1732028105.0366118,0.21,0.7
1732028105.0563052,0.21,0.7
1732028105.0771766,0.21,0.7
1732028105.0966003,0.21,0.7
1732028105.1156728,0.21,0.7
1732028105.136219,0.21,0.7
1732028105.155678,0.21,0.7
1732028105.1758807,0.21,0.7
1732028105.1958337,0.21,0.7
1732028105.2155192,0.21,0.7
1732028105.2355814,0.21,0.7
1732028105.2554307,0.21,0.7
1732028105.2759712,0.21,0.7
1732028105.2956488,0.21,0.7
1732028105.3159416,0.21,0.7
1732028105.3362837,0.21,0.7
1732028105.3558407,0.21,0.7
1732028105.3791435,0.21,0.7
1732028105.3958561,0.21,0.7
1732028105.4179375,0.21,0.7
1732028105.4355588,0.21,0.7
1732028105.4562664,0.21,0.7
1732028105.4778037,0.21,0.7
1732028105.4957788,0.21,0.7
1732028105.5163162,0.21,0.7
1732028105.5356169,0.21,0.7
1732028105.5559464,0.21,0.7
1732028105.5756478,0.21,0.7
1732028105.5956507,0.21,0.7
1732028105.6171918,0.21,0.7
1732028105.635805,0.21,0.7
1732028105.6607027,0.21,0.7
1732028105.6755502,0.21,0.7
1732028105.6955485,0.21,0.7
1732028105.7163334,0.21,0.7
1732028105.736002,0.21,0.7
1732028105.7556171,0.21,0.7
1732028105.775518,0.21,0.7
1732028105.7955308,0.21,0.7
1732028105.8173058,0.21,0.7
1732028105.8356583,0.21,0.7
1732028105.855786,0.21,0.7
1732028105.876133,0.21,0.7
1732028105.8966312,0.21,0.7
1732028105.9155483,0.21,0.7
1732028105.9359844,0.21,0.7
1732028105.9557002,0.21,0.7
1732028105.9793782,0.21,0.7
1732028106.0006716,0.21,0.7
1732028106.01692,0.21,0.7
1732028106.036772,0.21,0.7
1732028106.056984,0.21,0.7
1732028106.07822,0.21,0.7
1732028106.096883,0.21,0.7
1732028106.1158745,0.21,0.7
1732028106.1355062,0.21,0.7
1732028106.156298,0.21,0.7
1732028106.1772616,0.21,0.7
1732028106.195795,0.21,0.7
1732028106.2157354,0.21,0.7
1732028106.2356877,0.21,0.7
1732028106.2563212,0.21,0.7
1732028106.2769134,0.21,0.7
1732028106.2968128,0.21,0.7
1732028106.316142,0.21,0.7
1732028106.3370328,0.21,0.7
1732028106.356094,0.21,0.7
1732028106.3759642,0.21,0.7
1732028106.3954985,0.2,0.7
1732028106.4155812,0.2,0.7
1732028106.4355848,0.2,0.7
1732028106.4600434,0.2,0.7
1732028106.477033,0.2,0.7
1732028106.4962635,0.2,0.7
1732028106.5165884,0.2,0.7
1732028106.5354614,0.2,0.7
1732028106.5557363,0.2,0.7
1732028106.5761123,0.2,0.7
1732028106.5958881,0.2,0.7
1732028106.615925,0.2,0.7
1732028106.6356835,0.2,0.7
1732028106.655938,0.2,0.7
1732028106.6754625,0.2,0.7
1732028106.6985264,0.2,0.7
1732028106.715572,0.2,0.7
1732028106.7355301,0.2,0.7
1732028106.7577505,0.2,0.7
1732028106.7774384,0.2,0.7
1732028106.7957814,0.2,0.7
1732028106.8169549,0.2,0.7
1732028106.8355193,0.2,0.7
1732028106.856924,0.2,0.7
1732028106.8770642,0.2,0.7
1732028106.8954873,0.2,0.7
1732028106.9157517,0.2,0.7
1732028106.9372067,0.2,0.7
1732028106.9580917,0.2,0.7
1732028106.977657,0.2,0.7
1732028106.9983294,0.2,0.7
1732028107.0167341,0.2,0.7
1732028107.0363536,0.2,0.7
1732028107.0563617,0.2,0.7
1732028107.0762153,0.2,0.7
1732028107.0966449,0.2,0.7
1732028107.1154516,0.2,0.7
1732028107.135477,0.2,0.7
1732028107.1554568,0.2,0.7
1732028107.1755757,0.2,0.7
1732028107.195356,0.2,0.7
1732028107.2179642,0.2,0.7
1732028107.2376268,0.2,0.7
1732028107.2568874,0.2,0.7
1732028107.2755406,0.2,0.7
1732028107.2958798,0.2,0.7
1732028107.3167496,0.2,0.7
1732028107.3356004,0.2,0.7
1732028107.356988,0.2,0.7
1732028107.3761978,0.2,0.7
1732028107.3973958,0.2,0.7
1732028107.4157681,0.2,0.7
1732028107.4367273,0.2,0.7
1732028107.4553862,0.2,0.7
1732028107.4759712,0.2,0.7
1732028107.4954789,0.2,0.7
1732028107.5167835,0.2,0.7
1732028107.5355086,0.2,0.7
1732028107.5557067,0.2,0.7
1732028107.5754304,0.2,0.7
1732028107.5955207,0.2,0.7
1732028107.6161158,0.2,0.7
1732028107.6429381,0.2,0.7
1732028107.6565235,0.2,0.7
1732028107.6777458,0.2,0.7
1732028107.6958892,0.2,0.7
1732028107.719358,0.2,0.7
1732028107.7376163,0.2,0.7
1732028107.7559714,0.2,0.7
1732028107.7771916,0.2,0.7
1732028107.8009024,0.2,0.7
1732028107.815758,0.2,0.7
1732028107.8359737,0.2,0.7
1732028107.8559058,0.2,0.7
1732028107.8764467,0.2,0.7
1732028107.8978198,0.2,0.7
1732028107.917253,0.2,0.7
1732028107.9384754,0.2,0.7
1732028107.9575355,0.2,0.7
1732028107.9762456,0.2,0.7
1732028107.9961877,0.2,0.7
1732028108.0157883,0.2,0.7
1732028108.0366137,0.2,0.7
1732028108.0577366,0.2,0.7
1732028108.0765355,0.2,0.7
1732028108.0963233,0.2,0.7
1732028108.1167676,0.2,0.7
1732028108.1363418,0.2,0.7
1732028108.1558793,0.2,0.7
1732028108.1773674,0.2,0.7
1732028108.1959648,0.2,0.7
1732028108.217337,0.2,0.7
1732028108.2357347,0.2,0.7
1732028108.2554963,0.2,0.7
1732028108.277247,0.2,0.7
1732028108.2979195,0.2,0.7
1732028108.316936,0.2,0.7
1732028108.3361304,0.2,0.7
1732028108.3560364,0.2,0.7
1732028108.376578,0.2,0.7
1732028108.395642,0.2,0.7
1732028108.4154599,0.2,0.7
1732028108.4366825,0.2,0.7
1732028108.4557292,0.2,0.7
1732028108.4767015,0.2,0.7
1732028108.4960363,0.2,0.7
1732028108.5156548,0.2,0.7
1732028108.5356033,0.2,0.7
1732028108.5557084,0.2,0.7
1732028108.5766315,0.2,0.7
1732028108.5956144,0.2,0.7
1732028108.6188228,0.2,0.7
1732028108.6364763,0.2,0.7
1732028108.6577382,0.2,0.7
1732028108.687291,0.2,0.7
1732028108.6959124,0.2,0.7
1732028108.7156608,0.2,0.7
1732028108.7357914,0.2,0.7
1732028108.756006,0.2,0.7
1732028108.7780564,0.2,0.7
1732028108.7955132,0.2,0.7
1732028108.815972,0.2,0.7
1732028108.8362823,0.2,0.7
1732028108.8557613,0.2,0.7
1732028108.8755891,0.2,0.7
1732028108.8959024,0.2,0.7
1732028108.9160972,0.2,0.7
1732028108.9358475,0.2,0.7
1732028108.9555771,0.2,0.7
1732028108.9760935,0.2,0.7
1732028108.99557,0.2,0.7
1732028109.0173695,0.2,0.7
1732028109.0369031,0.2,0.7
1732028109.056558,0.2,0.7
1732028109.0772731,0.21,0.7
1732028109.0956848,0.21,0.7
1732028109.115538,0.21,0.7
1732028109.1356733,0.21,0.7
1732028109.1593556,0.21,0.7
1732028109.1755912,0.21,0.7
1732028109.1975503,0.21,0.7
1732028109.2160242,0.21,0.7
1732028109.2360811,0.21,0.7
1732028109.2560182,0.21,0.7
1732028109.2758915,0.21,0.7
1732028109.29951,0.21,0.7
1732028109.3156567,0.21,0.7
1732028109.3363767,0.21,0.7
1732028109.3558838,0.21,0.7
1732028109.3771045,0.21,0.7
1732028109.3955925,0.21,0.7
1732028109.4163795,0.21,0.7
1732028109.4360757,0.21,0.7
1732028109.456376,0.21,0.7
1732028109.4816248,0.21,0.7
1732028109.4975362,0.21,0.7
1732028109.5159416,0.21,0.7
1732028109.5383847,0.21,0.7
1732028109.5566664,0.21,0.7
1732028109.5797498,0.21,0.7
1732028109.5955954,0.21,0.7
1732028109.6155255,0.21,0.7
1732028109.6382003,0.21,0.7
1732028109.6588695,0.21,0.7
1732028109.676808,0.21,0.7
1732028109.6957285,0.21,0.7
1732028109.7164965,0.21,0.7
1732028109.735457,0.21,0.7
1732028109.7554867,0.21,0.7
1732028109.775462,0.21,0.7
1732028109.7954216,0.21,0.7
1732028109.8158357,0.21,0.7
1732028109.8354242,0.21,0.7
1732028109.8565843,0.21,0.7
1732028109.8778365,0.21,0.7
1732028109.8956547,0.21,0.7
1732028109.9158208,0.21,0.7
1732028109.9354634,0.21,0.7
1732028109.9567952,0.21,0.7
1732028109.9759443,0.21,0.7
1732028109.9961178,0.21,0.7
1732028110.015558,0.21,0.7
1732028110.0363097,0.21,0.7
1732028110.0573802,0.21,0.7
1732028110.0762784,0.21,0.7
1732028110.0955405,0.21,0.7
1732028110.1197925,0.21,0.7
1732028110.1368692,0.21,0.7
1732028110.157537,0.21,0.7
1732028110.1770525,0.21,0.7
1732028110.1976779,0.21,0.7
1732028110.2217705,0.21,0.7
1732028110.2377748,0.21,0.7
1732028110.255682,0.21,0.7
1732028110.27608,0.21,0.7
1732028110.2955163,0.21,0.7
1732028110.3234763,0.21,0.7
1732028110.3376486,0.21,0.7
1732028110.3581817,0.21,0.7
1732028110.37637,0.21,0.7
1732028110.3959556,0.21,0.7
1732028110.415431,0.21,0.7
1732028110.436021,0.21,0.7
1732028110.4557226,0.21,0.7
1732028110.4763718,0.21,0.7
1732028110.4954553,0.21,0.7
1732028110.5154507,0.21,0.7
1732028110.537126,0.21,0.7
1732028110.556383,0.21,0.7
1732028110.5785518,0.21,0.7
1732028110.5959296,0.21,0.7
1732028110.6158466,0.21,0.7
1732028110.6380196,0.21,0.7
1732028110.6567888,0.21,0.7
1732028110.675952,0.21,0.7
1732028110.6954515,0.21,0.7
1732028110.7154584,0.21,0.7
1732028110.7367167,0.21,0.7
1732028110.7560153,0.21,0.7
1732028110.7764733,0.21,0.7
1732028110.796045,0.21,0.7
1732028110.8189948,0.21,0.7
1732028110.8356164,0.21,0.7
1732028110.8556588,0.21,0.7
1732028110.87583,0.21,0.7
1732028110.8956587,0.21,0.7
1732028110.9154148,0.21,0.7
1732028110.9368072,0.21,0.7
1732028110.9556973,0.21,0.7
1732028110.9757888,0.21,0.7
1732028110.9980419,0.21,0.7
1732028111.0156388,0.21,0.7
1732028111.036538,0.21,0.7
1732028111.0562496,0.21,0.7
1732028111.0755446,0.21,0.7
1732028111.0957181,0.21,0.7
1732028111.116917,0.21,0.7
1732028111.135725,0.21,0.7
1732028111.1565855,0.21,0.7
1732028111.176464,0.21,0.7
1732028111.1959774,0.21,0.7
1732028111.215404,0.21,0.7
1732028111.2354038,0.21,0.7
1732028111.255413,0.21,0.7
1732028111.2768834,0.21,0.7
1732028111.296133,0.21,0.7
1732028111.3153934,0.21,0.7
1732028111.3355544,0.21,0.7
1732028111.3573515,0.21,0.7
1732028111.3760393,0.21,0.7
1732028111.3960052,0.21,0.7
1732028111.4159322,0.21,0.7
1732028111.4364417,0.21,0.7
1732028111.4561472,0.21,0.7
1732028111.4758885,0.21,0.7
1732028111.4960172,0.21,0.7
1732028111.5159063,0.21,0.7
1732028111.5367827,0.21,0.7
1732028111.5555587,0.21,0.7
1732028111.576664,0.21,0.7
1732028111.5959735,0.21,0.7
1732028111.6158073,0.21,0.7
1732028111.636467,0.21,0.7
1732028111.6554754,0.21,0.7
1732028111.6766331,0.21,0.7
1732028111.6956027,0.21,0.7
1732028111.7156823,0.21,0.7
1732028111.7371616,0.21,0.7
1732028111.756357,0.21,0.7
1732028111.7783563,0.21,0.7
1732028111.7983599,0.21,0.7
1732028111.8166795,0.21,0.7
1732028111.8360884,0.21,0.7
1732028111.85693,0.21,0.7
1732028111.8791628,0.21,0.7
1732028111.900757,0.21,0.7
1732028111.9205172,0.21,0.7
1732028111.938093,0.21,0.7
1732028111.9555166,0.21,0.7
1732028111.976196,0.21,0.7
1732028111.9989922,0.21,0.7
1732028112.0156279,0.21,0.7
1732028112.0354753,0.21,0.7
1732028112.0559537,0.21,0.7
1732028112.077536,0.2,0.7
1732028112.0969741,0.2,0.7
1732028112.1164048,0.2,0.7
1732028112.1359425,0.2,0.7
1732028112.156613,0.2,0.7
1732028112.177849,0.2,0.7
1732028112.1996057,0.2,0.7
1732028112.218437,0.21,0.7
1732028112.2354553,0.21,0.7
1732028112.2556496,0.21,0.7
1732028112.2775269,0.21,0.7
1732028112.2961028,0.21,0.7
1732028112.3160474,0.21,0.7
1732028112.336967,0.21,0.7
1732028112.3610575,0.21,0.7
1732028112.3784971,0.21,0.7
1732028112.3958383,0.2,0.7
1732028112.4154682,0.2,0.7
1732028112.437056,0.2,0.7
1732028112.4565754,0.2,0.7
1732028112.4761946,0.2,0.7
1732028112.496744,0.2,0.7
1732028112.5160155,0.2,0.7
1732028112.5358706,0.2,0.7
1732028112.5589538,0.2,0.7
1732028112.5778196,0.2,0.7
1732028112.5970294,0.2,0.7
1732028112.6179476,0.2,0.7
1732028112.6402884,0.2,0.7
1732028112.659712,0.2,0.7
1732028112.6761696,0.2,0.7
1732028112.695621,0.2,0.7
1732028112.7155762,0.2,0.7
1732028112.7355695,0.2,0.7
1732028112.7557518,0.2,0.7
1732028112.7780578,0.2,0.7
1732028112.796033,0.2,0.7
1732028112.817086,0.2,0.7
1732028112.8369777,0.2,0.7
1732028112.8572838,0.2,0.7
1732028112.8784246,0.2,0.7
1732028112.8969936,0.2,0.7
1732028112.9169984,0.2,0.7
1732028112.9361663,0.2,0.7
1732028112.9555545,0.2,0.7
1732028112.976308,0.2,0.7
1732028112.9971132,0.2,0.7
1732028113.0164995,0.2,0.7
1732028113.03557,0.2,0.7
1732028113.0557773,0.2,0.7
1732028113.0772405,0.2,0.7
1732028113.0962973,0.2,0.7
1732028113.1180813,0.2,0.7
1732028113.1363277,0.2,0.7
1732028113.1563768,0.2,0.7
1732028113.175822,0.2,0.7
1732028113.195652,0.2,0.7
1732028113.2160258,0.2,0.7
1732028113.2363014,0.2,0.7
1732028113.2561405,0.2,0.7
1732028113.276856,0.2,0.7
1732028113.295641,0.2,0.7
1732028113.3169312,0.2,0.7
1732028113.3364332,0.2,0.7
1732028113.3557003,0.2,0.7
1732028113.377224,0.2,0.7
1732028113.3963678,0.2,0.7
1732028113.4156868,0.2,0.7
1732028113.435467,0.2,0.7
1732028113.4556327,0.2,0.7
1732028113.4790878,0.2,0.7
1732028113.4971602,0.2,0.7
1732028113.5154483,0.2,0.7
1732028113.5357337,0.2,0.7
1732028113.555868,0.2,0.7
1732028113.5785775,0.2,0.7
1732028113.5954378,0.2,0.7
1732028113.6165934,0.2,0.7
1732028113.6357765,0.2,0.7
1732028113.6554716,0.2,0.7
1732028113.6759596,0.2,0.7
1732028113.697048,0.2,0.7
1732028113.7158163,0.2,0.7
1732028113.7355952,0.2,0.7
1732028113.7554288,0.2,0.7
1732028113.7756693,0.2,0.7
1732028113.7954907,0.2,0.7
1732028113.8156598,0.2,0.7
1732028113.8363433,0.2,0.7
1732028113.8557112,0.2,0.7
1732028113.8766215,0.2,0.7
1732028113.8954391,0.2,0.7
1732028113.9183218,0.2,0.7
1732028113.935946,0.2,0.7
1732028113.955636,0.2,0.7
1732028113.975992,0.2,0.7
1732028113.9956605,0.2,0.7
1732028114.0160697,0.2,0.7
1732028114.0366933,0.2,0.7
1732028114.0555887,0.2,0.7
1732028114.0756187,0.2,0.7
1732028114.0962076,0.2,0.7
1732028114.1190295,0.2,0.7
1732028114.136065,0.2,0.7
1732028114.1565943,0.2,0.7
1732028114.1758409,0.2,0.7
1732028114.1962018,0.2,0.7
1732028114.215972,0.2,0.7
1732028114.2379584,0.2,0.7
1732028114.2555132,0.2,0.7
1732028114.2846997,0.2,0.7
1732028114.2990043,0.2,0.7
1732028114.3167233,0.2,0.7
1732028114.335723,0.2,0.7
1732028114.355479,0.2,0.7
1732028114.3767512,0.2,0.7
1732028114.396334,0.2,0.7
1732028114.4176993,0.2,0.7
1732028114.4371862,0.2,0.7
1732028114.4561596,0.2,0.7
1732028114.477008,0.2,0.7
1732028114.4965847,0.2,0.7
1732028114.516731,0.2,0.7
1732028114.5362175,0.2,0.7
1732028114.56339,0.2,0.7
1732028114.5794046,0.2,0.7
1732028114.595785,0.2,0.7
1732028114.6158001,0.2,0.7
1732028114.6361134,0.2,0.7
1732028114.6563075,0.2,0.7
1732028114.6768932,0.2,0.7
1732028114.6962056,0.2,0.7
1732028114.7167811,0.2,0.7
1732028114.7360609,0.2,0.7
1732028114.7564712,0.2,0.7
1732028114.7775397,0.2,0.7
1732028114.7969306,0.2,0.7
1732028114.8216677,0.2,0.7
1732028114.8368661,0.2,0.7
1732028114.8587313,0.2,0.7
1732028114.8773263,0.2,0.7
1732028114.8963077,0.2,0.7
1732028114.9238677,0.2,0.7
1732028114.936134,0.2,0.7
1732028114.955859,0.2,0.7
1732028114.9771113,0.2,0.7
1732028114.996354,0.2,0.7
1732028115.0214164,0.2,0.7
1732028115.0355387,0.2,0.7
1732028115.055897,0.2,0.7
1732028115.0758066,0.2,0.7
1732028115.0962498,0.2,0.7
1732028115.1156497,0.2,0.7
1732028115.1355438,0.2,0.7
1732028115.1555676,0.2,0.7
1732028115.1768486,0.2,0.7
1732028115.1957552,0.2,0.7
1732028115.217045,0.2,0.7
1732028115.235986,0.2,0.7
1732028115.2562745,0.2,0.7
1732028115.275775,0.2,0.7
1732028115.2956464,0.2,0.7
1732028115.3155003,0.2,0.7
1732028115.335762,0.2,0.7
1732028115.3558714,0.2,0.7
1732028115.3765993,0.2,0.7
1732028115.3961148,0.2,0.7
1732028115.4173903,0.2,0.7
1732028115.435737,0.2,0.7
