1732028051.3948135,0.0,0.0,0.0
1732028051.395802,0.0,0.0,0.0
1732028051.4170935,0.0,0.0,0.0
1732028051.4355845,0.0,0.0,0.0
1732028051.4561286,0.0,0.0,0.0
1732028051.4756129,0.0,0.0,0.0
1732028051.495983,0.0,0.0,0.0
1732028051.5170686,0.0,0.0,0.0
1732028051.5374956,0.0,0.0,0.0
1732028051.557281,0.0,0.0,0.0
1732028051.576196,0.0,0.0,0.0
1732028051.595717,0.0,0.0,0.0
1732028051.617072,0.0,0.0,0.0
1732028051.6356976,0.0,0.0,0.0
1732028051.6565125,0.0,0.0,0.0
1732028051.6775665,0.0,0.0,0.0
1732028051.6978416,0.0,0.0,0.0
1732028051.7175124,0.0,0.0,0.0
1732028051.7367208,0.0,0.0,0.0
1732028051.7559922,0.0,0.0,0.0
1732028051.7765763,0.0,0.0,0.0
1732028051.7958417,0.0,0.0,0.0
1732028051.815717,0.0,0.0,0.0
1732028051.8357093,0.0,0.0,0.0
1732028051.8561053,0.0,0.0,0.0
1732028051.8766112,0.0,0.0,0.0
1732028051.8962429,0.0,0.0,0.0
1732028051.9171646,0.0,0.0,0.0
1732028051.9359589,0.0,0.0,0.0
1732028051.9601197,0.0,0.0,0.0
1732028051.9755418,0.0,0.0,0.0
1732028051.9972925,0.0,0.0,0.0
1732028052.0213814,0.0,0.0,0.0
1732028052.0365238,0.0,0.0,0.0
1732028052.0557737,0.0,0.0,0.0
1732028052.0756345,0.0,0.0,0.0
1732028052.0959759,0.0,0.0,0.0
1732028052.1156602,0.0,0.0,0.0
1732028052.1378644,0.0,0.0,0.0
1732028052.156161,0.0,0.0,0.0
1732028052.1756537,0.0,0.0,0.0
1732028052.195821,0.0,0.0,0.0
1732028052.2164845,0.0,0.0,0.0
1732028052.2361953,0.0,0.0,0.0
1732028052.2558577,0.0,0.0,0.0
1732028052.275787,0.0,0.0,0.0
1732028052.2976317,0.0,0.0,0.0
1732028052.316174,0.0,0.0,0.0
1732028052.3358223,0.0,0.0,0.0
1732028052.355945,0.0,0.0,0.0
1732028052.3759224,0.0,0.0,0.0
1732028052.3962183,0.0,0.0,0.0
1732028052.4162238,0.0,0.0,0.0
1732028052.435675,0.0,0.0,0.0
1732028052.4558482,0.0,0.0,0.0
1732028052.4776142,0.0,0.0,0.0
1732028052.4958572,0.0,0.0,0.0
1732028052.5194592,0.0,0.0,0.0
1732028052.5365613,0.0,0.0,0.0
1732028052.557813,0.0,0.0,0.0
1732028052.5763993,0.0,0.0,0.0
1732028052.5958567,0.0,0.0,0.0
1732028052.616877,0.0,0.0,0.0
1732028052.6366663,0.0,0.0,0.0
1732028052.6557164,0.0,0.0,0.0
1732028052.6772335,0.0,0.0,0.0
1732028052.6978583,0.0,0.0,0.0
1732028052.7181878,0.0,0.0,0.0
1732028052.735893,0.0,0.0,0.0
1732028052.7561927,0.0,0.0,0.0
1732028052.7760391,0.0,0.0,0.0
1732028052.7958598,0.0,0.0,0.0
1732028052.8161626,0.0,0.0,0.0
1732028052.8359814,0.0,0.0,0.0
1732028052.8566463,0.0,0.0,0.0
1732028052.8757758,0.0,0.0,0.0
1732028052.8968616,0.0,0.0,0.0
1732028052.9161046,0.0,0.0,0.0
1732028052.9367924,0.0,0.0,0.0
1732028052.9559002,0.0,0.0,0.0
1732028052.9784586,0.0,0.0,0.0
1732028052.9957135,0.0,0.0,0.0
1732028053.0204647,0.0,0.0,0.0
1732028053.0371032,0.0,0.0,0.0
1732028053.0559013,0.0,0.0,0.0
1732028053.076446,0.0,0.0,0.0
1732028053.0963728,0.0,0.0,0.0
1732028053.1166103,0.0,0.0,0.0
1732028053.1371343,0.0,0.0,0.0
1732028053.1573048,0.0,0.0,0.0
1732028053.1767309,0.0,0.0,0.0
1732028053.1968322,0.0,0.0,0.0
1732028053.2178154,0.0,0.0,0.0
1732028053.2364953,0.0,0.0,0.0
1732028053.256735,0.0,0.0,0.0
1732028053.2767189,0.0,0.0,0.0
1732028053.296376,0.0,0.0,0.0
1732028053.3169878,0.0,0.0,0.0
1732028053.336948,0.0,0.0,0.0
1732028053.358936,0.0,0.0,0.0
1732028053.3776987,0.0,0.0,0.0
1732028053.396801,0.0,0.0,0.0
1732028053.4182687,0.0,0.0,0.0
1732028053.4359846,0.0,0.0,0.0
1732028053.455993,0.0,0.0,0.0
1732028053.477039,0.0,0.0,0.0
1732028053.4985251,0.0,0.0,0.0
1732028053.5168614,0.0,0.0,0.0
1732028053.5360856,0.0,0.0,0.0
1732028053.5574472,0.0,0.0,0.0
1732028053.5769374,0.0,0.0,0.0
1732028053.5959928,0.0,0.0,0.0
1732028053.6188328,0.0,0.0,0.0
1732028053.6368427,0.0,0.0,0.0
1732028053.655731,0.0,0.0,0.0
1732028053.6759539,0.0,0.0,0.0
1732028053.6968775,0.0,0.0,0.0
1732028053.7172065,0.0,0.0,0.0
1732028053.7360063,0.0,0.0,0.0
1732028053.7558422,0.0,0.0,0.0
1732028053.7767646,0.0,0.0,0.0
1732028053.7967753,0.0,0.0,0.0
1732028053.8158202,0.0,0.0,0.0
1732028053.8355818,0.0,0.0,0.0
1732028053.8565872,0.0,0.0,0.0
1732028053.8771608,0.0,0.0,0.0
1732028053.8957522,0.0,0.0,0.0
1732028053.9169276,0.0,0.0,0.0
1732028053.9367986,0.0,0.0,0.0
1732028053.958712,0.0,0.0,0.0
1732028053.9772105,0.0,0.0,0.0
1732028053.9964392,0.0,0.0,0.0
1732028054.0162232,0.0,0.0,0.0
1732028054.0369291,0.0,0.0,0.0
1732028054.056249,0.0,0.0,0.0
1732028054.0762107,0.0,0.0,0.0
1732028054.09734,0.0,0.0,0.0
1732028054.1195986,0.0,0.0,0.0
1732028054.1359675,0.0,0.0,0.0
1732028054.1557305,0.0,0.0,0.0
1732028054.1764376,0.0,0.0,0.0
1732028054.1968718,0.0,0.0,0.0
1732028054.2176688,0.0,0.0,0.0
1732028054.2365499,0.0,0.0,0.0
1732028054.2559862,0.0,0.0,0.0
1732028054.2759976,0.0,0.0,0.0
1732028054.2960467,0.0,0.0,0.0
1732028054.3170712,0.0,0.0,0.0
1732028054.3357947,0.0,0.0,0.0
1732028054.356688,0.0,0.0,0.0
1732028054.377538,0.0,0.0,0.0
1732028054.3969688,0.0,0.0,0.0
1732028054.418012,0.0,0.0,0.0
1732028054.4362674,0.0,0.0,0.0
1732028054.4561844,0.0,0.0,0.0
1732028054.4764838,0.0,0.0,0.0
1732028054.4990027,0.0,0.0,0.0
1732028054.5251102,0.0,0.0,0.0
1732028054.535954,0.0,0.0,0.0
1732028054.5562856,0.0,0.0,0.0
1732028054.5766094,0.0,0.0,0.0
1732028054.6003687,0.0,0.0,0.0
1732028054.6192286,0.0,0.0,0.0
1732028054.640954,0.0,0.0,0.0
1732028054.657175,0.0,0.0,0.0
1732028054.6768398,0.0,0.0,0.0
1732028054.696069,0.0,0.0,0.0
1732028054.7187943,0.0,0.0,0.0
1732028054.7365365,0.0,0.0,0.0
1732028054.7560363,0.0,0.0,0.0
1732028054.7769582,0.0,0.0,0.0
1732028054.7960093,0.0,0.0,0.0
1732028054.816382,0.0,0.0,0.0
1732028054.8362803,0.0,0.0,0.0
1732028054.8577688,0.0,0.0,0.0
1732028054.8763914,0.0,0.0,0.0
1732028054.8964014,0.0,0.0,0.0
1732028054.916074,0.0,0.0,0.0
1732028054.9358463,0.0,0.0,0.0
1732028054.9558368,0.0,0.0,0.0
1732028054.977468,0.0,0.0,0.0
1732028054.9997575,0.0,0.0,0.0
1732028055.016313,0.0,0.0,0.0
1732028055.040248,0.0,0.0,0.0
1732028055.0573678,0.0,0.0,0.0
1732028055.0765126,0.0,0.0,0.0
1732028055.0957043,0.0,0.0,0.0
1732028055.1159108,0.0,0.0,0.0
1732028055.1359227,0.0,0.0,0.0
1732028055.1562622,0.0,0.0,0.0
1732028055.1769485,0.0,0.0,0.0
1732028055.1969433,0.0,0.0,0.0
1732028055.216045,0.0,0.0,0.0
1732028055.2360313,0.0,0.0,0.0
1732028055.2562451,0.0,0.0,0.0
1732028055.275753,0.0,0.0,0.0
1732028055.2960963,0.0,0.0,0.0
1732028055.3162656,0.0,0.0,0.0
1732028055.3370376,0.0,0.0,0.0
1732028055.3565075,0.0,0.0,0.0
1732028055.3758137,0.0,0.0,0.0
1732028055.395992,0.0,0.0,0.0
1732028055.4161525,0.0,0.0,0.0
1732028055.4359381,0.0,0.0,0.0
1732028055.461897,0.0,0.0,0.0
1732028055.4761007,0.0,0.0,0.0
1732028055.4954498,0.0,0.0,0.0
1732028055.5156548,0.0,0.0,0.0
1732028055.536641,0.0,0.0,0.0
1732028055.5569096,0.0,0.0,0.0
1732028055.576021,0.0,0.0,0.0
1732028055.5960016,0.0,0.0,0.0
1732028055.61689,0.0,0.0,0.0
1732028055.6365795,0.0,0.0,0.0
1732028055.6557014,0.0,0.0,0.0
1732028055.675769,0.0,0.0,0.0
1732028055.6957922,0.0,0.0,0.0
1732028055.7174969,0.0,0.0,0.0
1732028055.738864,0.0,0.0,0.0
1732028055.7557893,0.0,0.0,0.0
1732028055.776001,0.0,0.0,0.0
1732028055.7956057,0.0,0.0,0.0
1732028055.81646,0.0,0.0,0.0
1732028055.8381724,0.0,0.0,0.0
1732028055.856287,0.0,0.0,0.0
1732028055.8782182,0.0,0.0,0.0
1732028055.89676,0.0,0.0,0.0
1732028055.915963,0.0,0.0,0.0
1732028055.9358253,0.0,0.0,0.0
1732028055.956041,0.0,0.0,0.0
1732028055.9769115,0.0,0.0,0.0
1732028055.9989166,0.0,0.0,0.0
1732028056.0163054,0.0,0.0,0.0
1732028056.0361714,0.0,0.0,0.0
1732028056.0580895,0.0,0.0,0.0
1732028056.077228,0.0,0.0,0.0
1732028056.095766,0.0,0.0,0.0
1732028056.1159978,0.0,0.0,0.0
1732028056.1365716,0.0,0.0,0.0
1732028056.1561584,0.0,0.0,0.0
1732028056.1767483,0.0,0.0,0.0
1732028056.1959994,0.0,0.0,0.0
1732028056.2198987,0.0,0.0,0.0
1732028056.236372,0.0,0.0,0.0
1732028056.2560012,0.0,0.0,0.0
1732028056.2758238,0.0,0.0,0.0
1732028056.2987876,0.0,0.0,0.0
1732028056.3161552,0.0,0.0,0.0
1732028056.3366292,0.0,0.0,0.0
1732028056.3592694,0.0,0.0,0.0
1732028056.376912,0.0,0.0,0.0
1732028056.3961968,0.0,0.0,0.0
1732028056.4156184,0.0,0.0,0.0
1732028056.4364073,0.0,0.0,0.0
1732028056.4558737,0.0,0.0,0.0
1732028056.4762628,0.0,0.0,0.0
1732028056.4970634,0.0,0.0,0.0
1732028056.515639,0.0,0.0,0.0
1732028056.5367124,0.0,0.0,0.0
1732028056.5568166,0.0,0.0,0.0
1732028056.5782688,0.0,0.0,0.0
1732028056.597301,0.0,0.0,0.0
1732028056.6160052,0.0,0.0,0.0
1732028056.639132,0.0,0.0,0.0
1732028056.659026,0.0,0.0,0.0
1732028056.684835,0.0,0.0,0.0
1732028056.6983097,0.0,0.0,0.0
1732028056.7162993,0.0,0.0,0.0
1732028056.7363276,0.0,0.0,0.0
1732028056.755994,0.0,0.0,0.0
1732028056.7761726,0.0,0.0,0.0
1732028056.796789,0.0,0.0,0.0
1732028056.818085,0.0,0.0,0.0
1732028056.8359292,0.0,0.0,0.0
1732028056.8562899,0.0,0.0,0.0
1732028056.8761334,0.0,0.0,0.0
1732028056.897442,0.0,0.0,0.0
1732028056.9180267,0.0,0.0,0.0
1732028056.9371336,0.0,0.0,0.0
1732028056.9560728,0.0,0.0,0.0
1732028056.9767728,0.0,0.0,0.0
1732028056.9982715,0.0,0.0,0.0
1732028057.0159376,0.0,0.0,0.0
1732028057.0373702,0.0,0.0,0.0
1732028057.0589466,0.0,0.0,0.0
1732028057.0774002,0.0,0.0,0.0
1732028057.0958605,0.0,0.0,0.0
1732028057.1159103,0.0,0.0,0.0
1732028057.135981,0.0,0.0,0.0
1732028057.1562471,0.0,0.0,0.0
1732028057.1763616,0.0,0.0,0.0
1732028057.1960723,0.0,0.0,0.0
1732028057.2158456,0.0,0.0,0.0
1732028057.2356308,0.0,0.0,0.0
1732028057.2554996,0.0,0.0,0.0
1732028057.2760084,0.0,0.0,0.0
1732028057.2962792,0.0,0.0,0.0
1732028057.3202665,0.0,0.0,0.0
1732028057.3404665,0.0,0.0,0.0
1732028057.3567312,0.0,0.0,0.0
1732028057.3776596,0.0,0.0,0.0
1732028057.3958802,0.0,0.0,0.0
1732028057.417542,0.0,0.0,0.0
1732028057.4365997,0.0,0.0,0.0
1732028057.4561465,0.0,0.0,0.0
1732028057.4760308,0.0,0.0,0.0
1732028057.4988923,0.0,0.0,0.0
1732028057.516937,0.0,0.0,0.0
1732028057.5359771,0.0,0.0,0.0
1732028057.5562756,0.0,0.0,0.0
1732028057.576682,0.0,0.0,0.0
1732028057.5966988,0.0,0.0,0.0
1732028057.6162386,0.0,0.0,0.0
1732028057.636267,0.0,0.0,0.0
1732028057.657495,0.0,0.0,0.0
1732028057.6762495,0.0,0.0,0.0
1732028057.700121,0.0,0.0,0.0
1732028057.7182083,0.0,0.0,0.0
1732028057.737381,0.0,0.0,0.0
1732028057.7561595,0.0,0.0,0.0
1732028057.776482,0.0,0.0,0.0
1732028057.7961419,0.0,0.0,0.0
1732028057.8166828,0.0,0.0,0.0
1732028057.8367214,0.0,0.0,0.0
1732028057.857257,0.0,0.0,0.0
1732028057.8759975,0.0,0.0,0.0
1732028057.896448,0.0,0.0,0.0
1732028057.9164035,0.0,0.0,0.0
1732028057.9358723,0.0,0.0,0.0
1732028057.9564857,0.0,0.0,0.0
1732028057.976194,0.0,0.0,0.0
1732028057.9984107,0.0,0.0,0.0
1732028058.0163655,0.0,0.0,0.0
1732028058.037724,0.0,0.0,0.0
1732028058.0581057,0.0,0.0,0.0
1732028058.0763447,0.0,0.0,0.0
1732028058.096464,0.0,0.0,0.0
1732028058.1158996,0.0,0.0,0.0
1732028058.1360414,0.0,0.0,0.0
1732028058.159667,0.0,0.0,0.0
1732028058.1759727,0.0,0.0,0.0
1732028058.19611,0.0,0.0,0.0
1732028058.2160635,0.0,0.0,0.0
1732028058.2358704,0.0,0.0,0.0
1732028058.2556252,0.0,0.0,0.0
1732028058.2759416,0.0,0.0,0.0
1732028058.2964694,0.0,0.0,0.0
1732028058.3155525,0.0,0.0,0.0
1732028058.3355744,0.0,0.0,0.0
1732028058.3562896,0.0,0.0,0.0
1732028058.377593,0.0,0.0,0.0
1732028058.395978,0.0,0.0,0.0
1732028058.4159107,0.0,0.0,0.0
1732028058.4362183,0.0,0.0,0.0
1732028058.4559922,0.0,0.0,0.0
1732028058.4777787,0.0,0.0,0.0
1732028058.4963508,0.0,0.0,0.0
1732028058.5168495,0.0,0.0,0.0
1732028058.5368805,0.0,0.0,0.0
1732028058.5567002,0.0,0.0,0.0
1732028058.5765412,0.0,0.0,0.0
1732028058.5966458,0.0,0.0,0.0
1732028058.6173124,0.0,0.0,0.0
1732028058.6380792,0.0,0.0,0.0
1732028058.6595924,0.0,0.0,0.0
1732028058.6766732,0.0,0.0,0.0
1732028058.6969774,0.0,0.0,0.0
1732028058.7172127,0.0,0.0,0.0
1732028058.7357872,0.0,0.0,0.0
1732028058.7564442,0.0,0.0,0.0
1732028058.7764626,0.0,0.0,0.0
1732028058.7969966,0.0,0.0,0.0
1732028058.8175051,0.0,0.0,0.0
1732028058.8361194,0.0,0.0,0.0
1732028058.8568294,0.0,0.0,0.0
1732028058.8765082,0.0,0.0,0.0
1732028058.895658,0.0,0.0,0.0
1732028058.9187741,0.0,0.0,0.0
1732028058.9364343,0.0,0.0,0.0
1732028058.956795,0.0,0.0,0.0
1732028058.9759023,0.0,0.0,0.0
1732028058.9957542,0.0,0.0,0.0
1732028059.0162997,0.0,0.0,0.0
1732028059.0371344,0.0,0.0,0.0
1732028059.0557995,0.0,0.0,0.0
1732028059.0773025,0.0,0.0,0.0
1732028059.0971625,0.0,0.0,0.0
1732028059.117789,0.0,0.0,0.0
1732028059.1368542,0.0,0.0,0.0
1732028059.1562977,0.0,0.0,0.0
1732028059.1817136,0.0,0.0,0.0
1732028059.1972835,0.0,0.0,0.0
1732028059.2158568,0.0,0.0,0.0
1732028059.237102,0.0,0.0,0.0
1732028059.2619793,0.0,0.0,0.0
1732028059.276386,0.0,0.0,0.0
1732028059.2973208,0.0,0.0,0.0
1732028059.3156896,0.0,0.0,0.0
1732028059.3378334,0.0,0.0,0.0
1732028059.3568575,0.0,0.0,0.0
1732028059.3760898,0.0,0.0,0.0
1732028059.3992965,0.0,0.0,0.0
1732028059.4164038,0.0,0.0,0.0
1732028059.436983,0.0,0.0,0.0
1732028059.4562244,0.0,0.0,0.0
1732028059.476299,0.0,0.0,0.0
1732028059.4963653,0.0,0.0,0.0
1732028059.5157933,0.0,0.0,0.0
1732028059.5362191,0.0,0.0,0.0
1732028059.5564055,0.0,0.0,0.0
1732028059.576059,0.0,0.0,0.0
1732028059.596218,0.0,0.0,0.0
1732028059.6172693,0.0,0.0,0.0
1732028059.6359127,0.0,0.0,0.0
1732028059.6563537,0.0,0.0,0.0
1732028059.6759613,0.0,0.0,0.0
1732028059.6957123,0.0,0.0,0.0
1732028059.7158108,0.0,0.0,0.0
1732028059.7361114,0.0,0.0,0.0
1732028059.7559242,0.0,0.0,0.0
1732028059.775868,0.0,0.0,0.0
1732028059.7965846,0.0,0.0,0.0
1732028059.8156033,0.0,0.0,0.0
1732028059.8359087,0.0,0.0,0.0
1732028059.8572152,0.0,0.0,0.0
1732028059.8797755,0.0,0.0,0.0
1732028059.8970664,0.0,0.0,0.0
1732028059.9164364,0.0,0.0,0.0
1732028059.937332,0.0,0.0,0.0
1732028059.9566698,0.0,0.0,0.0
1732028059.9756825,0.0,0.0,0.0
1732028059.9978125,0.0,0.0,0.0
1732028060.0162785,0.0,0.0,0.0
1732028060.0361543,0.0,0.0,0.0
1732028060.0563571,0.0,0.0,0.0
1732028060.076862,0.0,0.0,0.0
1732028060.09638,0.0,0.0,0.0
1732028060.1186502,0.0,0.0,0.0
1732028060.137173,0.0,0.0,0.0
1732028060.1559663,0.0,0.0,0.0
1732028060.17731,0.0,0.0,0.0
1732028060.19625,0.0,0.0,0.0
1732028060.2177649,0.0,0.0,0.0
1732028060.2360125,0.0,0.0,0.0
1732028060.2580523,0.0,0.0,0.0
1732028060.2759426,0.0,0.0,0.0
1732028060.2970202,0.0,0.0,0.0
1732028060.316202,0.0,0.0,0.0
1732028060.3367288,0.0,0.0,0.0
1732028060.3576467,0.0,0.0,0.0
1732028060.377141,0.0,0.0,0.0
1732028060.3958056,0.0,0.0,0.0
1732028060.415948,0.0,0.0,0.0
1732028060.4357302,0.0,0.0,0.0
1732028060.4562001,0.0,0.0,0.0
1732028060.4764793,0.0,0.0,0.0
1732028060.4957583,0.0,0.0,0.0
1732028060.5163407,0.0,0.0,0.0
1732028060.5359094,0.0,0.0,0.0
1732028060.555955,0.0,0.0,0.0
1732028060.576696,0.0,0.0,0.0
1732028060.5962975,0.0,0.0,0.0
1732028060.6160274,0.0,0.0,0.0
1732028060.6368082,0.0,0.0,0.0
1732028060.6563368,0.0,0.0,0.0
1732028060.676171,0.0,0.0,0.0
1732028060.6963222,0.0,0.0,0.0
1732028060.716999,0.0,0.0,0.0
1732028060.7365425,0.0,0.0,0.0
1732028060.7565284,0.0,0.0,0.0
1732028060.7764966,0.0,0.0,0.0
1732028060.7957783,0.0,0.0,0.0
1732028060.8160088,0.0,0.0,0.0
1732028060.8365583,0.0,0.0,0.0
1732028060.8562179,0.0,0.0,0.0
1732028060.8759546,0.0,0.0,0.0
1732028060.8960092,0.0,0.0,0.0
1732028060.9174657,0.0,0.0,0.0
1732028060.9368825,0.0,0.0,0.0
1732028060.9566214,0.0,0.0,0.0
1732028060.9793837,0.0,0.0,0.0
1732028060.9976587,0.0,0.0,0.0
1732028061.016165,0.0,0.0,0.0
1732028061.0358584,0.0,0.0,0.0
1732028061.055761,0.0,0.0,0.0
1732028061.0763018,0.0,0.0,0.0
1732028061.096619,0.0,0.0,0.0
1732028061.1156478,0.0,0.0,0.0
1732028061.137018,0.0,0.0,0.0
1732028061.156232,0.0,0.0,0.0
1732028061.177553,0.0,0.0,0.0
1732028061.1960528,0.0,0.0,0.0
1732028061.2159297,0.0,0.0,0.0
1732028061.2360299,0.0,0.0,0.0
1732028061.255989,0.0,0.0,0.0
1732028061.2757804,0.0,0.0,0.0
1732028061.296136,0.0,0.0,0.0
1732028061.316201,0.0,0.0,0.0
1732028061.3355975,0.0,0.0,0.0
1732028061.3559506,0.0,0.0,0.0
1732028061.3768861,0.0,0.0,0.0
1732028061.396302,0.0,0.0,0.0
1732028061.4173014,0.0,0.0,0.0
1732028061.4357574,0.0,0.0,0.0
1732028061.456023,0.0,0.0,0.0
1732028061.4771595,0.0,0.0,0.0
1732028061.4969084,0.0,0.0,0.0
1732028061.5173495,0.0,0.0,0.0
1732028061.5363023,0.0,0.0,0.0
1732028061.558156,0.0,0.0,0.0
1732028061.5763125,0.0,0.0,0.0
1732028061.5999951,0.0,0.0,0.0
1732028061.6173418,0.0,0.0,0.0
1732028061.635852,0.0,0.0,0.0
1732028061.6559746,0.0,0.0,0.0
1732028061.6769924,0.0,0.0,0.0
1732028061.6972344,0.0,0.0,0.0
1732028061.7176404,0.0,0.0,0.0
1732028061.735755,0.0,0.0,0.0
1732028061.7564204,0.0,0.0,0.0
1732028061.7766402,0.0,0.0,0.0
1732028061.7958891,0.0,0.0,0.0
1732028061.8168447,0.0,0.0,0.0
1732028061.835979,0.0,0.0,0.0
1732028061.8562374,0.0,0.0,0.0
1732028061.8762934,0.0,0.0,0.0
1732028061.895972,0.0,0.0,0.0
1732028061.915951,0.0,0.0,0.0
1732028061.9357448,0.0,0.0,0.0
1732028061.9572654,0.0,0.0,0.0
1732028061.9789762,0.0,0.0,0.0
1732028061.9962394,0.0,0.0,0.0
1732028062.0156808,0.0,0.0,0.0
1732028062.0365648,0.0,0.0,0.0
1732028062.0568836,0.0,0.0,0.0
1732028062.075902,0.0,0.0,0.0
1732028062.0960155,0.0,0.0,0.0
1732028062.1160119,0.0,0.0,0.0
1732028062.1370287,0.0,0.0,0.0
1732028062.155953,0.0,0.0,0.0
1732028062.1767173,0.0,0.0,0.0
1732028062.195922,0.0,0.0,0.0
1732028062.2169516,0.0,0.0,0.0
1732028062.235684,0.0,0.0,0.0
1732028062.255506,0.0,0.0,0.0
1732028062.2760978,0.0,0.0,0.0
1732028062.2964964,0.0,0.0,0.0
1732028062.315785,0.0,0.0,0.0
1732028062.335785,0.0,0.0,0.0
1732028062.3564677,0.0,0.0,0.0
1732028062.3812249,0.0,0.0,0.0
1732028062.3960302,0.0,0.0,0.0
1732028062.4158556,0.0,0.0,0.0
1732028062.4362743,0.0,0.0,0.0
1732028062.4563973,0.0,0.0,0.0
1732028062.4760146,0.0,0.0,0.0
1732028062.4961054,0.0,0.0,0.0
1732028062.519186,0.0,0.0,0.0
1732028062.5370154,0.0,0.0,0.0
1732028062.5561898,0.0,0.0,0.0
1732028062.5759757,0.0,0.0,0.0
1732028062.5959113,0.0,0.0,0.0
1732028062.6183298,0.0,0.0,0.0
1732028062.636459,0.0,0.0,0.0
1732028062.656067,0.0,0.0,0.0
1732028062.675995,0.0,0.0,0.0
1732028062.6970074,0.0,0.0,0.0
1732028062.71788,0.0,0.0,0.0
1732028062.7355947,0.0,0.0,0.0
1732028062.7559147,0.0,0.0,0.0
1732028062.7758229,0.0,0.0,0.0
1732028062.7984502,0.0,0.0,0.0
1732028062.8172665,0.0,0.0,0.0
1732028062.8360865,0.0,0.0,0.0
1732028062.8568234,0.0,0.0,0.0
1732028062.876721,0.0,0.0,0.0
1732028062.8959222,0.0,0.0,0.0
1732028062.9159017,0.0,0.0,0.0
1732028062.9356875,0.0,0.0,0.0
1732028062.9557667,0.0,0.0,0.0
1732028062.9760714,0.0,0.0,0.0
1732028062.9964252,0.0,0.0,0.0
1732028063.0180311,0.0,0.0,0.0
1732028063.0360742,0.0,0.0,0.0
1732028063.0560668,0.0,0.0,0.0
1732028063.0764763,0.0,0.0,0.0
1732028063.0959468,0.0,0.0,0.0
1732028063.1159146,0.0,0.0,0.0
1732028063.135808,0.0,0.0,0.0
1732028063.1559036,0.0,0.0,0.0
1732028063.1761177,0.0,0.0,0.0
1732028063.1966393,0.0,0.0,0.0
1732028063.2176301,0.0,0.0,0.0
1732028063.2364283,0.0,0.0,0.0
1732028063.256404,0.0,0.0,0.0
1732028063.2772875,0.0,0.0,0.0
1732028063.297118,0.0,0.0,0.0
1732028063.319427,0.0,0.0,0.0
1732028063.3382964,0.0,0.0,0.0
1732028063.362342,0.0,0.0,0.0
1732028063.3780088,0.0,0.0,0.0
1732028063.3956158,0.0,0.0,0.0
1732028063.4160233,0.0,0.0,0.0
1732028063.436023,0.0,0.0,0.0
1732028063.4558768,0.0,0.0,0.0
1732028063.476973,0.0,0.0,0.0
1732028063.4975343,0.0,0.0,0.0
1732028063.5197587,0.0,0.0,0.0
1732028063.538194,0.0,0.0,0.0
1732028063.5593722,0.0,0.0,0.0
1732028063.5764763,0.0,0.0,0.0
1732028063.5991273,0.0,0.0,0.0
1732028063.6177788,0.0,0.0,0.0
1732028063.6366558,0.0,0.0,0.0
1732028063.6587932,0.0,0.0,0.0
1732028063.6766531,0.0,0.0,0.0
1732028063.6966224,0.0,0.0,0.0
1732028063.7188432,0.0,0.0,0.0
1732028063.7360566,0.0,0.0,0.0
1732028063.7578857,0.0,0.0,0.0
1732028063.776229,0.0,0.0,0.0
1732028063.7968652,0.0,0.0,0.0
1732028063.8185263,0.0,0.0,0.0
1732028063.8357818,0.0,0.0,0.0
1732028063.855719,0.0,0.0,0.0
1732028063.8759778,0.0,0.0,0.0
1732028063.8960166,0.0,0.0,0.0
1732028063.9160287,0.0,0.0,0.0
1732028063.937638,0.0,0.0,0.0
1732028063.9568577,0.0,0.0,0.0
1732028063.976761,0.0,0.0,0.0
1732028063.9967606,0.0,0.0,0.0
1732028064.0187757,0.0,0.0,0.0
1732028064.0397084,0.0,0.0,0.0
1732028064.058767,0.0,0.0,0.0
1732028064.0766675,0.0,0.0,0.0
1732028064.0963159,0.0,0.0,0.0
1732028064.117645,0.0,0.0,0.0
1732028064.1366212,0.0,0.0,0.0
1732028064.1559722,0.0,0.0,0.0
1732028064.176039,0.0,0.0,0.0
1732028064.197022,0.0,0.0,0.0
1732028064.215676,0.0,0.0,0.0
1732028064.2362294,0.0,0.0,0.0
1732028064.256723,0.0,0.0,0.0
1732028064.2802625,0.0,0.0,0.0
1732028064.296347,0.0,0.0,0.0
1732028064.3187008,0.0,0.0,0.0
1732028064.3379788,0.0,0.0,0.0
1732028064.3565423,0.0,0.0,0.0
1732028064.3771524,0.0,0.0,0.0
1732028064.396725,0.0,0.0,0.0
1732028064.418594,0.0,0.0,0.0
1732028064.4365766,0.0,0.0,0.0
1732028064.4564638,0.0,0.0,0.0
1732028064.4763649,0.0,0.0,0.0
1732028064.4963202,0.0,0.0,0.0
1732028064.5159562,0.0,0.0,0.0
1732028064.5363765,0.0,0.0,0.0
1732028064.5582829,0.0,0.0,0.0
1732028064.5767035,0.0,0.0,0.0
1732028064.5964513,0.0,0.0,0.0
1732028064.6176028,0.0,0.0,0.0
1732028064.6355968,0.0,0.0,0.0
1732028064.6565924,0.0,0.0,0.0
1732028064.6763139,0.0,0.0,0.0
1732028064.6969879,0.0,0.0,0.0
1732028064.715683,0.0,0.0,0.0
1732028064.736163,0.0,0.0,0.0
1732028064.7569127,0.0,0.0,0.0
1732028064.7769663,0.0,0.0,0.0
1732028064.797624,0.0,0.0,0.0
1732028064.8179154,0.0,0.0,0.0
1732028064.836521,0.0,0.0,0.0
1732028064.8566802,0.0,0.0,0.0
1732028064.8765132,0.0,0.0,0.0
1732028064.8975272,0.0,0.0,0.0
1732028064.9159904,0.0,0.0,0.0
1732028064.9354885,0.0,0.0,0.0
1732028064.9558532,0.0,0.0,0.0
1732028064.9757442,0.0,0.0,0.0
1732028064.9975884,0.0,0.0,0.0
1732028065.01598,0.0,0.0,0.0
1732028065.0359695,0.0,0.0,0.0
1732028065.0556877,0.0,0.0,0.0
1732028065.082227,0.0,0.0,0.0
1732028065.0959485,0.0,0.0,0.0
1732028065.118203,0.0,0.0,0.0
1732028065.1362925,0.0,0.0,0.0
1732028065.157504,0.0,0.0,0.0
1732028065.1770196,0.0,0.0,0.0
1732028065.196287,0.0,0.0,0.0
1732028065.2174149,0.0,0.0,0.0
1732028065.23598,0.0,0.0,0.0
1732028065.256816,0.0,0.0,0.0
1732028065.2758133,0.0,0.0,0.0
1732028065.2968626,0.0,0.0,0.0
1732028065.3164575,0.0,0.0,0.0
1732028065.335941,0.0,0.0,0.0
1732028065.3585966,0.0,0.0,0.0
1732028065.3759356,0.0,0.0,0.0
1732028065.3959422,0.0,0.0,0.0
1732028065.416431,0.0,0.0,0.0
1732028065.4361546,0.0,0.0,0.0
1732028065.4563463,0.0,0.0,0.0
1732028065.4781783,0.0,0.0,0.0
1732028065.4977455,0.0,0.0,0.0
1732028065.5175939,0.0,0.0,0.0
1732028065.5365143,0.0,0.0,0.0
1732028065.5576332,0.0,0.0,0.0
1732028065.575828,0.0,0.0,0.0
1732028065.598806,0.0,0.0,0.0
1732028065.6159177,0.0,0.0,0.0
1732028065.635905,0.0,0.0,0.0
1732028065.6562948,0.0,0.0,0.0
1732028065.67733,0.0,0.0,0.0
1732028065.6980734,0.0,0.0,0.0
1732028065.7163198,0.0,0.0,0.0
1732028065.7370744,0.0,0.0,0.0
1732028065.7563431,0.0,0.0,0.0
1732028065.7770355,0.0,0.0,0.0
1732028065.7982671,0.0,0.0,0.0
1732028065.815847,0.0,0.0,0.0
1732028065.8356526,0.0,0.0,0.0
1732028065.8574781,0.0,0.0,0.0
1732028065.876467,0.0,0.0,0.0
1732028065.8971057,0.0,0.0,0.0
1732028065.915833,0.0,0.0,0.0
1732028065.935798,0.0,0.0,0.0
1732028065.9563127,0.0,0.0,0.0
1732028065.976434,0.0,0.0,0.0
1732028065.9977708,0.0,0.0,0.0
1732028066.0176158,0.0,0.0,0.0
1732028066.0373304,0.0,0.0,0.0
1732028066.0569994,0.0,0.0,0.0
1732028066.0763175,0.0,0.0,0.0
1732028066.096281,0.0,0.0,0.0
1732028066.1158464,0.0,0.0,0.0
1732028066.135909,0.0,0.0,0.0
1732028066.156314,0.0,0.0,0.0
1732028066.1875217,0.0,0.0,0.0
1732028066.1963475,0.0,0.0,0.0
1732028066.2171113,0.0,0.0,0.0
1732028066.2363946,0.0,0.0,0.0
1732028066.2592223,0.0,0.0,0.0
1732028066.2771482,0.0,0.0,0.0
1732028066.2971702,0.0,0.0,0.0
1732028066.316763,0.0,0.0,0.0
1732028066.3359692,0.0,0.0,0.0
1732028066.3573482,0.0,0.0,0.0
1732028066.376152,0.0,0.0,0.0
1732028066.3960154,0.0,0.0,0.0
1732028066.4178188,0.0,0.0,0.0
1732028066.4358568,0.0,0.0,0.0
1732028066.462309,0.0,0.0,0.0
1732028066.476647,0.0,0.0,0.0
1732028066.496716,0.0,0.0,0.0
1732028066.5161746,0.0,0.0,0.0
1732028066.5374548,0.0,0.0,0.0
1732028066.555947,0.0,0.0,0.0
1732028066.5764303,0.0,0.0,0.0
1732028066.6013887,0.0,0.0,0.0
1732028066.6185863,0.0,0.0,0.0
1732028066.636455,0.0,0.0,0.0
1732028066.6569693,0.0,0.0,0.0
1732028066.6761892,0.0,0.0,0.0
1732028066.696032,0.0,0.0,0.0
1732028066.7158105,0.0,0.0,0.0
1732028066.7367399,0.0,0.0,0.0
1732028066.7555819,0.0,0.0,0.0
1732028066.7767465,0.0,0.0,0.0
1732028066.7966325,0.0,0.0,0.0
1732028066.815562,0.0,0.0,0.0
1732028066.836993,0.0,0.0,0.0
1732028066.8559873,0.0,0.0,0.0
1732028066.8761842,0.0,0.0,0.0
1732028066.8964427,0.0,0.0,0.0
1732028066.9158287,0.0,0.0,0.0
1732028066.9366841,0.0,0.0,0.0
1732028066.9561982,0.0,0.0,0.0
1732028066.975513,0.0,0.0,0.0
1732028066.9982018,0.0,0.0,0.0
1732028067.01732,0.0,0.0,0.0
1732028067.037875,0.0,0.0,0.0
1732028067.0648072,0.0,0.0,0.0
1732028067.076552,0.0,0.0,0.0
1732028067.096651,0.0,0.0,0.0
1732028067.1162674,0.0,0.0,0.0
1732028067.1358538,0.0,0.0,0.0
1732028067.1558955,0.0,0.0,0.0
1732028067.1758282,0.0,0.0,0.0
1732028067.1972814,0.0,0.0,0.0
1732028067.217873,0.0,0.0,0.0
1732028067.240697,0.0,0.0,0.0
1732028067.2580636,0.0,0.0,0.0
1732028067.2756126,0.0,0.0,0.0
1732028067.295893,0.0,0.0,0.0
1732028067.31599,0.0,0.0,0.0
1732028067.336806,0.0,0.0,0.0
1732028067.3617122,0.0,0.0,0.0
1732028067.3766963,0.0,0.0,0.0
1732028067.3960474,0.0,0.0,0.0
1732028067.4161296,0.0,0.0,0.0
1732028067.4362345,0.0,0.0,0.0
1732028067.455949,0.0,0.0,0.0
1732028067.4765763,0.0,0.0,0.0
1732028067.4966388,0.0,0.0,0.0
1732028067.5159588,0.0,0.0,0.0
1732028067.536189,0.0,0.0,0.0
1732028067.5562465,0.0,0.0,0.0
1732028067.575716,0.0,0.0,0.0
1732028067.595596,0.0,0.0,0.0
1732028067.6164763,0.0,0.0,0.0
1732028067.6361523,0.0,0.0,0.0
1732028067.6570442,0.0,0.0,0.0
1732028067.678914,0.0,0.0,0.0
1732028067.697783,0.0,0.0,0.0
1732028067.7195244,0.0,0.0,0.0
1732028067.7361088,0.0,0.0,0.0
1732028067.756027,0.0,0.0,0.0
1732028067.7759764,0.0,0.0,0.0
1732028067.796888,0.0,0.0,0.0
1732028067.8180203,0.0,0.0,0.0
1732028067.8356872,0.0,0.0,0.0
1732028067.8570275,0.0,0.0,0.0
1732028067.8763247,0.0,0.0,0.0
1732028067.8958251,0.0,0.0,0.0
1732028067.917145,0.0,0.0,0.0
1732028067.9360878,0.0,0.0,0.0
1732028067.956056,0.0,0.0,0.0
1732028067.9760084,0.0,0.0,0.0
1732028067.9964614,0.0,0.0,0.0
1732028068.0172186,0.0,0.0,0.0
1732028068.0360734,0.0,0.0,0.0
1732028068.0559306,0.0,0.0,0.0
1732028068.0759857,0.0,0.0,0.0
1732028068.0962195,0.0,0.0,0.0
1732028068.1160908,0.0,0.0,0.0
1732028068.1364696,0.0,0.0,0.0
1732028068.1580188,0.0,0.0,0.0
1732028068.1758215,0.0,0.0,0.0
1732028068.196306,0.0,0.0,0.0
1732028068.2175994,0.0,0.0,0.0
1732028068.2364917,0.0,0.0,0.0
1732028068.2580462,0.0,0.0,0.0
1732028068.2763429,0.0,0.0,0.0
1732028068.2962475,0.0,0.0,0.0
1732028068.316987,0.0,0.0,0.0
1732028068.3372018,0.0,0.0,0.0
1732028068.3574193,0.0,0.0,0.0
1732028068.3780117,0.0,0.0,0.0
1732028068.3963223,0.0,0.0,0.0
1732028068.4160619,0.0,0.0,0.0
1732028068.4363546,0.0,0.0,0.0
1732028068.4602797,0.0,0.0,0.0
1732028068.4756608,0.0,0.0,0.0
1732028068.4961011,0.0,0.0,0.0
1732028068.51585,0.0,0.0,0.0
1732028068.5357637,0.0,0.0,0.0
1732028068.5557573,0.0,0.0,0.0
1732028068.5755656,0.0,0.0,0.0
1732028068.5960293,0.0,0.0,0.0
1732028068.616028,0.0,0.0,0.0
1732028068.6369908,0.0,0.0,0.0
1732028068.6559842,0.0,0.0,0.0
1732028068.6758423,0.0,0.0,0.0
1732028068.6969476,0.0,0.0,0.0
1732028068.7156034,0.0,0.0,0.0
1732028068.7357593,0.0,0.0,0.0
1732028068.7565699,0.0,0.0,0.0
1732028068.776704,0.0,0.0,0.0
1732028068.7963884,0.0,0.0,0.0
1732028068.8170488,0.0,0.0,0.0
1732028068.8360212,0.0,0.0,0.0
1732028068.8574493,0.0,0.0,0.0
1732028068.8759458,0.0,0.0,0.0
1732028068.8963296,0.0,0.0,0.0
1732028068.9160566,0.0,0.0,0.0
1732028068.9359934,0.0,0.0,0.0
1732028068.9559672,0.0,0.0,0.0
1732028068.977108,0.0,0.0,0.0
1732028068.9963236,0.0,0.0,0.0
1732028069.0163302,0.0,0.0,0.0
1732028069.0367227,0.0,0.0,0.0
1732028069.0560455,0.0,0.0,0.0
1732028069.076368,0.0,0.0,0.0
1732028069.0964808,0.0,0.0,0.0
1732028069.1162658,0.0,0.0,0.0
1732028069.136934,0.0,0.0,0.0
1732028069.1574454,0.0,0.0,0.0
1732028069.176277,0.0,0.0,0.0
1732028069.19624,0.0,0.0,0.0
1732028069.2162087,0.0,0.0,0.0
1732028069.2364964,0.0,0.0,0.0
1732028069.2557857,0.0,0.0,0.0
1732028069.2769356,0.0,0.0,0.0
1732028069.2965808,0.0,0.0,0.0
1732028069.3169212,0.0,0.0,0.0
1732028069.3372853,0.0,0.0,0.0
1732028069.3558023,0.0,0.0,0.0
1732028069.3761618,0.0,0.0,0.0
1732028069.3963075,0.0,0.0,0.0
1732028069.4156477,0.0,0.0,0.0
1732028069.4360313,0.0,0.0,0.0
1732028069.4568384,0.0,0.0,0.0
1732028069.4768264,0.0,0.0,0.0
1732028069.4960458,0.0,0.0,0.0
1732028069.5161676,0.0,0.0,0.0
1732028069.5361972,0.0,0.0,0.0
1732028069.5557904,0.0,0.0,0.0
1732028069.5768085,0.0,0.0,0.0
1732028069.5956564,0.0,0.0,0.0
1732028069.6158247,0.0,0.0,0.0
1732028069.6357396,0.0,0.0,0.0
1732028069.6557872,0.0,0.0,0.0
1732028069.6773589,0.0,0.0,0.0
1732028069.6962228,0.0,0.0,0.0
1732028069.7177145,0.0,0.0,0.0
1732028069.737057,0.0,0.0,0.0
1732028069.756175,0.0,0.0,0.0
1732028069.775715,0.0,0.0,0.0
1732028069.7963915,0.0,0.0,0.0
1732028069.8160279,0.0,0.0,0.0
1732028069.8394773,0.0,0.0,0.0
1732028069.855721,0.0,0.0,0.0
1732028069.8769124,0.0,0.0,0.0
1732028069.896038,0.0,0.0,0.0
1732028069.915916,0.0,0.0,0.0
1732028069.936323,0.0,0.0,0.0
1732028069.9558618,0.0,0.0,0.0
1732028069.9760396,0.0,0.0,0.0
1732028069.9960515,0.0,0.0,0.0
1732028070.01562,0.0,0.0,0.0
1732028070.0356157,0.0,0.0,0.0
1732028070.0563478,0.0,0.0,0.0
1732028070.0759,0.0,0.0,0.0
1732028070.0965083,0.0,0.0,0.0
1732028070.116045,0.0,0.0,0.0
1732028070.1359737,0.0,0.0,0.0
1732028070.1565206,0.0,0.0,0.0
1732028070.175939,0.0,0.0,0.0
1732028070.1968317,0.0,0.0,0.0
1732028070.2157571,0.0,0.0,0.0
1732028070.2368736,0.0,0.0,0.0
1732028070.2565398,0.0,0.0,0.0
1732028070.2766263,0.0,0.0,0.0
1732028070.2959762,0.0,0.0,0.0
1732028070.315827,0.0,0.0,0.0
1732028070.336182,0.0,0.0,0.0
1732028070.3561692,0.0,0.0,0.0
1732028070.376131,0.0,0.0,0.0
1732028070.3955781,0.0,0.0,0.0
1732028070.4166193,0.0,0.0,0.0
1732028070.4369397,0.0,0.0,0.0
1732028070.4562764,0.0,0.0,0.0
1732028070.476017,0.0,0.0,0.0
1732028070.4983113,0.0,0.0,0.0
1732028070.516045,0.0,0.0,0.0
1732028070.5359268,0.0,0.0,0.0
1732028070.5557697,0.0,0.0,0.0
1732028070.576367,0.0,0.0,0.0
1732028070.5971277,0.0,0.0,0.0
1732028070.6166964,0.0,0.0,0.0
1732028070.636967,0.0,0.0,0.0
1732028070.6569264,0.0,0.0,0.0
1732028070.6767387,0.0,0.0,0.0
1732028070.696774,0.0,0.0,0.0
1732028070.717244,0.0,0.0,0.0
1732028070.7366006,0.0,0.0,0.0
1732028070.7563596,0.0,0.0,0.0
1732028070.7756152,0.0,0.0,0.0
1732028070.796718,0.0,0.0,0.0
1732028070.8161135,0.0,0.0,0.0
1732028070.8365176,0.0,0.0,0.0
1732028070.8558445,0.0,0.0,0.0
1732028070.8757815,0.0,0.0,0.0
1732028070.9035819,0.0,0.0,0.0
1732028070.9171329,0.0,0.0,0.0
1732028070.9379394,0.0,0.0,0.0
1732028070.95615,0.0,0.0,0.0
1732028070.97692,0.0,0.0,0.0
1732028070.9962263,0.0,0.0,0.0
1732028071.0160813,0.0,0.0,0.0
1732028071.0358934,0.0,0.0,0.0
1732028071.056256,0.0,0.0,0.0
1732028071.0778947,0.0,0.0,0.0
1732028071.0966084,0.0,0.0,0.0
1732028071.1173153,0.0,0.0,0.0
1732028071.1376064,0.0,0.0,0.0
1732028071.1564536,0.0,0.0,0.0
1732028071.1762178,0.0,0.0,0.0
1732028071.1964667,0.0,0.0,0.0
1732028071.217132,0.0,0.0,0.0
1732028071.2359571,0.0,0.0,0.0
1732028071.2583733,0.0,0.0,0.0
1732028071.2762816,0.0,0.0,0.0
1732028071.298708,0.0,0.0,0.0
1732028071.3169446,0.0,0.0,0.0
1732028071.3359149,0.0,0.0,0.0
1732028071.3563554,0.0,0.0,0.0
1732028071.3779178,0.0,0.0,0.0
1732028071.397549,0.0,0.0,0.0
1732028071.416563,0.0,0.0,0.0
1732028071.4378664,0.0,0.0,0.0
1732028071.4562142,0.0,0.0,0.0
1732028071.4764578,0.0,0.0,0.0
1732028071.4971647,0.0,0.0,0.0
1732028071.5165648,0.0,0.0,0.0
1732028071.5358272,0.0,0.0,0.0
1732028071.5570314,0.0,0.0,0.0
1732028071.5763376,0.0,0.0,0.0
1732028071.5970566,0.0,0.0,0.0
1732028071.617188,0.0,0.0,0.0
1732028071.6371663,0.0,0.0,0.0
1732028071.6562195,0.0,0.0,0.0
1732028071.6759274,0.0,0.0,0.0
1732028071.6957853,0.0,0.0,0.0
1732028071.7195485,0.0,0.0,0.0
1732028071.7362235,0.0,0.0,0.0
1732028071.7561822,0.0,0.0,0.0
1732028071.7772386,0.0,0.0,0.0
1732028071.7960136,0.0,0.0,0.0
1732028071.8183308,0.0,0.0,0.0
1732028071.8360083,0.0,0.0,0.0
1732028071.855984,0.0,0.0,0.0
1732028071.8765697,0.0,0.0,0.0
1732028071.8959181,0.0,0.0,0.0
1732028071.9173872,0.0,0.0,0.0
1732028071.935652,0.0,0.0,0.0
1732028071.9563985,0.0,0.0,0.0
1732028071.9761596,0.0,0.0,0.0
1732028071.9964037,0.0,0.0,0.0
1732028072.0159566,0.0,0.0,0.0
1732028072.038132,0.0,0.0,0.0
1732028072.0558562,0.0,0.0,0.0
1732028072.0763257,0.0,0.0,0.0
1732028072.0959044,0.0,0.0,0.0
1732028072.115923,0.0,0.0,0.0
1732028072.1357896,0.0,0.0,0.0
1732028072.1555846,0.0,0.0,0.0
1732028072.1758387,0.0,0.0,0.0
1732028072.1960592,0.0,0.0,0.0
1732028072.2163687,0.0,0.0,0.0
1732028072.2361615,0.0,0.0,0.0
1732028072.2566056,0.0,0.0,0.0
1732028072.2758288,0.0,0.0,0.0
1732028072.297113,0.0,0.0,0.0
1732028072.318425,0.0,0.0,0.0
1732028072.3366985,0.0,0.0,0.0
1732028072.3576598,0.0,0.0,0.0
1732028072.3758173,0.0,0.0,0.0
1732028072.3959863,0.0,0.0,0.0
1732028072.4159963,0.0,0.0,0.0
1732028072.4364693,0.0,0.0,0.0
1732028072.4566674,0.0,0.0,0.0
1732028072.4770567,0.0,0.0,0.0
1732028072.4958436,0.0,0.0,0.0
1732028072.5158496,0.0,0.0,0.0
1732028072.5359619,0.0,0.0,0.0
1732028072.556274,0.0,0.0,0.0
1732028072.5767622,0.0,0.0,0.0
1732028072.5985367,0.0,0.0,0.0
1732028072.6158028,0.0,0.0,0.0
1732028072.6359181,0.0,0.0,0.0
1732028072.6565235,0.0,0.0,0.0
1732028072.6759057,0.0,0.0,0.0
1732028072.696035,0.0,0.0,0.0
1732028072.7157927,0.0,0.0,0.0
1732028072.7375805,0.0,0.0,0.0
1732028072.7591906,0.0,0.0,0.0
1732028072.775839,0.0,0.0,0.0
1732028072.796559,0.0,0.0,0.0
1732028072.815535,0.0,0.0,0.0
1732028072.8366945,0.0,0.0,0.0
1732028072.8560545,0.0,0.0,0.0
1732028072.876435,0.0,0.0,0.0
1732028072.8959472,0.0,0.0,0.0
1732028072.915717,0.0,0.0,0.0
1732028072.9356081,0.0,0.0,0.0
1732028072.9566789,0.0,0.0,0.0
1732028072.9764917,0.0,0.0,0.0
1732028072.9969428,0.0,0.0,0.0
1732028073.016156,0.0,0.0,0.0
1732028073.0366297,0.0,0.0,0.0
1732028073.0564034,0.0,0.0,0.0
1732028073.076043,0.0,0.0,0.0
1732028073.0958366,0.0,0.0,0.0
1732028073.1173553,0.0,0.0,0.0
1732028073.1363049,0.0,0.0,0.0
1732028073.1559231,0.0,0.0,0.0
1732028073.1761515,0.0,0.0,0.0
1732028073.1972268,0.0,0.0,0.0
1732028073.2159712,0.0,0.0,0.0
1732028073.2358363,0.0,0.0,0.0
1732028073.2566502,0.0,0.0,0.0
1732028073.2776148,0.0,0.0,0.0
1732028073.2958758,0.0,0.0,0.0
1732028073.316942,0.0,0.0,0.0
1732028073.3363945,0.0,0.0,0.0
1732028073.3561184,0.0,0.0,0.0
1732028073.3758292,0.0,0.0,0.0
1732028073.3961155,0.0,0.0,0.0
1732028073.4158013,0.0,0.0,0.0
1732028073.4365306,0.0,0.0,0.0
1732028073.4581945,0.0,0.0,0.0
1732028073.475689,0.0,0.0,0.0
1732028073.497415,0.0,0.0,0.0
1732028073.5166776,0.0,0.0,0.0
1732028073.5359843,0.0,0.0,0.0
1732028073.5559695,0.0,0.0,0.0
1732028073.576245,0.0,0.0,0.0
1732028073.5971203,0.0,0.0,0.0
1732028073.620953,0.0,0.0,0.0
1732028073.637932,0.0,0.0,0.0
1732028073.6575403,0.0,0.0,0.0
1732028073.6771295,0.0,0.0,0.0
1732028073.6967454,0.0,0.0,0.0
1732028073.7176244,0.0,0.0,0.0
1732028073.7366517,0.0,0.0,0.0
1732028073.755564,0.0,0.0,0.0
1732028073.7755132,0.0,0.0,0.0
1732028073.797959,0.0,0.0,0.0
1732028073.815866,0.0,0.0,0.0
1732028073.835987,0.0,0.0,0.0
1732028073.855707,0.0,0.0,0.0
1732028073.8769557,0.0,0.0,0.0
1732028073.896222,0.0,0.0,0.0
1732028073.9165785,0.0,0.0,0.0
1732028073.9358337,0.0,0.0,0.0
1732028073.9599378,0.0,0.0,0.0
1732028073.9757206,0.0,0.0,0.0
1732028073.9968207,0.0,0.0,0.0
1732028074.015533,0.0,0.0,0.0
1732028074.0363812,0.0,0.0,0.0
1732028074.0561395,0.0,0.0,0.0
1732028074.0760472,0.0,0.0,0.0
1732028074.0960438,0.0,0.0,0.0
1732028074.1158245,0.0,0.0,0.0
1732028074.1365724,0.0,0.0,0.0
1732028074.156256,0.0,0.0,0.0
1732028074.1777782,0.0,0.0,0.0
1732028074.1974823,0.0,0.0,0.0
1732028074.2162948,0.0,0.0,0.0
1732028074.2358582,0.0,0.0,0.0
1732028074.2559266,0.0,0.0,0.0
1732028074.2760553,0.0,0.0,0.0
1732028074.2960012,0.0,0.0,0.0
1732028074.315829,0.0,0.0,0.0
1732028074.335731,0.0,0.0,0.0
1732028074.358076,0.0,0.0,0.0
1732028074.3757992,0.0,0.0,0.0
1732028074.3962831,0.0,0.0,0.0
1732028074.4173765,0.0,0.0,0.0
1732028074.4356089,0.0,0.0,0.0
1732028074.4560964,0.0,0.0,0.0
1732028074.4762604,0.0,0.0,0.0
1732028074.4964924,0.0,0.0,0.0
1732028074.5155907,0.0,0.0,0.0
1732028074.5391717,0.0,0.0,0.0
1732028074.5577145,0.0,0.0,0.0
1732028074.5763469,0.0,0.0,0.0
1732028074.5959756,0.0,0.0,0.0
1732028074.6172547,0.0,0.0,0.0
1732028074.635965,0.0,0.0,0.0
1732028074.659033,0.0,0.0,0.0
1732028074.677578,0.0,0.0,0.0
1732028074.6971369,0.0,0.0,0.0
1732028074.7163584,0.0,0.0,0.0
1732028074.737976,0.0,0.0,0.0
1732028074.7557101,0.0,0.0,0.0
1732028074.776825,0.0,0.0,0.0
1732028074.7981892,0.0,0.0,0.0
1732028074.8158321,0.0,0.0,0.0
1732028074.8373659,0.0,0.0,0.0
1732028074.8567603,0.0,0.0,0.0
1732028074.8757799,0.0,0.0,0.0
1732028074.895969,0.0,0.0,0.0
1732028074.9170518,0.0,0.0,0.0
1732028074.936308,0.0,0.0,0.0
1732028074.9559991,0.0,0.0,0.0
1732028074.9755218,0.0,0.0,0.0
1732028074.995832,0.0,0.0,0.0
1732028075.0157092,0.0,0.0,0.0
1732028075.0360217,0.0,0.0,0.0
1732028075.0562634,0.0,0.0,0.0
1732028075.0779138,0.0,0.0,0.0
1732028075.096229,0.0,0.0,0.0
1732028075.1170702,0.0,0.0,0.0
1732028075.1362252,0.0,0.0,0.0
1732028075.15759,0.0,0.0,0.0
1732028075.1783686,0.0,0.0,0.0
1732028075.1958566,0.0,0.0,0.0
1732028075.2181928,0.0,0.0,0.0
1732028075.2377903,0.0,0.0,0.0
1732028075.2590404,0.0,0.0,0.0
1732028075.2762794,0.0,0.0,0.0
1732028075.2961261,0.0,0.0,0.0
1732028075.3164823,0.0,0.0,0.0
1732028075.33579,0.0,0.0,0.0
1732028075.3562384,0.0,0.0,0.0
1732028075.3757374,0.0,0.0,0.0
1732028075.3961668,0.0,0.0,0.0
1732028075.4166918,0.0,0.0,0.0
1732028075.436495,0.0,0.0,0.0
1732028075.458587,0.0,0.0,0.0
1732028075.4759283,0.0,0.0,0.0
1732028075.5029552,0.0,0.0,0.0
1732028075.5158372,0.0,0.0,0.0
1732028075.5357676,0.0,0.0,0.0
1732028075.5559988,0.0,0.0,0.0
1732028075.575921,0.0,0.0,0.0
1732028075.5967245,0.0,0.0,0.0
1732028075.6158082,0.0,0.0,0.0
1732028075.6357956,0.0,0.0,0.0
1732028075.6564386,0.0,0.0,0.0
1732028075.6762104,0.0,0.0,0.0
1732028075.6957023,0.0,0.0,0.0
1732028075.716198,0.0,0.0,0.0
1732028075.7358477,0.0,0.0,0.0
1732028075.756472,0.0,0.0,0.0
1732028075.7759175,0.0,0.0,0.0
1732028075.7959912,0.0,0.0,0.0
1732028075.8164086,0.0,0.0,0.0
1732028075.8358567,0.0,0.0,0.0
1732028075.85601,0.0,0.0,0.0
1732028075.8759599,0.0,0.0,0.0
1732028075.8970606,0.0,0.0,0.0
1732028075.9160044,0.0,0.0,0.0
1732028075.935909,0.0,0.0,0.0
1732028075.9565742,0.0,0.0,0.0
1732028075.9755614,0.0,0.0,0.0
1732028075.99923,0.0,0.0,0.0
1732028076.0171208,0.0,0.0,0.0
1732028076.0400345,0.0,0.0,0.0
1732028076.055852,0.0,0.0,0.0
1732028076.075981,0.0,0.0,0.0
1732028076.0964935,0.0,0.0,0.0
1732028076.1188238,0.0,0.0,0.0
1732028076.1357756,0.0,0.0,0.0
1732028076.1569262,0.0,0.0,0.0
1732028076.1766303,0.0,0.0,0.0
1732028076.1959019,0.0,0.0,0.0
1732028076.2171297,0.0,0.0,0.0
1732028076.2377043,0.0,0.0,0.0
1732028076.2574592,0.0,0.0,0.0
1732028076.2775185,0.0,0.0,0.0
1732028076.2985852,0.0,0.0,0.0
1732028076.3160338,0.0,0.0,0.0
1732028076.3363826,0.0,0.0,0.0
1732028076.3562067,0.0,0.0,0.0
1732028076.375993,0.0,0.0,0.0
1732028076.3962882,0.0,0.0,0.0
1732028076.416024,0.0,0.0,0.0
1732028076.4360425,0.0,0.0,0.0
1732028076.4567645,0.0,0.0,0.0
1732028076.4762762,0.0,0.0,0.0
1732028076.4964004,0.0,0.0,0.0
1732028076.5223138,0.0,0.0,0.0
1732028076.5366852,0.0,0.0,0.0
1732028076.5561705,0.0,0.0,0.0
1732028076.5773838,0.0,0.0,0.0
1732028076.5968728,0.0,0.0,0.0
1732028076.617059,0.0,0.0,0.0
1732028076.640958,0.0,0.0,0.0
1732028076.6588032,0.0,0.0,0.0
1732028076.6763349,0.0,0.0,0.0
1732028076.696213,0.0,0.0,0.0
1732028076.7156699,0.0,0.0,0.0
1732028076.7362754,0.0,0.0,0.0
1732028076.7569342,0.0,0.0,0.0
1732028076.7760558,0.0,0.0,0.0
1732028076.7972562,0.0,0.0,0.0
1732028076.8163898,0.0,0.0,0.0
1732028076.8375921,0.0,0.0,0.0
1732028076.8560548,0.0,0.0,0.0
1732028076.8796391,0.0,0.0,0.0
1732028076.8971817,0.0,0.0,0.0
1732028076.9179425,0.0,0.0,0.0
1732028076.9359953,0.0,0.0,0.0
1732028076.9559681,0.0,0.0,0.0
1732028076.9771376,0.0,0.0,0.0
1732028076.9974535,0.0,0.0,0.0
1732028077.0163925,0.0,0.0,0.0
1732028077.0359762,0.0,0.0,0.0
1732028077.0565758,0.0,0.0,0.0
1732028077.0761447,0.0,0.0,0.0
1732028077.096565,0.0,0.0,0.0
1732028077.116252,0.0,0.0,0.0
1732028077.1369998,0.0,0.0,0.0
1732028077.158106,0.0,0.0,0.0
1732028077.1757002,0.0,0.0,0.0
1732028077.1975605,0.0,0.0,0.0
1732028077.21574,0.0,0.0,0.0
1732028077.2361684,0.0,0.0,0.0
1732028077.2558188,0.0,0.0,0.0
1732028077.2763042,0.0,0.0,0.0
1732028077.2958612,0.0,0.0,0.0
1732028077.3162453,0.0,0.0,0.0
1732028077.3376198,0.0,0.0,0.0
1732028077.3567555,0.0,0.0,0.0
1732028077.3760257,0.0,0.0,0.0
1732028077.3969362,0.0,0.0,0.0
1732028077.4162207,0.0,0.0,0.0
1732028077.4359658,0.0,0.0,0.0
1732028077.4620762,0.0,0.0,0.0
1732028077.478625,0.0,0.0,0.0
1732028077.4986403,0.0,0.0,0.0
1732028077.5181339,0.0,0.0,0.0
1732028077.5400114,0.0,0.0,0.0
1732028077.5560024,0.0,0.0,0.0
1732028077.576022,0.0,0.0,0.0
1732028077.5959694,0.0,0.0,0.0
1732028077.6164062,0.0,0.0,0.0
1732028077.6359968,0.0,0.0,0.0
1732028077.6596622,0.0,0.0,0.0
1732028077.6757822,0.0,0.0,0.0
1732028077.695898,0.0,0.0,0.0
1732028077.7155776,0.0,0.0,0.0
1732028077.7356791,0.0,0.0,0.0
1732028077.7558434,0.0,0.0,0.0
1732028077.7756667,0.0,0.0,0.0
1732028077.7975333,0.0,0.0,0.0
1732028077.815898,0.0,0.0,0.0
1732028077.8357527,0.0,0.0,0.0
1732028077.86055,0.0,0.0,0.0
1732028077.8800128,0.0,0.0,0.0
1732028077.8968217,0.0,0.0,0.0
1732028077.9159803,0.0,0.0,0.0
1732028077.9361923,0.0,0.0,0.0
1732028077.9564102,0.0,0.0,0.0
1732028077.9789927,0.0,0.0,0.0
1732028077.9961567,0.0,0.0,0.0
1732028078.016659,0.0,0.0,0.0
1732028078.0391436,0.0,0.0,0.0
1732028078.0629132,0.0,0.0,0.0
1732028078.0795527,0.0,0.0,0.0
1732028078.0963628,0.0,0.0,0.0
1732028078.1160007,0.0,0.0,0.0
1732028078.136237,0.0,0.0,0.0
1732028078.1564465,0.0,0.0,0.0
1732028078.1769161,0.0,0.0,0.0
1732028078.1961741,0.0,0.0,0.0
1732028078.2185638,0.0,0.0,0.0
1732028078.237396,0.0,0.0,0.0
1732028078.2565548,0.0,0.0,0.0
1732028078.2784567,0.0,0.0,0.0
1732028078.2979991,0.0,0.0,0.0
1732028078.3176029,0.0,0.0,0.0
1732028078.3364892,0.0,0.0,0.0
1732028078.3590977,0.0,0.0,0.0
1732028078.3761382,0.0,0.0,0.0
1732028078.3962882,0.0,0.0,0.0
1732028078.4164846,0.0,0.0,0.0
1732028078.43606,0.0,0.0,0.0
1732028078.4563274,0.0,0.0,0.0
1732028078.4760451,0.0,0.0,0.0
1732028078.4965005,0.0,0.0,0.0
1732028078.5174756,0.0,0.0,0.0
1732028078.5402567,0.0,0.0,0.0
1732028078.558012,0.0,0.0,0.0
1732028078.583504,0.0,0.0,0.0
1732028078.5962281,0.0,0.0,0.0
1732028078.6163764,0.0,0.0,0.0
1732028078.637438,0.0,0.0,0.0
1732028078.6589448,0.0,0.0,0.0
1732028078.676227,0.0,0.0,0.0
1732028078.6963837,0.0,0.0,0.0
1732028078.7162347,0.0,0.0,0.0
1732028078.7360287,0.0,0.0,0.0
1732028078.7561283,0.0,0.0,0.0
1732028078.776268,0.0,0.0,0.0
1732028078.7963576,0.0,0.0,0.0
1732028078.81695,0.0,0.0,0.0
1732028078.83633,0.0,0.0,0.0
1732028078.8558545,0.0,0.0,0.0
1732028078.8762546,0.0,0.0,0.0
1732028078.895786,0.0,0.0,0.0
1732028078.9161825,0.0,0.0,0.0
1732028078.9360924,0.0,0.0,0.0
1732028078.9563777,0.0,0.0,0.0
1732028078.975976,0.0,0.0,0.0
1732028078.9972632,0.0,0.0,0.0
1732028079.0164707,0.0,0.0,0.0
1732028079.0361965,0.0,0.0,0.0
1732028079.0661726,0.0,0.0,0.0
1732028079.076291,0.0,0.0,0.0
1732028079.0961976,0.0,0.0,0.0
1732028079.1179283,0.0,0.0,0.0
1732028079.1360624,0.0,0.0,0.0
1732028079.1570613,0.0,0.0,0.0
1732028079.1867094,0.0,0.0,0.0
1732028079.1973045,0.0,0.0,0.0
1732028079.217403,0.0,0.0,0.0
1732028079.2363715,0.0,0.0,0.0
1732028079.2560136,0.0,0.0,0.0
1732028079.2757952,0.0,0.0,0.0
1732028079.2955923,0.0,0.0,0.0
1732028079.3162246,0.0,0.0,0.0
1732028079.3359168,0.0,0.0,0.0
1732028079.3562942,0.0,0.0,0.0
1732028079.377252,0.0,0.0,0.0
1732028079.3963063,0.0,0.0,0.0
1732028079.4162428,0.0,0.0,0.0
1732028079.4358969,0.0,0.0,0.0
1732028079.4560409,0.0,0.0,0.0
1732028079.4769585,0.0,0.0,0.0
1732028079.4963396,0.0,0.0,0.0
1732028079.516814,0.0,0.0,0.0
1732028079.5367942,0.0,0.0,0.0
1732028079.5593436,0.0,0.0,0.0
1732028079.5759227,0.0,0.0,0.0
1732028079.5957224,0.0,0.0,0.0
1732028079.6165435,0.0,0.0,0.0
1732028079.6363246,0.0,0.0,0.0
1732028079.655862,0.0,0.0,0.0
1732028079.6766374,0.0,0.0,0.0
1732028079.6961567,0.0,0.0,0.0
1732028079.71706,0.0,0.0,0.0
1732028079.7365317,0.0,0.0,0.0
1732028079.755935,0.0,0.0,0.0
1732028079.7795181,0.0,0.0,0.0
1732028079.8011332,0.0,0.0,0.0
1732028079.8173592,0.0,0.0,0.0
1732028079.8364587,0.0,0.0,0.0
1732028079.859557,0.0,0.0,0.0
1732028079.879207,0.0,0.0,0.0
1732028079.8964727,0.0,0.0,0.0
1732028079.9182725,0.0,0.0,0.0
1732028079.9359987,0.0,0.0,0.0
1732028079.956236,0.0,0.0,0.0
1732028079.975963,0.0,0.0,0.0
1732028079.99605,0.0,0.0,0.0
1732028080.017263,0.0,0.0,0.0
1732028080.0393255,0.0,0.0,0.0
1732028080.056064,0.0,0.0,0.0
1732028080.0760405,0.0,0.0,0.0
1732028080.096031,0.0,0.0,0.0
1732028080.1167903,0.0,0.0,0.0
1732028080.1370494,0.0,0.0,0.0
1732028080.1607506,0.0,0.0,0.0
1732028080.175973,0.0,0.0,0.0
1732028080.1960497,0.0,0.0,0.0
1732028080.216403,0.0,0.0,0.0
1732028080.235988,0.0,0.0,0.0
1732028080.2557218,0.0,0.0,0.0
1732028080.2776,0.0,0.0,0.0
1732028080.2960062,0.0,0.0,0.0
1732028080.3158157,0.0,0.0,0.0
1732028080.3360732,0.0,0.0,0.0
1732028080.355862,0.0,0.0,0.0
1732028080.3757987,0.0,0.0,0.0
1732028080.3958554,0.0,0.0,0.0
1732028080.4158688,0.0,0.0,0.0
1732028080.4360325,0.0,0.0,0.0
1732028080.4560947,0.0,0.0,0.0
1732028080.4771152,0.0,0.0,0.0
1732028080.497651,0.0,0.0,0.0
1732028080.5167649,0.0,0.0,0.0
1732028080.5395882,0.0,0.0,0.0
1732028080.556018,0.0,0.0,0.0
1732028080.5766606,0.0,0.0,0.0
1732028080.598697,0.0,0.0,0.0
1732028080.6158493,0.0,0.0,0.0
1732028080.6359296,0.0,0.0,0.0
1732028080.656014,0.0,0.0,0.0
1732028080.6769783,0.0,0.0,0.0
1732028080.6963332,0.0,0.0,0.0
1732028080.7160428,0.0,0.0,0.0
1732028080.7360117,0.0,0.0,0.0
1732028080.755816,0.0,0.0,0.0
1732028080.7767112,0.0,0.0,0.0
1732028080.7958114,0.0,0.0,0.0
1732028080.8172493,0.0,0.0,0.0
1732028080.8375602,0.0,0.0,0.0
1732028080.855771,0.0,0.0,0.0
1732028080.8764431,0.0,0.0,0.0
1732028080.8958316,0.0,0.0,0.0
1732028080.916508,0.0,0.0,0.0
1732028080.9362528,0.0,0.0,0.0
1732028080.9555523,0.0,0.0,0.0
1732028080.9765863,0.0,0.0,0.0
1732028080.9964345,0.0,0.0,0.0
1732028081.0164852,0.0,0.0,0.0
1732028081.0374532,0.0,0.0,0.0
1732028081.0577347,0.0,0.0,0.0
1732028081.0763614,0.0,0.0,0.0
1732028081.0969894,0.0,0.0,0.0
1732028081.117248,0.0,0.0,0.0
1732028081.1375854,0.0,0.0,0.0
1732028081.158241,0.0,0.0,0.0
1732028081.1792939,0.0,0.0,0.0
1732028081.1968644,0.0,0.0,0.0
1732028081.2172177,0.0,0.0,0.0
1732028081.2362008,0.0,0.0,0.0
1732028081.2562387,0.0,0.0,0.0
1732028081.275908,0.0,0.0,0.0
1732028081.2993305,0.0,0.0,0.0
1732028081.3179996,0.0,0.0,0.0
1732028081.3386242,0.0,0.0,0.0
1732028081.3563592,0.0,0.0,0.0
1732028081.3759356,0.0,0.0,0.0
1732028081.3962846,0.0,0.0,0.0
1732028081.4173534,0.0,0.0,0.0
1732028081.436293,0.0,0.0,0.0
1732028081.4563625,0.0,0.0,0.0
1732028081.4759722,0.0,0.0,0.0
1732028081.496275,0.0,0.0,0.0
1732028081.516904,0.0,0.0,0.0
1732028081.5372598,0.0,0.0,0.0
1732028081.5618322,0.0,0.0,0.0
1732028081.5757577,0.0,0.0,0.0
1732028081.5968034,0.0,0.0,0.0
1732028081.6162262,0.0,0.0,0.0
1732028081.6381438,0.0,0.0,0.0
1732028081.6563866,0.0,0.0,0.0
1732028081.677512,0.0,0.0,0.0
1732028081.6991258,0.0,0.0,0.0
1732028081.7169976,0.0,0.0,0.0
1732028081.7366579,0.0,0.0,0.0
1732028081.7570457,0.0,0.0,0.0
1732028081.7782397,0.0,0.0,0.0
1732028081.79594,0.0,0.0,0.0
1732028081.8194513,0.0,0.0,0.0
1732028081.8366432,0.0,0.0,0.0
1732028081.8567724,0.0,0.0,0.0
1732028081.880142,0.0,0.0,0.0
1732028081.8979082,0.0,0.0,0.0
1732028081.9164417,0.0,0.0,0.0
1732028081.9360514,0.0,0.0,0.0
1732028081.9594214,0.0,0.0,0.0
1732028081.9774585,0.0,0.0,0.0
1732028081.9962826,0.0,0.0,0.0
1732028082.0171158,0.0,0.0,0.0
1732028082.0360014,0.0,0.0,0.0
1732028082.059762,0.0,0.0,0.0
1732028082.0808299,0.0,0.0,0.0
1732028082.0990245,0.0,0.0,0.0
1732028082.1168857,0.0,0.0,0.0
1732028082.138547,0.0,0.0,0.0
1732028082.1611009,0.0,0.0,0.0
1732028082.1820002,0.0,0.0,0.0
1732028082.1992786,0.0,0.0,0.0
1732028082.2194896,0.0,0.0,0.0
1732028082.2379055,0.0,0.0,0.0
1732028082.2563827,0.0,0.0,0.0
1732028082.2816827,0.0,0.0,0.0
1732028082.2972927,0.0,0.0,0.0
1732028082.3180957,0.0,0.0,0.0
1732028082.3362243,0.0,0.0,0.0
1732028082.3561234,0.0,0.0,0.0
1732028082.379831,0.0,0.0,0.0
1732028082.3988414,0.0,0.0,0.0
1732028082.420735,0.0,0.0,0.0
1732028082.4362853,0.0,0.0,0.0
1732028082.4575007,0.0,0.0,0.0
1732028082.479063,0.0,0.0,0.0
1732028082.4968755,0.0,0.0,0.0
1732028082.5236533,0.0,0.0,0.0
1732028082.538375,0.0,0.0,0.0
1732028082.5618577,0.0,0.0,0.0
1732028082.5765753,0.0,0.0,0.0
1732028082.6014528,0.0,0.0,0.0
1732028082.6205993,0.0,0.0,0.0
1732028082.6380432,0.0,0.0,0.0
1732028082.6562843,0.0,0.0,0.0
1732028082.6773882,0.0,0.0,0.0
1732028082.6968932,0.0,0.0,0.0
1732028082.7169409,0.0,0.0,0.0
1732028082.7369804,0.0,0.0,0.0
1732028082.7563257,0.0,0.0,0.0
1732028082.7790134,0.0,0.0,0.0
1732028082.7969637,0.0,0.0,0.0
1732028082.8161678,0.0,0.0,0.0
1732028082.8364086,0.0,0.0,0.0
1732028082.856066,0.0,0.0,0.0
1732028082.882259,0.0,0.0,0.0
1732028082.8985631,0.0,0.0,0.0
1732028082.9221997,0.0,0.0,0.0
1732028082.938848,0.0,0.0,0.0
1732028082.9559722,0.0,0.0,0.0
1732028082.9762998,0.0,0.0,0.0
1732028082.9957883,0.0,0.0,0.0
1732028083.017254,0.0,0.0,0.0
1732028083.039748,0.0,0.0,0.0
1732028083.0570893,0.0,0.0,0.0
1732028083.078597,0.0,0.0,0.0
1732028083.0966709,0.0,0.0,0.0
1732028083.1159058,0.0,0.0,0.0
1732028083.1357162,0.0,0.0,0.0
1732028083.1563497,0.0,0.0,0.0
1732028083.1762593,0.0,0.0,0.0
1732028083.196641,0.0,0.0,0.0
1732028083.2179997,0.0,0.0,0.0
1732028083.2360497,0.0,0.0,0.0
1732028083.256033,0.0,0.0,0.0
1732028083.2765353,0.0,0.0,0.0
1732028083.2963507,0.0,0.0,0.0
1732028083.3161833,0.0,0.0,0.0
1732028083.336408,0.0,0.0,0.0
1732028083.356076,0.0,0.0,0.0
1732028083.376663,0.0,0.0,0.0
1732028083.3980315,0.0,0.0,0.0
1732028083.4163969,0.0,0.0,0.0
1732028083.4359312,0.0,0.0,0.0
1732028083.456995,0.0,0.0,0.0
1732028083.4769046,0.0,0.0,0.0
1732028083.496017,0.0,0.0,0.0
1732028083.516543,0.0,0.0,0.0
1732028083.537131,0.0,0.0,0.0
1732028083.5576982,0.0,0.0,0.0
1732028083.5769007,0.0,0.0,0.0
1732028083.595982,0.0,0.0,0.0
1732028083.6159823,0.0,0.0,0.0
1732028083.6360788,0.0,0.0,0.0
1732028083.6560795,0.0,0.0,0.0
1732028083.6766434,0.0,0.0,0.0
1732028083.6972172,0.0,0.0,0.0
1732028083.716531,0.0,0.0,0.0
1732028083.7360446,0.0,0.0,0.0
1732028083.7569273,0.0,0.0,0.0
1732028083.7762656,0.0,0.0,0.0
1732028083.796834,0.0,0.0,0.0
1732028083.8175793,0.0,0.0,0.0
1732028083.8358057,0.0,0.0,0.0
1732028083.8562074,0.0,0.0,0.0
1732028083.876085,0.0,0.0,0.0
1732028083.8959851,0.0,0.0,0.0
1732028083.915975,0.0,0.0,0.0
1732028083.9365432,0.0,0.0,0.0
1732028083.9560573,0.0,0.0,0.0
1732028083.9765184,0.0,0.0,0.0
1732028083.995956,0.0,0.0,0.0
1732028084.0173216,0.0,0.0,0.0
1732028084.036123,0.0,0.0,0.0
1732028084.0560658,0.0,0.0,0.0
1732028084.0762355,0.0,0.0,0.0
1732028084.0959995,0.0,0.0,0.0
1732028084.116771,0.0,0.0,0.0
1732028084.1371248,0.0,0.0,0.0
1732028084.1562374,0.0,0.0,0.0
1732028084.177828,0.0,0.0,0.0
1732028084.1965742,0.0,0.0,0.0
1732028084.2159002,0.0,0.0,0.0
1732028084.2359931,0.0,0.0,0.0
1732028084.255816,0.0,0.0,0.0
1732028084.2757773,0.0,0.0,0.0
1732028084.2962396,0.0,0.0,0.0
1732028084.3165915,0.0,0.0,0.0
1732028084.3367965,0.0,0.0,0.0
1732028084.3568382,0.0,0.0,0.0
1732028084.3763762,0.0,0.0,0.0
1732028084.3969498,0.0,0.0,0.0
1732028084.4163485,0.0,0.0,0.0
1732028084.436235,0.0,0.0,0.0
1732028084.4560328,0.0,0.0,0.0
1732028084.4758356,0.0,0.0,0.0
1732028084.4969835,0.0,0.0,0.0
1732028084.5159824,0.0,0.0,0.0
1732028084.5400198,0.0,0.0,0.0
1732028084.5567877,0.0,0.0,0.0
1732028084.576246,0.0,0.0,0.0
1732028084.5963316,0.0,0.0,0.0
1732028084.619457,0.0,0.0,0.0
1732028084.6366522,0.0,0.0,0.0
1732028084.6563692,0.0,0.0,0.0
1732028084.6770349,0.0,0.0,0.0
1732028084.696662,0.0,0.0,0.0
1732028084.7186995,0.0,0.0,0.0
1732028084.7364454,0.0,0.0,0.0
1732028084.757882,0.0,0.0,0.0
1732028084.7776132,0.0,0.0,0.0
1732028084.7958565,0.0,0.0,0.0
1732028084.816489,0.0,0.0,0.0
1732028084.8361807,0.0,0.0,0.0
1732028084.856098,0.0,0.0,0.0
1732028084.875873,0.0,0.0,0.0
1732028084.8956888,0.0,0.0,0.0
1732028084.9159024,0.0,0.0,0.0
1732028084.9361768,0.0,0.0,0.0
1732028084.9558403,0.0,0.0,0.0
1732028084.9769936,0.0,0.0,0.0
1732028084.996005,0.0,0.0,0.0
1732028085.0156384,0.0,0.0,0.0
1732028085.0360703,0.0,0.0,0.0
1732028085.0559082,0.0,0.0,0.0
1732028085.0762453,0.0,0.0,0.0
1732028085.0984306,0.0,0.0,0.0
1732028085.117331,0.0,0.0,0.0
1732028085.1363354,0.0,0.0,0.0
1732028085.156027,0.0,0.0,0.0
1732028085.178321,0.0,0.0,0.0
1732028085.1963534,0.0,0.0,0.0
1732028085.2165985,0.0,0.0,0.0
1732028085.2360573,0.0,0.0,0.0
1732028085.2559304,0.0,0.0,0.0
1732028085.2765458,0.0,0.0,0.0
1732028085.296492,0.0,0.0,0.0
1732028085.3166986,0.0,0.0,0.0
1732028085.3357527,0.0,0.0,0.0
1732028085.3563132,0.0,0.0,0.0
1732028085.3765938,0.0,0.0,0.0
1732028085.3964095,0.0,0.0,0.0
1732028085.417511,0.0,0.0,0.0
1732028085.4368694,0.0,0.0,0.0
1732028085.4564874,0.0,0.0,0.0
1732028085.4760532,0.0,0.0,0.0
1732028085.4957626,0.0,0.0,0.0
1732028085.5170379,0.0,0.0,0.0
1732028085.5362234,0.0,0.0,0.0
1732028085.557285,0.0,0.0,0.0
1732028085.5764494,0.0,0.0,0.0
1732028085.5959496,0.0,0.0,0.0
1732028085.6171136,0.0,0.0,0.0
1732028085.6363254,0.0,0.0,0.0
1732028085.6561682,0.0,0.0,0.0
1732028085.6764297,0.0,0.0,0.0
1732028085.6959727,0.0,0.0,0.0
1732028085.7160091,0.0,0.0,0.0
1732028085.7360208,0.0,0.0,0.0
1732028085.756509,0.0,0.0,0.0
1732028085.7770863,0.0,0.0,0.0
1732028085.7961805,0.0,0.0,0.0
1732028085.8161788,0.0,0.0,0.0
1732028085.8364563,0.0,0.0,0.0
1732028085.8565984,0.0,0.0,0.0
1732028085.875927,0.0,0.0,0.0
1732028085.8964088,0.0,0.0,0.0
1732028085.9162126,0.0,0.0,0.0
1732028085.9362977,0.0,0.0,0.0
1732028085.9560027,0.0,0.0,0.0
1732028085.9766607,0.0,0.0,0.0
1732028085.9965792,0.0,0.0,0.0
1732028086.0162466,0.0,0.0,0.0
1732028086.0358696,0.0,0.0,0.0
1732028086.0559795,0.0,0.0,0.0
1732028086.0760667,0.0,0.0,0.0
1732028086.0956156,0.0,0.0,0.0
1732028086.115916,0.0,0.0,0.0
1732028086.1371593,0.0,0.0,0.0
1732028086.1560347,0.0,0.0,0.0
1732028086.1767862,0.0,0.0,0.0
1732028086.1962142,0.0,0.0,0.0
1732028086.2157178,0.0,0.0,0.0
1732028086.2359219,0.0,0.0,0.0
1732028086.2561603,0.0,0.0,0.0
1732028086.2758813,0.0,0.0,0.0
1732028086.296023,0.0,0.0,0.0
1732028086.3157954,0.0,0.0,0.0
1732028086.337621,0.0,0.0,0.0
1732028086.3563218,0.0,0.0,0.0
1732028086.3762808,0.0,0.0,0.0
1732028086.3956907,0.0,0.0,0.0
1732028086.4167502,0.0,0.0,0.0
1732028086.4365685,0.0,0.0,0.0
1732028086.456839,0.0,0.0,0.0
1732028086.4766927,0.0,0.0,0.0
1732028086.4966152,0.0,0.0,0.0
1732028086.5168366,0.0,0.0,0.0
1732028086.536505,0.0,0.0,0.0
1732028086.5609517,0.0,0.0,0.0
1732028086.57747,0.0,0.0,0.0
1732028086.5959404,0.0,0.0,0.0
1732028086.6159365,0.0,0.0,0.0
1732028086.6378205,0.0,0.0,0.0
1732028086.6574244,0.0,0.0,0.0
1732028086.6761026,0.0,0.0,0.0
1732028086.698153,0.0,0.0,0.0
1732028086.7172475,0.0,0.0,0.0
1732028086.7369878,0.0,0.0,0.0
1732028086.7591982,0.0,0.0,0.0
1732028086.775933,0.0,0.0,0.0
1732028086.7967992,0.0,0.0,0.0
1732028086.8159685,0.0,0.0,0.0
1732028086.8371332,0.0,0.0,0.0
1732028086.8565965,0.0,0.0,0.0
1732028086.876461,0.0,0.0,0.0
1732028086.8968627,0.0,0.0,0.0
1732028086.9160566,0.0,0.0,0.0
1732028086.9372787,0.0,0.0,0.0
1732028086.9561567,0.0,0.0,0.0
1732028086.9763138,0.0,0.0,0.0
1732028086.9962256,0.0,0.0,0.0
1732028087.0167387,0.0,0.0,0.0
1732028087.0358956,0.0,0.0,0.0
1732028087.055983,0.0,0.0,0.0
1732028087.0760705,0.0,0.0,0.0
1732028087.0961883,0.0,0.0,0.0
1732028087.1159153,0.0,0.0,0.0
1732028087.1378844,0.0,0.0,0.0
1732028087.1568098,0.0,0.0,0.0
1732028087.1814072,0.0,0.0,0.0
1732028087.1962817,0.0,0.0,0.0
1732028087.2161949,0.0,0.0,0.0
1732028087.2360635,0.0,0.0,0.0
1732028087.2561154,0.0,0.0,0.0
1732028087.2760901,0.0,0.0,0.0
1732028087.2959182,0.0,0.0,0.0
1732028087.315984,0.0,0.0,0.0
1732028087.336431,0.0,0.0,0.0
1732028087.35584,0.0,0.0,0.0
1732028087.376118,0.0,0.0,0.0
1732028087.402569,0.0,0.0,0.0
1732028087.4176958,0.0,0.0,0.0
1732028087.4366052,0.0,0.0,0.0
1732028087.4558513,0.0,0.0,0.0
1732028087.4789805,0.0,0.0,0.0
1732028087.4960966,0.0,0.0,0.0
1732028087.5170195,0.0,0.0,0.0
1732028087.535753,0.0,0.0,0.0
1732028087.555738,0.0,0.0,0.0
1732028087.577541,0.0,0.0,0.0
1732028087.5958135,0.0,0.0,0.0
1732028087.6163778,0.0,0.0,0.0
1732028087.6360812,0.0,0.0,0.0
1732028087.6573672,0.0,0.0,0.0
1732028087.6756837,0.0,0.0,0.0
1732028087.6963482,0.0,0.0,0.0
1732028087.7160466,0.0,0.0,0.0
1732028087.7370374,0.0,0.0,0.0
1732028087.7558222,0.0,0.0,0.0
1732028087.7757769,0.0,0.0,0.0
1732028087.7957783,0.0,0.0,0.0
1732028087.8189826,0.0,0.0,0.0
1732028087.8383281,0.0,0.0,0.0
1732028087.8573422,0.0,0.0,0.0
1732028087.8759253,0.0,0.0,0.0
1732028087.8968136,0.0,0.0,0.0
1732028087.9192493,0.0,0.0,0.0
1732028087.9358118,0.0,0.0,0.0
1732028087.956008,0.0,0.0,0.0
1732028087.978135,0.0,0.0,0.0
1732028087.9966571,0.0,0.0,0.0
1732028088.016964,0.0,0.0,0.0
1732028088.04168,0.0,0.0,0.0
1732028088.056615,0.0,0.0,0.0
1732028088.077833,0.0,0.0,0.0
1732028088.097413,0.0,0.0,0.0
1732028088.1163762,0.0,0.0,0.0
1732028088.13643,0.0,0.0,0.0
1732028088.156894,0.0,0.0,0.0
1732028088.1794238,0.0,0.0,0.0
1732028088.1964068,0.0,0.0,0.0
1732028088.2173855,0.0,0.0,0.0
1732028088.2382677,0.0,0.0,0.0
1732028088.2577975,0.0,0.0,0.0
1732028088.2772365,0.0,0.0,0.0
1732028088.2968369,0.0,0.0,0.0
1732028088.31656,0.0,0.0,0.0
1732028088.3360872,0.0,0.0,0.0
1732028088.35687,0.0,0.0,0.0
1732028088.3766682,0.0,0.0,0.0
1732028088.3973043,0.0,0.0,0.0
1732028088.4176157,0.0,0.0,0.0
1732028088.4360607,0.0,0.0,0.0
1732028088.4573627,0.0,0.0,0.0
1732028088.4778616,0.0,0.0,0.0
1732028088.4968388,0.0,0.0,0.0
1732028088.5185037,0.0,0.0,0.0
1732028088.5356905,0.0,0.0,0.0
1732028088.5608814,0.0,0.0,0.0
1732028088.578521,0.0,0.0,0.0
1732028088.5965564,0.0,0.0,0.0
1732028088.6167881,0.0,0.0,0.0
1732028088.6367033,0.0,0.0,0.0
1732028088.65634,0.0,0.0,0.0
1732028088.675762,0.0,0.0,0.0
1732028088.6997318,0.0,0.0,0.0
1732028088.716581,0.0,0.0,0.0
1732028088.736666,0.0,0.0,0.0
1732028088.7578452,0.0,0.0,0.0
1732028088.7794106,0.0,0.0,0.0
1732028088.7963355,0.0,0.0,0.0
1732028088.8171113,0.0,0.0,0.0
1732028088.8386533,0.0,0.0,0.0
1732028088.8563886,0.0,0.0,0.0
1732028088.8769908,0.0,0.0,0.0
1732028088.8966064,0.0,0.0,0.0
1732028088.9165425,0.0,0.0,0.0
1732028088.9360507,0.0,0.0,0.0
1732028088.959075,0.0,0.0,0.0
1732028088.97666,0.0,0.0,0.0
1732028088.9976583,0.0,0.0,0.0
1732028089.0185251,0.0,0.0,0.0
1732028089.0359173,0.0,0.0,0.0
1732028089.0569093,0.0,0.0,0.0
1732028089.0758593,0.0,0.0,0.0
1732028089.09691,0.0,0.0,0.0
1732028089.1162593,0.0,0.0,0.0
1732028089.1365507,0.0,0.0,0.0
1732028089.15605,0.0,0.0,0.0
1732028089.1762793,0.0,0.0,0.0
1732028089.1962795,0.0,0.0,0.0
1732028089.2162635,0.0,0.0,0.0
1732028089.236185,0.0,0.0,0.0
1732028089.2566013,0.0,0.0,0.0
1732028089.2757723,0.0,0.0,0.0
1732028089.296192,0.0,0.0,0.0
1732028089.3174028,0.0,0.0,0.0
1732028089.337473,0.0,0.0,0.0
1732028089.3556705,0.0,0.0,0.0
1732028089.3759615,0.0,0.0,0.0
1732028089.396622,0.0,0.0,0.0
1732028089.4165516,0.0,0.0,0.0
1732028089.4383404,0.0,0.0,0.0
1732028089.4564662,0.0,0.0,0.0
1732028089.4782362,0.0,0.0,0.0
1732028089.4961452,0.0,0.0,0.0
1732028089.5204585,0.0,0.0,0.0
1732028089.5363986,0.0,0.0,0.0
1732028089.5561018,0.0,0.0,0.0
1732028089.5771441,0.0,0.0,0.0
1732028089.5989432,0.0,0.0,0.0
1732028089.6171064,0.0,0.0,0.0
1732028089.6368446,0.0,0.0,0.0
1732028089.655645,0.0,0.0,0.0
1732028089.6757016,0.0,0.0,0.0
1732028089.6966267,0.0,0.0,0.0
1732028089.7156181,0.0,0.0,0.0
1732028089.7365446,0.0,0.0,0.0
1732028089.755881,0.0,0.0,0.0
1732028089.7761981,0.0,0.0,0.0
1732028089.7964814,0.0,0.0,0.0
1732028089.81628,0.0,0.0,0.0
1732028089.8367665,0.0,0.0,0.0
1732028089.8557572,0.0,0.0,0.0
1732028089.8764439,0.0,0.0,0.0
1732028089.8966293,0.0,0.0,0.0
1732028089.9172516,0.0,0.0,0.0
1732028089.9371655,0.0,0.0,0.0
1732028089.9606419,0.0,0.0,0.0
1732028089.9764912,0.0,0.0,0.0
1732028089.996385,0.0,0.0,0.0
1732028090.0195312,0.0,0.0,0.0
1732028090.0378878,0.0,0.0,0.0
1732028090.064592,0.0,0.0,0.0
1732028090.0777664,0.0,0.0,0.0
1732028090.0962923,0.0,0.0,0.0
1732028090.1188939,0.0,0.0,0.0
1732028090.1389477,0.0,0.0,0.0
1732028090.155907,0.0,0.0,0.0
1732028090.1782587,0.0,0.0,0.0
1732028090.1980717,0.0,0.0,0.0
1732028090.216629,0.0,0.0,0.0
1732028090.2395935,0.0,0.0,0.0
1732028090.2617698,0.0,0.0,0.0
1732028090.2768507,0.0,0.0,0.0
1732028090.29607,0.0,0.0,0.0
1732028090.3164012,0.0,0.0,0.0
1732028090.3376157,0.0,0.0,0.0
1732028090.3557727,0.0,0.0,0.0
1732028090.3756146,0.0,0.0,0.0
1732028090.396213,0.0,0.0,0.0
1732028090.4160135,0.0,0.0,0.0
1732028090.4370635,0.0,0.0,0.0
1732028090.459917,0.0,0.0,0.0
1732028090.4800766,0.0,0.0,0.0
1732028090.5008209,0.0,0.0,0.0
1732028090.5189974,0.0,0.0,0.0
1732028090.5381384,0.0,0.0,0.0
1732028090.5597203,0.0,0.0,0.0
1732028090.5756674,0.0,0.0,0.0
1732028090.5962756,0.0,0.0,0.0
1732028090.6163466,0.0,0.0,0.0
1732028090.6358614,0.0,0.0,0.0
1732028090.6563869,0.0,0.0,0.0
1732028090.676491,0.0,0.0,0.0
1732028090.69603,0.0,0.0,0.0
1732028090.7157907,0.0,0.0,0.0
1732028090.737365,0.0,0.0,0.0
1732028090.7560549,0.0,0.0,0.0
1732028090.7759488,0.0,0.0,0.0
1732028090.7959652,0.0,0.0,0.0
1732028090.8171678,0.0,0.0,0.0
1732028090.8359652,0.0,0.0,0.0
1732028090.8565137,0.0,0.0,0.0
1732028090.8762627,0.0,0.0,0.0
1732028090.8958485,0.0,0.0,0.0
1732028090.916876,0.0,0.0,0.0
1732028090.9365027,0.0,0.0,0.0
1732028090.9558141,0.0,0.0,0.0
1732028090.977531,0.0,0.0,0.0
1732028090.9981475,0.0,0.0,0.0
1732028091.0162969,0.0,0.0,0.0
1732028091.0365877,0.0,0.0,0.0
1732028091.056694,0.0,0.0,0.0
1732028091.078926,0.0,0.0,0.0
1732028091.0961676,0.0,0.0,0.0
1732028091.1163974,0.0,0.0,0.0
1732028091.1365354,0.0,0.0,0.0
1732028091.158293,0.0,0.0,0.0
1732028091.1765378,0.0,0.0,0.0
1732028091.196913,0.0,0.0,0.0
1732028091.216478,0.0,0.0,0.0
1732028091.2384958,0.0,0.0,0.0
1732028091.2597082,0.0,0.0,0.0
1732028091.2778606,0.0,0.0,0.0
1732028091.299427,0.0,0.0,0.0
1732028091.315974,0.0,0.0,0.0
1732028091.3359168,0.0,0.0,0.0
1732028091.35595,0.0,0.0,0.0
1732028091.3757968,0.0,0.0,0.0
1732028091.3963377,0.0,0.0,0.0
1732028091.4157186,0.0,0.0,0.0
1732028091.4390788,0.0,0.0,0.0
1732028091.4571588,0.0,0.0,0.0
1732028091.4761899,0.0,0.0,0.0
1732028091.496029,0.0,0.0,0.0
1732028091.5166667,0.0,0.0,0.0
1732028091.5357258,0.0,0.0,0.0
1732028091.5565202,0.0,0.0,0.0
1732028091.576014,0.0,0.0,0.0
1732028091.5962808,0.0,0.0,0.0
1732028091.6161926,0.0,0.0,0.0
1732028091.6363792,0.0,0.0,0.0
1732028091.656422,0.0,0.0,0.0
1732028091.6773403,0.0,0.0,0.0
1732028091.6964,0.0,0.0,0.0
1732028091.717397,0.0,0.0,0.0
1732028091.7359166,0.0,0.0,0.0
1732028091.75604,0.0,0.0,0.0
1732028091.7761872,0.0,0.0,0.0
1732028091.7964606,0.0,0.0,0.0
1732028091.8180344,0.0,0.0,0.0
1732028091.8390775,0.0,0.0,0.0
1732028091.8560266,0.0,0.0,0.0
1732028091.8769994,0.0,0.0,0.0
1732028091.900655,0.0,0.0,0.0
1732028091.91647,0.0,0.0,0.0
1732028091.9369564,0.0,0.0,0.0
1732028091.959487,0.0,0.0,0.0
1732028091.9757197,0.0,0.0,0.0
1732028091.9960108,0.0,0.0,0.0
1732028092.0165565,0.0,0.0,0.0
1732028092.0364523,0.0,0.0,0.0
1732028092.0562673,0.0,0.0,0.0
1732028092.075973,0.0,0.0,0.0
1732028092.0960732,0.0,0.0,0.0
1732028092.1157722,0.0,0.0,0.0
1732028092.1368248,0.0,0.0,0.0
1732028092.157489,0.0,0.0,0.0
1732028092.1761243,0.0,0.0,0.0
1732028092.1966367,0.0,0.0,0.0
1732028092.2170515,0.0,0.0,0.0
1732028092.2395096,0.0,0.0,0.0
1732028092.2559795,0.0,0.0,0.0
1732028092.2795038,0.0,0.0,0.0
1732028092.300927,0.0,0.0,0.0
1732028092.3176653,0.0,0.0,0.0
1732028092.3382292,0.0,0.0,0.0
1732028092.3598413,0.0,0.0,0.0
1732028092.3778255,0.0,0.0,0.0
1732028092.3964534,0.0,0.0,0.0
1732028092.41611,0.0,0.0,0.0
1732028092.4374223,0.0,0.0,0.0
1732028092.4605916,0.0,0.0,0.0
1732028092.481812,0.0,0.0,0.0
1732028092.4992077,0.0,0.0,0.0
1732028092.516528,0.0,0.0,0.0
1732028092.535918,0.0,0.0,0.0
1732028092.5619965,0.0,0.0,0.0
1732028092.5781798,0.0,0.0,0.0
1732028092.5972528,0.0,0.0,0.0
1732028092.6158643,0.0,0.0,0.0
1732028092.6360583,0.0,0.0,0.0
1732028092.6562304,0.0,0.0,0.0
1732028092.6755419,0.0,0.0,0.0
1732028092.6960158,0.0,0.0,0.0
1732028092.7170892,0.0,0.0,0.0
1732028092.7359006,0.0,0.0,0.0
1732028092.7564619,0.0,0.0,0.0
1732028092.7757826,0.0,0.0,0.0
1732028092.7968495,0.0,0.0,0.0
1732028092.8185387,0.0,0.0,0.0
1732028092.8373418,0.0,0.0,0.0
1732028092.85593,0.0,0.0,0.0
1732028092.8763638,0.0,0.0,0.0
1732028092.8966386,0.0,0.0,0.0
1732028092.9157114,0.0,0.0,0.0
1732028092.93602,0.0,0.0,0.0
1732028092.956261,0.0,0.0,0.0
1732028092.9758239,0.0,0.0,0.0
1732028092.9963753,0.0,0.0,0.0
1732028093.015903,0.0,0.0,0.0
1732028093.0362196,0.0,0.0,0.0
1732028093.055605,0.0,0.0,0.0
1732028093.0767703,0.0,0.0,0.0
1732028093.100939,0.0,0.0,0.0
1732028093.117846,0.0,0.0,0.0
1732028093.137733,0.0,0.0,0.0
1732028093.1568792,0.0,0.0,0.0
1732028093.1792886,0.0,0.0,0.0
1732028093.1978734,0.0,0.0,0.0
1732028093.2174737,0.0,0.0,0.0
1732028093.241445,0.0,0.0,0.0
1732028093.261508,0.0,0.0,0.0
1732028093.2767737,0.0,0.0,0.0
1732028093.2978523,0.0,0.0,0.0
1732028093.3168597,0.0,0.0,0.0
1732028093.3381855,0.0,0.0,0.0
1732028093.3561559,0.0,0.0,0.0
1732028093.376336,0.0,0.0,0.0
1732028093.3958464,0.0,0.0,0.0
1732028093.4163096,0.0,0.0,0.0
1732028093.43611,0.0,0.0,0.0
1732028093.4566076,0.0,0.0,0.0
1732028093.4758835,0.0,0.0,0.0
1732028093.4962354,0.0,0.0,0.0
1732028093.5161715,0.0,0.0,0.0
1732028093.5371945,0.0,0.0,0.0
1732028093.5584745,0.0,0.0,0.0
1732028093.5814722,0.0,0.0,0.0
1732028093.597849,0.0,0.0,0.0
1732028093.616452,0.0,0.0,0.0
1732028093.635887,0.0,0.0,0.0
1732028093.657046,0.0,0.0,0.0
1732028093.6760216,0.0,0.0,0.0
1732028093.6963978,0.0,0.0,0.0
1732028093.7159517,0.0,0.0,0.0
1732028093.7370656,0.0,0.0,0.0
1732028093.756356,0.0,0.0,0.0
1732028093.7771993,0.0,0.0,0.0
1732028093.7959917,0.0,0.0,0.0
1732028093.8160064,0.0,0.0,0.0
1732028093.839108,0.0,0.0,0.0
1732028093.8565557,0.0,0.0,0.0
1732028093.8764303,0.0,0.0,0.0
1732028093.899521,0.0,0.0,0.0
1732028093.9179068,0.0,0.0,0.0
1732028093.9359646,0.0,0.0,0.0
1732028093.9566302,0.0,0.0,0.0
1732028093.9763343,0.0,0.0,0.0
1732028093.9983015,0.0,0.0,0.0
1732028094.0175362,0.0,0.0,0.0
1732028094.0374312,0.0,0.0,0.0
1732028094.064539,0.0,0.0,0.0
1732028094.0781522,0.0,0.0,0.0
1732028094.0968254,0.0,0.0,0.0
1732028094.1167161,0.0,0.0,0.0
1732028094.1365545,0.0,0.0,0.0
1732028094.157422,0.0,0.0,0.0
1732028094.1782556,0.0,0.0,0.0
1732028094.2026393,0.0,0.0,0.0
1732028094.2160664,0.0,0.0,0.0
1732028094.2360842,0.0,0.0,0.0
1732028094.255913,0.0,0.0,0.0
1732028094.2758634,0.0,0.0,0.0
1732028094.2966106,0.0,0.0,0.0
1732028094.3162365,0.0,0.0,0.0
1732028094.3375957,0.0,0.0,0.0
1732028094.3555155,0.0,0.0,0.0
1732028094.37865,0.0,0.0,0.0
1732028094.3965392,0.0,0.0,0.0
1732028094.416296,0.0,0.0,0.0
1732028094.435558,0.0,0.0,0.0
1732028094.46181,0.0,0.0,0.0
1732028094.475722,0.0,0.0,0.0
1732028094.4959507,0.0,0.0,0.0
1732028094.5157464,0.0,0.0,0.0
1732028094.5363607,0.0,0.0,0.0
1732028094.556702,0.0,0.0,0.0
1732028094.5763135,0.0,0.0,0.0
1732028094.5964324,0.0,0.0,0.0
1732028094.616487,0.0,0.0,0.0
1732028094.6363513,0.0,0.0,0.0
1732028094.6563344,0.0,0.0,0.0
1732028094.6763928,0.0,0.0,0.0
1732028094.6965487,0.0,0.0,0.0
1732028094.721374,0.0,0.0,0.0
1732028094.7367551,0.0,0.0,0.0
1732028094.7590606,0.0,0.0,0.0
1732028094.7763572,0.0,0.0,0.0
1732028094.7972903,0.0,0.0,0.0
1732028094.8171062,0.0,0.0,0.0
1732028094.8360424,0.0,0.0,0.0
1732028094.8559284,0.0,0.0,0.0
1732028094.8768456,0.0,0.0,0.0
1732028094.8960571,0.0,0.0,0.0
1732028094.9160802,0.0,0.0,0.0
1732028094.9374597,0.0,0.0,0.0
1732028094.964194,0.0,0.0,0.0
1732028094.9760847,0.0,0.0,0.0
1732028094.9958599,0.0,0.0,0.0
1732028095.0164323,0.0,0.0,0.0
1732028095.0370083,0.0,0.0,0.0
1732028095.0558805,0.0,0.0,0.0
1732028095.0763028,0.0,0.0,0.0
1732028095.0960717,0.0,0.0,0.0
1732028095.1166394,0.0,0.0,0.0
1732028095.1362455,0.0,0.0,0.0
1732028095.1567254,0.0,0.0,0.0
1732028095.176359,0.0,0.0,0.0
1732028095.202566,0.0,0.0,0.0
1732028095.216602,0.0,0.0,0.0
1732028095.2385643,0.0,0.0,0.0
1732028095.2584543,0.0,0.0,0.0
1732028095.2781498,0.0,0.0,0.0
1732028095.2985754,0.0,0.0,0.0
1732028095.3172421,0.0,0.0,0.0
1732028095.3389323,0.0,0.0,0.0
1732028095.3571148,0.0,0.0,0.0
1732028095.3763604,0.0,0.0,0.0
1732028095.3957853,0.0,0.0,0.0
1732028095.4223118,0.0,0.0,0.0
1732028095.438762,0.0,0.0,0.0
1732028095.459936,0.0,0.0,0.0
1732028095.4756992,0.0,0.0,0.0
1732028095.496559,0.0,0.0,0.0
1732028095.515551,0.0,0.0,0.0
1732028095.5362358,0.0,0.0,0.0
1732028095.5568967,0.0,0.0,0.0
1732028095.578286,0.0,0.0,0.0
1732028095.5966146,0.0,0.0,0.0
1732028095.617386,0.0,0.0,0.0
1732028095.6365125,0.0,0.0,0.0
1732028095.6558826,0.0,0.0,0.0
1732028095.675979,0.0,0.0,0.0
1732028095.6966255,0.0,0.0,0.0
1732028095.7173717,0.0,0.0,0.0
1732028095.7358556,0.0,0.0,0.0
1732028095.7582114,0.0,0.0,0.0
1732028095.783604,0.0,0.0,0.0
1732028095.7962854,0.0,0.0,0.0
1732028095.8166723,0.0,0.0,0.0
1732028095.8363774,0.0,0.0,0.0
1732028095.8574762,0.0,0.0,0.0
1732028095.876595,0.0,0.0,0.0
1732028095.8958464,0.0,0.0,0.0
1732028095.9161556,0.0,0.0,0.0
1732028095.9357455,0.0,0.0,0.0
1732028095.9570155,0.0,0.0,0.0
1732028095.9776285,0.0,0.0,0.0
1732028095.9957752,0.0,0.0,0.0
1732028096.016463,0.0,0.0,0.0
1732028096.036042,0.0,0.0,0.0
1732028096.0560837,0.0,0.0,0.0
1732028096.076069,0.0,0.0,0.0
1732028096.095778,0.0,0.0,0.0
1732028096.1163948,0.0,0.0,0.0
1732028096.1356347,0.0,0.0,0.0
1732028096.156258,0.0,0.0,0.0
1732028096.177534,0.0,0.0,0.0
1732028096.1982117,0.0,0.0,0.0
1732028096.2161248,0.0,0.0,0.0
1732028096.2376952,0.0,0.0,0.0
1732028096.258836,0.0,0.0,0.0
1732028096.2775836,0.0,0.0,0.0
1732028096.2964866,0.0,0.0,0.0
1732028096.3162632,0.0,0.0,0.0
1732028096.3365285,0.0,0.0,0.0
1732028096.355675,0.0,0.0,0.0
1732028096.3760247,0.0,0.0,0.0
1732028096.3968976,0.0,0.0,0.0
1732028096.4177516,0.0,0.0,0.0
1732028096.4366302,0.0,0.0,0.0
1732028096.4560595,0.0,0.0,0.0
1732028096.47894,0.0,0.0,0.0
1732028096.506687,0.0,0.0,0.0
1732028096.5170906,0.0,0.0,0.0
1732028096.5370426,0.0,0.0,0.0
1732028096.5615728,0.0,0.0,0.0
1732028096.5768628,0.0,0.0,0.0
1732028096.5978246,0.0,0.0,0.0
1732028096.618419,0.0,0.0,0.0
1732028096.6362689,0.0,0.0,0.0
1732028096.6560218,0.0,0.0,0.0
1732028096.6774259,0.0,0.0,0.0
1732028096.6962817,0.0,0.0,0.0
1732028096.7158868,0.0,0.0,0.0
1732028096.7373986,0.0,0.0,0.0
1732028096.7563307,0.0,0.0,0.0
1732028096.7755907,0.0,0.0,0.0
1732028096.7958937,0.0,0.0,0.0
1732028096.8156638,0.0,0.0,0.0
1732028096.8361375,0.0,0.0,0.0
1732028096.857083,0.0,0.0,0.0
1732028096.8760045,0.0,0.0,0.0
1732028096.8963912,0.0,0.0,0.0
1732028096.9167047,0.0,0.0,0.0
1732028096.9362829,0.0,0.0,0.0
1732028096.9561198,0.0,0.0,0.0
1732028096.9762611,0.0,0.0,0.0
1732028096.9962919,0.0,0.0,0.0
1732028097.0159667,0.0,0.0,0.0
1732028097.0360405,0.0,0.0,0.0
1732028097.0559855,0.0,0.0,0.0
1732028097.0757115,0.0,0.0,0.0
1732028097.0956767,0.0,0.0,0.0
1732028097.115733,0.0,0.0,0.0
1732028097.1358361,0.0,0.0,0.0
1732028097.156408,0.0,0.0,0.0
1732028097.1785207,0.0,0.0,0.0
1732028097.1964998,0.0,0.0,0.0
1732028097.2157192,0.0,0.0,0.0
1732028097.237053,0.0,0.0,0.0
1732028097.2574053,0.0,0.0,0.0
1732028097.277944,0.0,0.0,0.0
1732028097.2968936,0.0,0.0,0.0
1732028097.3174417,0.0,0.0,0.0
1732028097.3369377,0.0,0.0,0.0
1732028097.357159,0.0,0.0,0.0
1732028097.3766522,0.0,0.0,0.0
1732028097.3960173,0.0,0.0,0.0
1732028097.416884,0.0,0.0,0.0
1732028097.4363697,0.0,0.0,0.0
1732028097.457422,0.0,0.0,0.0
1732028097.4770706,0.0,0.0,0.0
1732028097.4960332,0.0,0.0,0.0
1732028097.5162387,0.0,0.0,0.0
1732028097.535664,0.0,0.0,0.0
1732028097.556744,0.0,0.0,0.0
1732028097.5759368,0.0,0.0,0.0
1732028097.6002264,0.0,0.0,0.0
1732028097.6173263,0.0,0.0,0.0
1732028097.637253,0.0,0.0,0.0
1732028097.6562831,0.0,0.0,0.0
1732028097.676601,0.0,0.0,0.0
1732028097.697847,0.0,0.0,0.0
1732028097.7180328,0.0,0.0,0.0
1732028097.7377405,0.0,0.0,0.0
1732028097.7605577,0.0,0.0,0.0
1732028097.7817779,0.0,0.0,0.0
1732028097.7985198,0.0,0.0,0.0
1732028097.8165128,0.0,0.0,0.0
1732028097.8368278,0.0,0.0,0.0
1732028097.8564959,0.0,0.0,0.0
1732028097.8756175,0.0,0.0,0.0
1732028097.898912,0.0,0.0,0.0
1732028097.9174683,0.0,0.0,0.0
1732028097.9361439,0.0,0.0,0.0
1732028097.9564738,0.0,0.0,0.0
1732028097.97664,0.0,0.0,0.0
1732028097.9965825,0.0,0.0,0.0
1732028098.0159385,0.0,0.0,0.0
1732028098.0369961,0.0,0.0,0.0
1732028098.0558522,0.0,0.0,0.0
1732028098.0767653,0.0,0.0,0.0
1732028098.0978754,0.0,0.0,0.0
1732028098.1160896,0.0,0.0,0.0
1732028098.137322,0.0,0.0,0.0
1732028098.1562529,0.0,0.0,0.0
1732028098.1764822,0.0,0.0,0.0
1732028098.197109,0.0,0.0,0.0
1732028098.21671,0.0,0.0,0.0
1732028098.2363243,0.0,0.0,0.0
1732028098.2568183,0.0,0.0,0.0
1732028098.2769997,0.0,0.0,0.0
1732028098.296626,0.0,0.0,0.0
1732028098.3188438,0.0,0.0,0.0
1732028098.3367033,0.0,0.0,0.0
1732028098.3563635,0.0,0.0,0.0
1732028098.377854,0.0,0.0,0.0
1732028098.3957825,0.0,0.0,0.0
1732028098.416725,0.0,0.0,0.0
1732028098.4357524,0.0,0.0,0.0
1732028098.4557612,0.0,0.0,0.0
1732028098.4758873,0.0,0.0,0.0
1732028098.4972694,0.0,0.0,0.0
1732028098.5165625,0.0,0.0,0.0
1732028098.5366418,0.0,0.0,0.0
1732028098.5560687,0.0,0.0,0.0
1732028098.5764549,0.0,0.0,0.0
1732028098.596583,0.0,0.0,0.0
1732028098.6162596,0.0,0.0,0.0
1732028098.635972,0.0,0.0,0.0
1732028098.6563036,0.0,0.0,0.0
1732028098.6757274,0.0,0.0,0.0
1732028098.6974938,0.0,0.0,0.0
1732028098.7165253,0.0,0.0,0.0
1732028098.736512,0.0,0.0,0.0
1732028098.7562153,0.0,0.0,0.0
1732028098.7764785,0.0,0.0,0.0
1732028098.7967818,0.0,0.0,0.0
1732028098.815986,0.0,0.0,0.0
1732028098.8357615,0.0,0.0,0.0
1732028098.8588793,0.0,0.0,0.0
1732028098.8764393,0.0,0.0,0.0
1732028098.9009871,0.0,0.0,0.0
1732028098.9186325,0.0,0.0,0.0
1732028098.9381752,0.0,0.0,0.0
1732028098.9640083,0.0,0.0,0.0
1732028098.9773593,0.0,0.0,0.0
1732028098.9977882,0.0,0.0,0.0
1732028099.0175407,0.0,0.0,0.0
1732028099.0373094,0.0,0.0,0.0
1732028099.0687356,0.0,0.0,0.0
1732028099.076678,0.0,0.0,0.0
1732028099.096304,0.0,0.0,0.0
1732028099.1172683,0.0,0.0,0.0
1732028099.136248,0.0,0.0,0.0
1732028099.1589282,0.0,0.0,0.0
1732028099.1765773,0.0,0.0,0.0
1732028099.1958256,0.0,0.0,0.0
1732028099.217242,0.0,0.0,0.0
1732028099.2360392,0.0,0.0,0.0
1732028099.2563694,0.0,0.0,0.0
1732028099.275974,0.0,0.0,0.0
1732028099.2963076,0.0,0.0,0.0
1732028099.3274393,0.0,0.0,0.0
1732028099.3367698,0.0,0.0,0.0
1732028099.3597028,0.0,0.0,0.0
1732028099.378707,0.0,0.0,0.0
1732028099.3960311,0.0,0.0,0.0
1732028099.415859,0.0,0.0,0.0
1732028099.439374,0.0,0.0,0.0
1732028099.4565797,0.0,0.0,0.0
1732028099.4758677,0.0,0.0,0.0
1732028099.4965346,0.0,0.0,0.0
1732028099.5157986,0.0,0.0,0.0
1732028099.5397074,0.0,0.0,0.0
1732028099.556343,0.0,0.0,0.0
1732028099.5766342,0.0,0.0,0.0
1732028099.5958157,0.0,0.0,0.0
1732028099.616329,0.0,0.0,0.0
1732028099.644766,0.0,0.0,0.0
1732028099.6588705,0.0,0.0,0.0
1732028099.6786604,0.0,0.0,0.0
1732028099.6967728,0.0,0.0,0.0
1732028099.7164755,0.0,0.0,0.0
1732028099.7358482,0.0,0.0,0.0
1732028099.7560763,0.0,0.0,0.0
1732028099.7765086,0.0,0.0,0.0
1732028099.7964482,0.0,0.0,0.0
1732028099.818415,0.0,0.0,0.0
1732028099.8363273,0.0,0.0,0.0
1732028099.8561025,0.0,0.0,0.0
1732028099.8768482,0.0,0.0,0.0
1732028099.8962467,0.0,0.0,0.0
1732028099.9175925,0.0,0.0,0.0
1732028099.9369543,0.0,0.0,0.0
1732028099.9573338,0.0,0.0,0.0
1732028099.9789324,0.0,0.0,0.0
1732028099.9975739,0.0,0.0,0.0
1732028100.018152,0.0,0.0,0.0
1732028100.0376222,0.0,0.0,0.0
1732028100.0562773,0.0,0.0,0.0
1732028100.0759714,0.0,0.0,0.0
1732028100.0970826,0.0,0.0,0.0
1732028100.1159256,0.0,0.0,0.0
1732028100.146435,0.0,0.0,0.0
1732028100.158041,0.0,0.0,0.0
1732028100.175927,0.0,0.0,0.0
1732028100.1965466,0.0,0.0,0.0
1732028100.2162862,0.0,0.0,0.0
1732028100.2369728,0.0,0.0,0.0
1732028100.2558696,0.0,0.0,0.0
1732028100.2777233,0.0,0.0,0.0
1732028100.2964678,0.0,0.0,0.0
1732028100.3179615,0.0,0.0,0.0
1732028100.3392673,0.0,0.0,0.0
1732028100.3577046,0.0,0.0,0.0
1732028100.3767612,0.0,0.0,0.0
1732028100.3956857,0.0,0.0,0.0
1732028100.4160638,0.0,0.0,0.0
1732028100.4358513,0.0,0.0,0.0
1732028100.456095,0.0,0.0,0.0
1732028100.4769719,0.0,0.0,0.0
1732028100.4965675,0.0,0.0,0.0
1732028100.5167098,0.0,0.0,0.0
1732028100.5374365,0.0,0.0,0.0
1732028100.5570297,0.0,0.0,0.0
1732028100.5789347,0.0,0.0,0.0
1732028100.6003153,0.0,0.0,0.0
1732028100.6204994,0.0,0.0,0.0
1732028100.6380162,0.0,0.0,0.0
1732028100.6569102,0.0,0.0,0.0
1732028100.6767583,0.0,0.0,0.0
1732028100.7018988,0.0,0.0,0.0
1732028100.7161658,0.0,0.0,0.0
1732028100.737896,0.0,0.0,0.0
1732028100.7598658,0.0,0.0,0.0
1732028100.7768152,0.0,0.0,0.0
1732028100.7957783,0.0,0.0,0.0
1732028100.8191383,0.0,0.0,0.0
1732028100.8356838,0.0,0.0,0.0
1732028100.8568702,0.0,0.0,0.0
1732028100.875953,0.0,0.0,0.0
1732028100.8971956,0.0,0.0,0.0
1732028100.916099,0.0,0.0,0.0
1732028100.9368753,0.0,0.0,0.0
1732028100.9590666,0.0,0.0,0.0
1732028100.977758,0.0,0.0,0.0
1732028100.9963665,0.0,0.0,0.0
1732028101.016169,0.0,0.0,0.0
1732028101.0358696,0.0,0.0,0.0
1732028101.055995,0.0,0.0,0.0
1732028101.0757487,0.0,0.0,0.0
1732028101.1009128,0.0,0.0,0.0
1732028101.1158295,0.0,0.0,0.0
1732028101.1431477,0.0,0.0,0.0
1732028101.155922,0.0,0.0,0.0
1732028101.177271,0.0,0.0,0.0
1732028101.1958888,0.0,0.0,0.0
1732028101.2163498,0.0,0.0,0.0
1732028101.2365565,0.0,0.0,0.0
1732028101.2586308,0.0,0.0,0.0
1732028101.2784061,0.0,0.0,0.0
1732028101.2988648,0.0,0.0,0.0
1732028101.3320227,0.0,0.0,0.0
1732028101.3393185,0.0,0.0,0.0
1732028101.3590343,0.0,0.0,0.0
1732028101.3792944,0.0,0.0,0.0
1732028101.3968258,0.0,0.0,0.0
1732028101.4155693,0.0,0.0,0.0
1732028101.4368124,0.0,0.0,0.0
1732028101.455875,0.0,0.0,0.0
1732028101.4756503,0.0,0.0,0.0
1732028101.495507,0.0,0.0,0.0
1732028101.515664,0.0,0.0,0.0
1732028101.5358648,0.0,0.0,0.0
1732028101.5556178,0.0,0.0,0.0
1732028101.5782306,0.0,0.0,0.0
1732028101.596345,0.0,0.0,0.0
1732028101.6157887,0.0,0.0,0.0
1732028101.6358156,0.0,0.0,0.0
1732028101.6562357,0.0,0.0,0.0
1732028101.6770613,0.0,0.0,0.0
1732028101.6962433,0.0,0.0,0.0
1732028101.7163556,0.0,0.0,0.0
1732028101.7357788,0.0,0.0,0.0
1732028101.756002,0.0,0.0,0.0
1732028101.7759752,0.0,0.0,0.0
1732028101.7958,0.0,0.0,0.0
1732028101.8158855,0.0,0.0,0.0
1732028101.835975,0.0,0.0,0.0
1732028101.859011,0.0,0.0,0.0
1732028101.8772776,0.0,0.0,0.0
1732028101.9016755,0.0,0.0,0.0
1732028101.915967,0.0,0.0,0.0
1732028101.9357634,0.0,0.0,0.0
1732028101.9595358,0.0,0.0,0.0
1732028101.976943,0.0,0.0,0.0
1732028101.9958932,0.0,0.0,0.0
1732028102.0161963,0.0,0.0,0.0
1732028102.0358737,0.0,0.0,0.0
1732028102.058563,0.0,0.0,0.0
1732028102.077099,0.0,0.0,0.0
1732028102.0961633,0.0,0.0,0.0
1732028102.116334,0.0,0.0,0.0
1732028102.1362007,0.0,0.0,0.0
1732028102.156409,0.0,0.0,0.0
1732028102.1767366,0.0,0.0,0.0
1732028102.1964514,0.0,0.0,0.0
1732028102.2211325,0.0,0.0,0.0
1732028102.2358382,0.0,0.0,0.0
1732028102.25881,0.0,0.0,0.0
1732028102.2763014,0.0,0.0,0.0
1732028102.2956626,0.0,0.0,0.0
1732028102.3164988,0.0,0.0,0.0
1732028102.3372228,0.0,0.0,0.0
1732028102.3561518,0.0,0.0,0.0
1732028102.3758416,0.0,0.0,0.0
1732028102.3974068,0.0,0.0,0.0
1732028102.4210927,0.0,0.0,0.0
1732028102.4355931,0.0,0.0,0.0
1732028102.4558356,0.0,0.0,0.0
1732028102.4763796,0.0,0.0,0.0
1732028102.495811,0.0,0.0,0.0
1732028102.5185256,0.0,0.0,0.0
1732028102.5368538,0.0,0.0,0.0
1732028102.5573394,0.0,0.0,0.0
1732028102.5773008,0.0,0.0,0.0
1732028102.5980694,0.0,0.0,0.0
1732028102.6172292,0.0,0.0,0.0
1732028102.636646,0.0,0.0,0.0
1732028102.6576989,0.0,0.0,0.0
1732028102.6773891,0.0,0.0,0.0
1732028102.698465,0.0,0.0,0.0
1732028102.7160568,0.0,0.0,0.0
1732028102.735722,0.0,0.0,0.0
1732028102.7562597,0.0,0.0,0.0
1732028102.7768393,0.0,0.0,0.0
1732028102.7976956,0.0,0.0,0.0
1732028102.8197505,0.0,0.0,0.0
1732028102.8377867,0.0,0.0,0.0
1732028102.8593588,0.0,0.0,0.0
1732028102.880462,0.0,0.0,0.0
1732028102.8961606,0.0,0.0,0.0
1732028102.9174802,0.0,0.0,0.0
1732028102.9370737,0.0,0.0,0.0
1732028102.955976,0.0,0.0,0.0
1732028102.9765682,0.0,0.0,0.0
1732028103.0015373,0.0,0.0,0.0
1732028103.0166774,0.0,0.0,0.0
1732028103.0361063,0.0,0.0,0.0
1732028103.0576737,0.0,0.0,0.0
1732028103.0758967,0.0,0.0,0.0
1732028103.096315,0.0,0.0,0.0
1732028103.1160045,0.0,0.0,0.0
1732028103.1359181,0.0,0.0,0.0
1732028103.1556904,0.0,0.0,0.0
1732028103.1765525,0.0,0.0,0.0
1732028103.196653,0.0,0.0,0.0
1732028103.2174537,0.0,0.0,0.0
1732028103.2418532,0.0,0.0,0.0
1732028103.2560205,0.0,0.0,0.0
1732028103.2757857,0.0,0.0,0.0
1732028103.296561,0.0,0.0,0.0
1732028103.31573,0.0,0.0,0.0
1732028103.335985,0.0,0.0,0.0
1732028103.3562462,0.0,0.0,0.0
1732028103.3805664,0.0,0.0,0.0
1732028103.3970551,0.0,0.0,0.0
1732028103.416734,0.0,0.0,0.0
1732028103.4387271,0.0,0.0,0.0
1732028103.4625204,0.0,0.0,0.0
1732028103.4762547,0.0,0.0,0.0
1732028103.4959035,0.0,0.0,0.0
1732028103.5177174,0.0,0.0,0.0
1732028103.5362027,0.0,0.0,0.0
1732028103.5562942,0.0,0.0,0.0
1732028103.5783563,0.0,0.0,0.0
1732028103.5961518,0.0,0.0,0.0
1732028103.6219242,0.0,0.0,0.0
1732028103.6374807,0.0,0.0,0.0
1732028103.6561015,0.0,0.0,0.0
1732028103.6770084,0.0,0.0,0.0
1732028103.6956484,0.0,0.0,0.0
1732028103.7160213,0.0,0.0,0.0
1732028103.7364812,0.0,0.0,0.0
1732028103.7558815,0.0,0.0,0.0
1732028103.7766294,0.0,0.0,0.0
1732028103.7960014,0.0,0.0,0.0
1732028103.8161037,0.0,0.0,0.0
1732028103.835983,0.0,0.0,0.0
1732028103.8559933,0.0,0.0,0.0
1732028103.875897,0.0,0.0,0.0
1732028103.895957,0.0,0.0,0.0
1732028103.9162416,0.0,0.0,0.0
1732028103.9360185,0.0,0.0,0.0
1732028103.9624321,0.0,0.0,0.0
1732028103.9854693,0.0,0.0,0.0
1732028104.0014343,0.0,0.0,0.0
1732028104.0182035,0.0,0.0,0.0
1732028104.037672,0.0,0.0,0.0
1732028104.0563576,0.0,0.0,0.0
1732028104.0783982,0.0,0.0,0.0
1732028104.0959234,0.0,0.0,0.0
1732028104.1178565,0.0,0.0,0.0
1732028104.1366065,0.0,0.0,0.0
1732028104.1566465,0.0,0.0,0.0
1732028104.178103,0.0,0.0,0.0
1732028104.1962347,0.0,0.0,0.0
1732028104.2163734,0.0,0.0,0.0
1732028104.236916,0.0,0.0,0.0
1732028104.2565556,0.0,0.0,0.0
1732028104.2761836,0.0,0.0,0.0
1732028104.2958086,0.0,0.0,0.0
1732028104.3160112,0.0,0.0,0.0
1732028104.3406403,0.0,0.0,0.0
1732028104.3611035,0.0,0.0,0.0
1732028104.3762681,0.0,0.0,0.0
1732028104.3961587,0.0,0.0,0.0
1732028104.416673,0.0,0.0,0.0
1732028104.4386775,0.0,0.0,0.0
1732028104.457091,0.0,0.0,0.0
1732028104.4767025,0.0,0.0,0.0
1732028104.4966266,0.0,0.0,0.0
1732028104.5173094,0.0,0.0,0.0
1732028104.5362227,0.0,0.0,0.0
1732028104.5556557,0.0,0.0,0.0
1732028104.5759468,0.0,0.0,0.0
1732028104.595828,0.0,0.0,0.0
1732028104.6187837,0.0,0.0,0.0
1732028104.635699,0.0,0.0,0.0
1732028104.656214,0.0,0.0,0.0
1732028104.676118,0.0,0.0,0.0
1732028104.695977,0.0,0.0,0.0
1732028104.7155735,0.0,0.0,0.0
1732028104.7358668,0.0,0.0,0.0
1732028104.7569005,0.0,0.0,0.0
1732028104.7759805,0.0,0.0,0.0
1732028104.7958202,0.0,0.0,0.0
1732028104.8179827,0.0,0.0,0.0
1732028104.8373196,0.0,0.0,0.0
1732028104.8560119,0.0,0.0,0.0
1732028104.8780684,0.0,0.0,0.0
1732028104.8977938,0.0,0.0,0.0
1732028104.917374,0.0,0.0,0.0
1732028104.93643,0.0,0.0,0.0
1732028104.9613998,0.0,0.0,0.0
1732028104.981802,0.0,0.0,0.0
1732028104.9998589,0.0,0.0,0.0
1732028105.0209892,0.0,0.0,0.0
1732028105.0361745,0.0,0.0,0.0
1732028105.0567293,0.0,0.0,0.0
1732028105.0778363,0.0,0.0,0.0
1732028105.0960574,0.0,0.0,0.0
1732028105.1160796,0.0,0.0,0.0
1732028105.137194,0.0,0.0,0.0
1732028105.1559558,0.0,0.0,0.0
1732028105.176301,0.0,0.0,0.0
1732028105.1962593,0.0,0.0,0.0
1732028105.215811,0.0,0.0,0.0
1732028105.2358942,0.0,0.0,0.0
1732028105.255753,0.0,0.0,0.0
1732028105.276357,0.0,0.0,0.0
1732028105.296249,0.0,0.0,0.0
1732028105.3175821,0.0,0.0,0.0
1732028105.3372076,0.0,0.0,0.0
1732028105.3562574,0.0,0.0,0.0
1732028105.3781486,0.0,0.0,0.0
1732028105.396552,0.0,0.0,0.0
1732028105.4184902,0.0,0.0,0.0
1732028105.4358966,0.0,0.0,0.0
1732028105.4559202,0.0,0.0,0.0
1732028105.4784167,0.0,0.0,0.0
1732028105.5005553,0.0,0.0,0.0
1732028105.516696,0.0,0.0,0.0
1732028105.5360272,0.0,0.0,0.0
1732028105.5567703,0.0,0.0,0.0
1732028105.5768895,0.0,0.0,0.0
1732028105.5968242,0.0,0.0,0.0
1732028105.6175084,0.0,0.0,0.0
1732028105.6366127,0.0,0.0,0.0
1732028105.6604314,0.0,0.0,0.0
1732028105.675988,0.0,0.0,0.0
1732028105.6959484,0.0,0.0,0.0
1732028105.7170162,0.0,0.0,0.0
1732028105.7356982,0.0,0.0,0.0
1732028105.755935,0.0,0.0,0.0
1732028105.7759795,0.0,0.0,0.0
1732028105.796154,0.0,0.0,0.0
1732028105.8175933,0.0,0.0,0.0
1732028105.8360806,0.0,0.0,0.0
1732028105.8562098,0.0,0.0,0.0
1732028105.8765025,0.0,0.0,0.0
1732028105.8963053,0.0,0.0,0.0
1732028105.916386,0.0,0.0,0.0
1732028105.9365466,0.0,0.0,0.0
1732028105.9562562,0.0,0.0,0.0
1732028105.9769387,0.0,0.0,0.0
1732028106.0000849,0.0,0.0,0.0
1732028106.0162578,0.0,0.0,0.0
1732028106.036136,0.0,0.0,0.0
1732028106.0562973,0.0,0.0,0.0
1732028106.077752,0.0,0.0,0.0
1732028106.0976617,0.0,0.0,0.0
1732028106.1163049,0.0,0.0,0.0
1732028106.1363282,0.0,0.0,0.0
1732028106.1559458,0.0,0.0,0.0
1732028106.1768942,0.0,0.0,0.0
1732028106.1961,0.0,0.0,0.0
1732028106.2160647,0.0,0.0,0.0
1732028106.2375045,0.0,0.0,0.0
1732028106.2559435,0.0,0.0,0.0
1732028106.2775345,0.0,0.0,0.0
1732028106.2973993,0.0,0.0,0.0
1732028106.3166113,0.0,0.0,0.0
1732028106.3372507,0.0,0.0,0.0
1732028106.3558145,0.0,0.0,0.0
1732028106.376552,0.0,0.0,0.0
1732028106.397399,0.0,0.0,0.0
1732028106.416341,0.0,0.0,0.0
1732028106.436003,0.0,0.0,0.0
1732028106.4594681,0.0,0.0,0.0
1732028106.4764688,0.0,0.0,0.0
1732028106.496672,0.0,0.0,0.0
1732028106.516913,0.0,0.0,0.0
1732028106.5358815,0.0,0.0,0.0
1732028106.556881,0.0,0.0,0.0
1732028106.5768697,0.0,0.0,0.0
1732028106.5969224,0.0,0.0,0.0
1732028106.6164613,0.0,0.0,0.0
1732028106.6360576,0.0,0.0,0.0
1732028106.6561863,0.0,0.0,0.0
1732028106.6760843,0.0,0.0,0.0
1732028106.699597,0.0,0.0,0.0
1732028106.715913,0.0,0.0,0.0
1732028106.7359107,0.0,0.0,0.0
1732028106.7555842,0.0,0.0,0.0
1732028106.7770736,0.0,0.0,0.0
1732028106.7975543,0.0,0.0,0.0
1732028106.8164537,0.0,0.0,0.0
1732028106.8358116,0.0,0.0,0.0
1732028106.8566475,0.0,0.0,0.0
1732028106.8767376,0.0,0.0,0.0
1732028106.8966432,0.0,0.0,0.0
1732028106.9164538,0.0,0.0,0.0
1732028106.9376664,0.0,0.0,0.0
1732028106.9583385,0.0,0.0,0.0
1732028106.9771173,0.0,0.0,0.0
1732028106.995637,0.0,0.0,0.0
1732028107.0163088,0.0,0.0,0.0
1732028107.0358784,0.0,0.0,0.0
1732028107.0560532,0.0,0.0,0.0
1732028107.0757923,0.0,0.0,0.0
1732028107.095557,0.0,0.0,0.0
1732028107.1157446,0.0,0.0,0.0
1732028107.1358457,0.0,0.0,0.0
1732028107.1557825,0.0,0.0,0.0
1732028107.1761742,0.0,0.0,0.0
1732028107.1960087,0.0,0.0,0.0
1732028107.217692,0.0,0.0,0.0
1732028107.2372992,0.0,0.0,0.0
1732028107.2572167,0.0,0.0,0.0
1732028107.2758346,0.0,0.0,0.0
1732028107.2955778,0.0,0.0,0.0
1732028107.3158545,0.0,0.0,0.0
1732028107.3358374,0.0,0.0,0.0
1732028107.355888,0.0,0.0,0.0
1732028107.375784,0.0,0.0,0.0
1732028107.395774,0.0,0.0,0.0
1732028107.4163034,0.0,0.0,0.0
1732028107.4358456,0.0,0.0,0.0
1732028107.4565153,0.0,0.0,0.0
1732028107.476369,0.0,0.0,0.0
1732028107.4970884,0.0,0.0,0.0
1732028107.5161743,0.0,0.0,0.0
1732028107.5359066,0.0,0.0,0.0
1732028107.556969,0.0,0.0,0.0
1732028107.575841,0.0,0.0,0.0
1732028107.5960686,0.0,0.0,0.0
1732028107.617271,0.0,0.0,0.0
1732028107.6390994,0.0,0.0,0.0
1732028107.6561387,0.0,0.0,0.0
1732028107.684086,0.0,0.0,0.0
1732028107.6963775,0.0,0.0,0.0
1732028107.7188663,0.0,0.0,0.0
1732028107.738286,0.0,0.0,0.0
1732028107.7556155,0.0,0.0,0.0
1732028107.7779284,0.0,0.0,0.0
1732028107.796344,0.0,0.0,0.0
1732028107.8162878,0.0,0.0,0.0
1732028107.836746,0.0,0.0,0.0
1732028107.8562982,0.0,0.0,0.0
1732028107.8758352,0.0,0.0,0.0
1732028107.8970692,0.0,0.0,0.0
1732028107.9168465,0.0,0.0,0.0
1732028107.937612,0.0,0.0,0.0
1732028107.9585829,0.0,0.0,0.0
1732028107.9780324,0.0,0.0,0.0
1732028107.995735,0.0,0.0,0.0
1732028108.0162568,0.0,0.0,0.0
1732028108.0359476,0.0,0.0,0.0
1732028108.0588841,0.0,0.0,0.0
1732028108.0757778,0.0,0.0,0.0
1732028108.0958133,0.0,0.0,0.0
1732028108.1161096,0.0,0.0,0.0
1732028108.1358252,0.0,0.0,0.0
1732028108.1563685,0.0,0.0,0.0
1732028108.1767287,0.0,0.0,0.0
1732028108.1965296,0.0,0.0,0.0
1732028108.215988,0.0,0.0,0.0
1732028108.2360475,0.0,0.0,0.0
1732028108.2559545,0.0,0.0,0.0
1732028108.2776895,0.0,0.0,0.0
1732028108.2971811,0.0,0.0,0.0
1732028108.316571,0.0,0.0,0.0
1732028108.3357923,0.0,0.0,0.0
1732028108.3557122,0.0,0.0,0.0
1732028108.3761785,0.0,0.0,0.0
1732028108.3959904,0.0,0.0,0.0
1732028108.4157233,0.0,0.0,0.0
1732028108.4408998,0.0,0.0,0.0
1732028108.457127,0.0,0.0,0.0
1732028108.4761012,0.0,0.0,0.0
1732028108.4964437,0.0,0.0,0.0
1732028108.5171278,0.0,0.0,0.0
1732028108.5365968,0.0,0.0,0.0
1732028108.556115,0.0,0.0,0.0
1732028108.5758576,0.0,0.0,0.0
1732028108.5976732,0.0,0.0,0.0
1732028108.6167502,0.0,0.0,0.0
1732028108.635741,0.0,0.0,0.0
1732028108.6595793,0.0,0.0,0.0
1732028108.6865344,0.0,0.0,0.0
1732028108.6975138,0.0,0.0,0.0
1732028108.7160647,0.0,0.0,0.0
1732028108.736106,0.0,0.0,0.0
1732028108.7563953,0.0,0.0,0.0
1732028108.778684,0.0,0.0,0.0
1732028108.795862,0.0,0.0,0.0
1732028108.8162746,0.0,0.0,0.0
1732028108.8370738,0.0,0.0,0.0
1732028108.8570998,0.0,0.0,0.0
1732028108.8762896,0.0,0.0,0.0
1732028108.8987343,0.0,0.0,0.0
1732028108.917105,0.0,0.0,0.0
1732028108.936638,0.0,0.0,0.0
1732028108.9570358,0.0,0.0,0.0
1732028108.977398,0.0,0.0,0.0
1732028108.9983406,0.0,0.0,0.0
1732028109.0169876,0.0,0.0,0.0
1732028109.0374646,0.0,0.0,0.0
1732028109.0568678,0.0,0.0,0.0
1732028109.0770054,0.0,0.0,0.0
1732028109.096127,0.0,0.0,0.0
1732028109.1159956,0.0,0.0,0.0
1732028109.1359954,0.0,0.0,0.0
1732028109.159599,0.0,0.0,0.0
1732028109.1760037,0.0,0.0,0.0
1732028109.1965215,0.0,0.0,0.0
1732028109.2174857,0.0,0.0,0.0
1732028109.2357478,0.0,0.0,0.0
1732028109.25571,0.0,0.0,0.0
1732028109.2762551,0.0,0.0,0.0
1732028109.2992294,0.0,0.0,0.0
1732028109.316244,0.0,0.0,0.0
1732028109.3359709,0.0,0.0,0.0
1732028109.3555787,0.0,0.0,0.0
1732028109.3761947,0.0,0.0,0.0
1732028109.396485,0.0,0.0,0.0
1732028109.4158933,0.0,0.0,0.0
1732028109.4370277,0.0,0.0,0.0
1732028109.4559944,0.0,0.0,0.0
1732028109.4833548,0.0,0.0,0.0
1732028109.497835,0.0,0.0,0.0
1732028109.5164,0.0,0.0,0.0
1732028109.5387588,0.0,0.0,0.0
1732028109.5607865,0.0,0.0,0.0
1732028109.5786076,0.0,0.0,0.0
1732028109.5963771,0.0,0.0,0.0
1732028109.616372,0.0,0.0,0.0
1732028109.6390204,0.0,0.0,0.0
1732028109.6593003,0.0,0.0,0.0
1732028109.6782117,0.0,0.0,0.0
1732028109.696037,0.0,0.0,0.0
1732028109.716157,0.0,0.0,0.0
1732028109.7357645,0.0,0.0,0.0
1732028109.755808,0.0,0.0,0.0
1732028109.7758193,0.0,0.0,0.0
1732028109.7956991,0.0,0.0,0.0
1732028109.8160765,0.0,0.0,0.0
1732028109.835781,0.0,0.0,0.0
1732028109.8568442,0.0,0.0,0.0
1732028109.8774366,0.0,0.0,0.0
1732028109.896526,0.0,0.0,0.0
1732028109.91623,0.0,0.0,0.0
1732028109.9357765,0.0,0.0,0.0
1732028109.9560647,0.0,0.0,0.0
1732028109.976222,0.0,0.0,0.0
1732028109.9980135,0.0,0.0,0.0
1732028110.0159051,0.0,0.0,0.0
1732028110.0370448,0.0,0.0,0.0
1732028110.056738,0.0,0.0,0.0
1732028110.0770104,0.0,0.0,0.0
1732028110.096182,0.0,0.0,0.0
1732028110.1186354,0.0,0.0,0.0
1732028110.1372194,0.0,0.0,0.0
1732028110.1570225,0.0,0.0,0.0
1732028110.178015,0.0,0.0,0.0
1732028110.1973429,0.0,0.0,0.0
1732028110.218564,0.0,0.0,0.0
1732028110.236463,0.0,0.0,0.0
1732028110.2565713,0.0,0.0,0.0
1732028110.2763834,0.0,0.0,0.0
1732028110.2962105,0.0,0.0,0.0
1732028110.323722,0.0,0.0,0.0
1732028110.3387613,0.0,0.0,0.0
1732028110.3566868,0.0,0.0,0.0
1732028110.3767664,0.0,0.0,0.0
1732028110.3963184,0.0,0.0,0.0
1732028110.4157825,0.0,0.0,0.0
1732028110.4373174,0.0,0.0,0.0
1732028110.4560623,0.0,0.0,0.0
1732028110.4760153,0.0,0.0,0.0
1732028110.4957693,0.0,0.0,0.0
1732028110.5160558,0.0,0.0,0.0
1732028110.5365188,0.0,0.0,0.0
1732028110.556107,0.0,0.0,0.0
1732028110.5780823,0.0,0.0,0.0
1732028110.5955808,0.0,0.0,0.0
1732028110.6162775,0.0,0.0,0.0
1732028110.6407776,0.0,0.0,0.0
1732028110.657074,0.0,0.0,0.0
1732028110.6756234,0.0,0.0,0.0
1732028110.695821,0.0,0.0,0.0
1732028110.7165024,0.0,0.0,0.0
1732028110.7371178,0.0,0.0,0.0
1732028110.757441,0.0,0.0,0.0
1732028110.7760596,0.0,0.0,0.0
1732028110.7966766,0.0,0.0,0.0
1732028110.8160162,0.0,0.0,0.0
1732028110.836409,0.0,0.0,0.0
1732028110.85639,0.0,0.0,0.0
1732028110.8771646,0.0,0.0,0.0
1732028110.8969917,0.0,0.0,0.0
1732028110.9157534,0.0,0.0,0.0
1732028110.9372196,0.0,0.0,0.0
1732028110.9559968,0.0,0.0,0.0
1732028110.9762936,0.0,0.0,0.0
1732028110.9961607,0.0,0.0,0.0
1732028111.0164003,0.0,0.0,0.0
1732028111.0358703,0.0,0.0,0.0
1732028111.0571768,0.0,0.0,0.0
1732028111.0764642,0.0,0.0,0.0
1732028111.0960386,0.0,0.0,0.0
1732028111.1160622,0.0,0.0,0.0
1732028111.1360385,0.0,0.0,0.0
1732028111.1571662,0.0,0.0,0.0
1732028111.176812,0.0,0.0,0.0
1732028111.1965504,0.0,0.0,0.0
1732028111.2159305,0.0,0.0,0.0
1732028111.235743,0.0,0.0,0.0
1732028111.2557607,0.0,0.0,0.0
1732028111.2763774,0.0,0.0,0.0
1732028111.295913,0.0,0.0,0.0
1732028111.3158853,0.0,0.0,0.0
1732028111.3358285,0.0,0.0,0.0
1732028111.3576405,0.0,0.0,0.0
1732028111.3764849,0.0,0.0,0.0
1732028111.396375,0.0,0.0,0.0
1732028111.4169183,0.0,0.0,0.0
1732028111.4368737,0.0,0.0,0.0
1732028111.4565015,0.0,0.0,0.0
1732028111.4761639,0.0,0.0,0.0
1732028111.4957407,0.0,0.0,0.0
1732028111.5156825,0.0,0.0,0.0
1732028111.5393834,0.0,0.0,0.0
1732028111.5558622,0.0,0.0,0.0
1732028111.5770242,0.0,0.0,0.0
1732028111.5968986,0.0,0.0,0.0
1732028111.6161864,0.0,0.0,0.0
1732028111.6370323,0.0,0.0,0.0
1732028111.6560426,0.0,0.0,0.0
1732028111.6810558,0.0,0.0,0.0
1732028111.6973054,0.0,0.0,0.0
1732028111.7162173,0.0,0.0,0.0
1732028111.7365916,0.0,0.0,0.0
1732028111.7558448,0.0,0.0,0.0
1732028111.7779517,0.0,0.0,0.0
1732028111.798699,0.0,0.0,0.0
1732028111.8177717,0.0,0.0,0.0
1732028111.8378234,0.0,0.0,0.0
1732028111.8565383,0.0,0.0,0.0
1732028111.8798707,0.0,0.0,0.0
1732028111.903328,0.0,0.0,0.0
1732028111.9162226,0.0,0.0,0.0
1732028111.938414,0.0,0.0,0.0
1732028111.9563785,0.0,0.0,0.0
1732028111.9770405,0.0,0.0,0.0
1732028111.9987197,0.0,0.0,0.0
1732028112.0159893,0.0,0.0,0.0
1732028112.0358446,0.0,0.0,0.0
1732028112.05654,0.0,0.0,0.0
1732028112.0771406,0.0,0.0,0.0
1732028112.0966458,0.0,0.0,0.0
1732028112.1174748,0.0,0.0,0.0
1732028112.1363988,0.0,0.0,0.0
1732028112.156916,0.0,0.0,0.0
1732028112.1859107,0.0,0.0,0.0
1732028112.2009451,0.0,0.0,0.0
1732028112.2186852,0.0,0.0,0.0
1732028112.2367828,0.0,0.0,0.0
1732028112.2560952,0.0,0.0,0.0
1732028112.2771015,0.0,0.0,0.0
1732028112.2978873,0.0,0.0,0.0
1732028112.3163478,0.0,0.0,0.0
1732028112.337099,0.0,0.0,0.0
1732028112.3576758,0.0,0.0,0.0
1732028112.3780584,0.0,0.0,0.0
1732028112.396171,0.0,0.0,0.0
1732028112.4159424,0.0,0.0,0.0
1732028112.4360282,0.0,0.0,0.0
1732028112.457882,0.0,0.0,0.0
1732028112.4757738,0.0,0.0,0.0
1732028112.4958956,0.0,0.0,0.0
1732028112.516859,0.0,0.0,0.0
1732028112.5367768,0.0,0.0,0.0
1732028112.5592613,0.0,0.0,0.0
1732028112.5796666,0.0,0.0,0.0
1732028112.6018589,0.0,0.0,0.0
1732028112.6281614,0.0,0.0,0.0
1732028112.6406188,0.0,0.0,0.0
1732028112.6599972,0.0,0.0,0.0
1732028112.6756873,0.0,0.0,0.0
1732028112.6960652,0.0,0.0,0.0
1732028112.716006,0.0,0.0,0.0
1732028112.736227,0.0,0.0,0.0
1732028112.756488,0.0,0.0,0.0
1732028112.778292,0.0,0.0,0.0
1732028112.796948,0.0,0.0,0.0
1732028112.818286,0.0,0.0,0.0
1732028112.8375938,0.0,0.0,0.0
1732028112.8565135,0.0,0.0,0.0
1732028112.87804,0.0,0.0,0.0
1732028112.8979564,0.0,0.0,0.0
1732028112.915937,0.0,0.0,0.0
1732028112.9372482,0.0,0.0,0.0
1732028112.9560733,0.0,0.0,0.0
1732028112.9767861,0.0,0.0,0.0
1732028112.9978492,0.0,0.0,0.0
1732028113.0172362,0.0,0.0,0.0
1732028113.0359123,0.0,0.0,0.0
1732028113.0560405,0.0,0.0,0.0
1732028113.076154,0.0,0.0,0.0
1732028113.0983322,0.0,0.0,0.0
1732028113.116761,0.0,0.0,0.0
1732028113.1370313,0.0,0.0,0.0
1732028113.1558988,0.0,0.0,0.0
1732028113.1760306,0.0,0.0,0.0
1732028113.1960604,0.0,0.0,0.0
1732028113.2162397,0.0,0.0,0.0
1732028113.2358396,0.0,0.0,0.0
1732028113.256636,0.0,0.0,0.0
1732028113.2763252,0.0,0.0,0.0
1732028113.2973566,0.0,0.0,0.0
1732028113.316569,0.0,0.0,0.0
1732028113.3360677,0.0,0.0,0.0
1732028113.3563833,0.0,0.0,0.0
1732028113.3763883,0.0,0.0,0.0
1732028113.3959315,0.0,0.0,0.0
1732028113.416067,0.0,0.0,0.0
1732028113.4359376,0.0,0.0,0.0
1732028113.4562645,0.0,0.0,0.0
1732028113.4776402,0.0,0.0,0.0
1732028113.4985135,0.0,0.0,0.0
1732028113.516311,0.0,0.0,0.0
1732028113.5362465,0.0,0.0,0.0
1732028113.5561757,0.0,0.0,0.0
1732028113.5782056,0.0,0.0,0.0
1732028113.5957544,0.0,0.0,0.0
1732028113.6159515,0.0,0.0,0.0
1732028113.6364825,0.0,0.0,0.0
1732028113.6559417,0.0,0.0,0.0
1732028113.6756763,0.0,0.0,0.0
1732028113.695874,0.0,0.0,0.0
1732028113.7162519,0.0,0.0,0.0
1732028113.7358944,0.0,0.0,0.0
1732028113.7563174,0.0,0.0,0.0
1732028113.7760406,0.0,0.0,0.0
1732028113.795949,0.0,0.0,0.0
1732028113.8163123,0.0,0.0,0.0
1732028113.8370438,0.0,0.0,0.0
1732028113.8560944,0.0,0.0,0.0
1732028113.8769522,0.0,0.0,0.0
1732028113.8958764,0.0,0.0,0.0
1732028113.919547,0.0,0.0,0.0
1732028113.9365695,0.0,0.0,0.0
1732028113.9560666,0.0,0.0,0.0
1732028113.9770977,0.0,0.0,0.0
1732028113.9959826,0.0,0.0,0.0
1732028114.0163362,0.0,0.0,0.0
1732028114.0371976,0.0,0.0,0.0
1732028114.0559895,0.0,0.0,0.0
1732028114.0759833,0.0,0.0,0.0
1732028114.0976756,0.0,0.0,0.0
1732028114.1184437,0.0,0.0,0.0
1732028114.1365335,0.0,0.0,0.0
1732028114.1569781,0.0,0.0,0.0
1732028114.1761372,0.0,0.0,0.0
1732028114.1958244,0.0,0.0,0.0
1732028114.2163768,0.0,0.0,0.0
1732028114.237529,0.0,0.0,0.0
1732028114.2559547,0.0,0.0,0.0
1732028114.2814527,0.0,0.0,0.0
1732028114.2987187,0.0,0.0,0.0
1732028114.3170097,0.0,0.0,0.0
1732028114.3359952,0.0,0.0,0.0
1732028114.3558269,0.0,0.0,0.0
1732028114.37602,0.0,0.0,0.0
1732028114.3973105,0.0,0.0,0.0
1732028114.4167407,0.0,0.0,0.0
1732028114.4361382,0.0,0.0,0.0
1732028114.4558246,0.0,0.0,0.0
1732028114.4773352,0.0,0.0,0.0
1732028114.498657,0.0,0.0,0.0
1732028114.516143,0.0,0.0,0.0
1732028114.5367548,0.0,0.0,0.0
1732028114.5621827,0.0,0.0,0.0
1732028114.5786393,0.0,0.0,0.0
1732028114.5975153,0.0,0.0,0.0
1732028114.6161268,0.0,0.0,0.0
1732028114.6365826,0.0,0.0,0.0
1732028114.6567667,0.0,0.0,0.0
1732028114.6774309,0.0,0.0,0.0
1732028114.6966238,0.0,0.0,0.0
1732028114.716154,0.0,0.0,0.0
1732028114.736431,0.0,0.0,0.0
1732028114.756052,0.0,0.0,0.0
1732028114.7770476,0.0,0.0,0.0
1732028114.7973201,0.0,0.0,0.0
1732028114.8213418,0.0,0.0,0.0
1732028114.8364537,0.0,0.0,0.0
1732028114.8606606,0.0,0.0,0.0
1732028114.8781376,0.0,0.0,0.0
1732028114.8981206,0.0,0.0,0.0
1732028114.9247856,0.0,0.0,0.0
1732028114.9369073,0.0,0.0,0.0
1732028114.9585202,0.0,0.0,0.0
1732028114.9774919,0.0,0.0,0.0
1732028114.9966323,0.0,0.0,0.0
1732028115.0177248,0.0,0.0,0.0
1732028115.036355,0.0,0.0,0.0
1732028115.0562923,0.0,0.0,0.0
1732028115.0763814,0.0,0.0,0.0
1732028115.0957828,0.0,0.0,0.0
1732028115.1161888,0.0,0.0,0.0
1732028115.1359973,0.0,0.0,0.0
1732028115.1560183,0.0,0.0,0.0
1732028115.1774821,0.0,0.0,0.0
1732028115.1966069,0.0,0.0,0.0
1732028115.2173424,0.0,0.0,0.0
1732028115.2381186,0.0,0.0,0.0
1732028115.2565813,0.0,0.0,0.0
1732028115.2765796,0.0,0.0,0.0
1732028115.2961829,0.0,0.0,0.0
1732028115.318055,0.0,0.0,0.0
1732028115.3362517,0.0,0.0,0.0
1732028115.3567712,0.0,0.0,0.0
1732028115.3778903,0.0,0.0,0.0
1732028115.3964386,0.0,0.0,0.0
1732028115.417706,0.0,0.0,0.0
1732028115.4363043,0.0,0.0,0.0
