1732028052.01141,0.01,0.01,0.79
1732028052.0116158,0.03,0.01,0.79
1732028052.0579412,0.04,0.02,0.79
1732028052.1072476,0.06,0.02,0.79
1732028052.1602385,0.08,0.04,0.79
1732028052.2076914,0.11,0.05,0.79
1732028052.2577991,0.13,0.06,0.79
1732028052.3087983,0.16,0.08,0.79
1732028052.3572247,0.19,0.1,0.79
1732028052.407274,0.21,0.11,0.79
1732028052.4573748,0.24,0.13,0.78
1732028052.5080433,0.27,0.15,0.78
1732028052.5584016,0.3,0.17,0.78
1732028052.6090071,0.33,0.19,0.78
1732028052.6602533,0.36,0.21,0.78
1732028052.7127523,0.39,0.23,0.78
1732028052.7575276,0.42,0.25,0.78
1732028052.8100388,0.45,0.27,0.78
1732028052.859581,0.48,0.29,0.77
1732028052.908843,0.51,0.31,0.77
1732028052.9587166,0.55,0.33,0.77
1732028053.0099752,0.58,0.35,0.77
1732028053.0585043,0.61,0.37,0.76
1732028053.107633,0.64,0.39,0.76
1732028053.1576593,0.67,0.4,0.76
1732028053.2096403,0.7,0.42,0.76
1732028053.2573755,0.73,0.44,0.75
1732028053.3089938,0.77,0.46,0.75
1732028053.3591862,0.8,0.48,0.75
1732028053.4074125,0.83,0.5,0.74
1732028053.4574275,0.86,0.52,0.74
1732028053.5074248,0.9,0.54,0.74
1732028053.5594416,0.93,0.56,0.73
1732028053.6097176,0.96,0.58,0.73
1732028053.65915,1.0,0.6,0.72
1732028053.7091033,1.03,0.62,0.72
1732028053.7575839,1.07,0.64,0.72
1732028053.808392,1.1,0.66,0.71
1732028053.857637,1.13,0.68,0.71
1732028053.9092598,1.17,0.7,0.7
1732028053.9578934,1.21,0.72,0.7
1732028054.0104458,1.24,0.75,0.69
1732028054.0579827,1.28,0.77,0.69
1732028054.1075034,1.31,0.79,0.68
1732028054.1574912,1.35,0.81,0.68
1732028054.2075493,1.39,0.83,0.68
1732028054.2574382,1.43,0.85,0.67
1732028054.3077626,1.46,0.87,0.67
1732028054.3577964,1.5,0.89,0.66
1732028054.4074838,1.54,0.91,0.66
1732028054.4574418,1.58,0.93,0.65
1732028054.5079691,1.62,0.95,0.64
1732028054.557603,1.66,0.97,0.64
1732028054.6091,1.7,0.99,0.63
1732028054.6606295,1.74,1.02,0.63
1732028054.7077756,1.79,1.04,0.62
1732028054.7588277,1.83,1.06,0.62
1732028054.8081682,1.87,1.08,0.61
1732028054.857382,1.91,1.1,0.61
1732028054.9072523,1.96,1.12,0.6
1732028054.9586298,2.0,1.14,0.6
1732028055.008033,2.05,1.17,0.59
1732028055.0655239,2.09,1.19,0.59
1732028055.1076403,2.14,1.21,0.58
1732028055.1577303,2.18,1.23,0.58
1732028055.2071567,2.23,1.25,0.57
1732028055.2574449,2.28,1.27,0.57
1732028055.30798,2.33,1.29,0.56
1732028055.3627799,2.37,1.32,0.55
1732028055.4075391,2.42,1.34,0.55
1732028055.4578624,2.47,1.36,0.54
1732028055.5071564,2.52,1.38,0.54
1732028055.5585177,2.57,1.4,0.53
1732028055.6079276,2.62,1.42,0.53
1732028055.6578076,2.67,1.45,0.52
1732028055.7071383,2.72,1.47,0.52
1732028055.7588565,2.78,1.49,0.51
1732028055.8076298,2.83,1.51,0.51
1732028055.857829,2.88,1.53,0.5
1732028055.907161,2.94,1.55,0.5
1732028055.9577308,2.99,1.57,0.5
1732028056.007482,3.05,1.6,0.49
1732028056.0591583,3.1,1.62,0.49
1732028056.1076562,3.16,1.64,0.48
1732028056.1573262,3.21,1.66,0.48
1732028056.207306,3.27,1.68,0.47
1732028056.2582695,3.32,1.7,0.47
1732028056.3079967,3.38,1.72,0.47
1732028056.3596902,3.44,1.74,0.46
1732028056.4088464,3.5,1.77,0.46
1732028056.4578962,3.56,1.79,0.45
1732028056.5074544,3.61,1.81,0.45
1732028056.5577834,3.67,1.83,0.45
1732028056.6077278,3.73,1.85,0.44
1732028056.6581256,3.79,1.87,0.44
1732028056.7075088,3.85,1.89,0.44
1732028056.7588382,3.91,1.91,0.44
1732028056.8097715,3.98,1.93,0.43
1732028056.8602116,4.04,1.95,0.43
1732028056.9096777,4.1,1.97,0.43
1732028056.9583995,4.16,1.99,0.42
1732028057.0087597,4.22,2.01,0.42
1732028057.0586474,4.28,2.03,0.42
1732028057.1124492,4.35,2.05,0.42
1732028057.1591713,4.41,2.07,0.42
1732028057.2109125,4.47,2.09,0.41
1732028057.257417,4.54,2.11,0.41
1732028057.3092234,4.6,2.13,0.41
1732028057.3585255,4.66,2.15,0.41
1732028057.4078283,4.73,2.17,0.41
1732028057.4576075,4.79,2.19,0.41
1732028057.5151196,4.86,2.21,0.41
1732028057.557611,4.92,2.23,0.4
1732028057.607408,4.99,2.26,0.4
1732028057.6579697,5.05,2.28,0.4
1732028057.7150338,5.12,2.3,0.4
1732028057.7587602,5.18,2.32,0.4
1732028057.8087306,5.25,2.34,0.4
1732028057.8605587,5.31,2.36,0.4
1732028057.9156873,5.38,2.38,0.4
1732028057.9586499,5.44,2.4,0.4
1732028058.0100822,5.51,2.42,0.4
1732028058.0578227,5.57,2.44,0.4
1732028058.1081285,5.64,2.46,0.4
1732028058.1584983,5.71,2.48,0.4
1732028058.2074318,5.77,2.5,0.4
1732028058.257777,5.84,2.52,0.4
1732028058.307448,5.9,2.54,0.4
1732028058.3593397,5.97,2.56,0.41
1732028058.407654,6.04,2.58,0.41
1732028058.4573991,6.1,2.6,0.41
1732028058.5074253,6.17,2.62,0.41
1732028058.5574846,6.24,2.65,0.41
1732028058.6077433,6.3,2.67,0.41
1732028058.6579592,6.37,2.69,0.41
1732028058.7073581,6.43,2.71,0.41
1732028058.7594576,6.5,2.73,0.42
1732028058.8098273,6.57,2.75,0.42
1732028058.8585901,6.63,2.77,0.42
1732028058.9110022,6.7,2.8,0.42
1732028058.9590256,6.77,2.82,0.42
1732028059.0086925,6.83,2.84,0.43
1732028059.0589833,6.9,2.86,0.43
1732028059.109923,6.97,2.89,0.43
1732028059.157467,7.03,2.91,0.43
1732028059.2092397,7.1,2.93,0.43
1732028059.2616022,7.17,2.95,0.44
1732028059.3098803,7.23,2.98,0.44
1732028059.3575656,7.3,3.0,0.44
1732028059.407779,7.36,3.02,0.44
1732028059.4572704,7.43,3.05,0.45
1732028059.5074255,7.5,3.07,0.45
1732028059.5587003,7.56,3.1,0.45
1732028059.608128,7.63,3.12,0.45
1732028059.6573672,7.69,3.14,0.46
1732028059.7090774,7.76,3.17,0.46
1732028059.7572823,7.83,3.19,0.46
1732028059.8103604,7.89,3.22,0.46
1732028059.8576443,7.96,3.24,0.47
1732028059.9082074,8.02,3.27,0.47
1732028059.9579906,8.09,3.29,0.47
1732028060.009536,8.15,3.32,0.47
1732028060.0576913,8.22,3.34,0.48
1732028060.1085713,8.28,3.37,0.48
1732028060.1572242,8.35,3.39,0.48
1732028060.2071533,8.41,3.42,0.48
1732028060.2584312,8.48,3.45,0.49
1732028060.3073635,8.54,3.47,0.49
1732028060.3588707,8.61,3.5,0.49
1732028060.4072425,8.67,3.52,0.5
1732028060.4578078,8.74,3.55,0.5
1732028060.5087547,8.8,3.58,0.5
1732028060.5584643,8.86,3.6,0.5
1732028060.6078143,8.93,3.63,0.51
1732028060.6583397,8.99,3.66,0.51
1732028060.7080278,9.06,3.69,0.51
1732028060.7575812,9.12,3.71,0.51
1732028060.8087418,9.18,3.74,0.52
1732028060.8574257,9.25,3.77,0.52
1732028060.9074817,9.31,3.8,0.52
1732028060.957341,9.37,3.82,0.52
1732028061.0096178,9.43,3.85,0.53
1732028061.0587642,9.5,3.88,0.53
1732028061.1075218,9.56,3.91,0.53
1732028061.1584947,9.62,3.94,0.53
1732028061.208688,9.68,3.96,0.53
1732028061.2588243,9.75,3.99,0.54
1732028061.3081343,9.81,4.02,0.54
1732028061.3573494,9.87,4.05,0.54
1732028061.4075134,9.93,4.08,0.54
1732028061.4575717,9.99,4.11,0.54
1732028061.5133202,10.06,4.13,0.55
1732028061.5572233,10.12,4.16,0.55
1732028061.6077158,10.18,4.19,0.55
1732028061.6581378,10.24,4.22,0.55
1732028061.7091768,10.3,4.25,0.55
1732028061.7572603,10.36,4.28,0.56
1732028061.8075185,10.42,4.31,0.56
1732028061.8573446,10.48,4.34,0.56
1732028061.9085133,10.54,4.37,0.56
1732028061.9576304,10.6,4.4,0.56
1732028062.0085344,10.66,4.42,0.56
1732028062.0574093,10.72,4.45,0.56
1732028062.1097775,10.78,4.48,0.57
1732028062.1577444,10.84,4.51,0.57
1732028062.2071984,10.9,4.54,0.57
1732028062.2576551,10.96,4.57,0.57
1732028062.3093066,11.02,4.6,0.57
1732028062.3575037,11.08,4.63,0.57
1732028062.407166,11.14,4.66,0.57
1732028062.4589214,11.2,4.69,0.57
1732028062.5094533,11.26,4.72,0.58
1732028062.557377,11.32,4.75,0.58
1732028062.607572,11.37,4.78,0.58
1732028062.6573687,11.43,4.81,0.58
1732028062.7107165,11.49,4.84,0.58
1732028062.7572076,11.55,4.87,0.58
1732028062.8076994,11.61,4.89,0.58
1732028062.857676,11.67,4.92,0.58
1732028062.9075992,11.72,4.95,0.58
1732028062.9578538,11.78,4.98,0.58
1732028063.0087438,11.84,5.01,0.58
1732028063.0576189,11.9,5.04,0.58
1732028063.107245,11.96,5.07,0.58
1732028063.1573281,12.01,5.1,0.58
1732028063.2076557,12.07,5.13,0.58
1732028063.2573848,12.13,5.16,0.59
1732028063.3096225,12.19,5.19,0.59
1732028063.3598566,12.24,5.22,0.59
1732028063.4093819,12.3,5.25,0.59
1732028063.4575315,12.36,5.28,0.59
1732028063.5102632,12.42,5.31,0.59
1732028063.5599062,12.47,5.33,0.59
1732028063.613566,12.53,5.36,0.59
1732028063.657921,12.59,5.39,0.59
1732028063.7086809,12.65,5.42,0.59
1732028063.7617002,12.7,5.45,0.59
1732028063.810915,12.76,5.48,0.59
1732028063.8579335,12.82,5.51,0.59
1732028063.9096653,12.87,5.54,0.59
1732028063.9581783,12.93,5.57,0.59
1732028064.018268,12.99,5.6,0.59
1732028064.0598028,13.05,5.63,0.59
1732028064.1099715,13.1,5.66,0.59
1732028064.1579034,13.16,5.68,0.58
1732028064.2071738,13.22,5.71,0.58
1732028064.2579188,13.27,5.74,0.58
1732028064.3118196,13.33,5.77,0.58
1732028064.359777,13.39,5.8,0.58
1732028064.4075208,13.44,5.83,0.58
1732028064.4573686,13.5,5.86,0.58
1732028064.5085025,13.56,5.89,0.58
1732028064.55907,13.62,5.92,0.58
1732028064.6075013,13.67,5.94,0.58
1732028064.6577995,13.73,5.97,0.58
1732028064.7089682,13.79,6.0,0.58
1732028064.7594714,13.84,6.03,0.58
1732028064.8076272,13.9,6.06,0.58
1732028064.8590233,13.96,6.09,0.58
1732028064.9072733,14.02,6.12,0.58
1732028064.9573112,14.07,6.14,0.58
1732028065.0077972,14.13,6.17,0.58
1732028065.0573773,14.19,6.2,0.58
1732028065.107354,14.24,6.23,0.58
1732028065.15814,14.3,6.26,0.58
1732028065.20743,14.36,6.29,0.57
1732028065.2574143,14.42,6.32,0.57
1732028065.3103597,14.47,6.34,0.57
1732028065.3589437,14.53,6.37,0.57
1732028065.4091709,14.59,6.4,0.57
1732028065.460925,14.65,6.43,0.57
1732028065.511796,14.7,6.46,0.57
1732028065.5585127,14.76,6.49,0.57
1732028065.6087804,14.82,6.51,0.57
1732028065.6578035,14.88,6.54,0.57
1732028065.7074406,14.93,6.57,0.57
1732028065.7581048,14.99,6.6,0.57
1732028065.8123984,15.05,6.63,0.57
1732028065.858302,15.11,6.65,0.57
1732028065.9085355,15.17,6.68,0.57
1732028065.9579935,15.22,6.71,0.57
1732028066.010342,15.28,6.74,0.56
1732028066.057967,15.34,6.77,0.56
1732028066.1074204,15.4,6.8,0.56
1732028066.159605,15.46,6.82,0.56
1732028066.2104614,15.51,6.85,0.56
1732028066.2578766,15.57,6.88,0.56
1732028066.3097484,15.63,6.91,0.56
1732028066.3580253,15.69,6.94,0.56
1732028066.4086614,15.75,6.96,0.56
1732028066.4616191,15.81,6.99,0.56
1732028066.5125563,15.86,7.02,0.56
1732028066.5594904,15.92,7.05,0.56
1732028066.6128793,15.98,7.08,0.56
1732028066.6573513,16.04,7.1,0.56
1732028066.7104774,16.1,7.13,0.56
1732028066.7575989,16.16,7.16,0.56
1732028066.807713,16.22,7.19,0.56
1732028066.858584,16.27,7.21,0.55
1732028066.908059,16.33,7.24,0.55
1732028066.9580252,16.39,7.27,0.55
1732028067.0128438,16.45,7.3,0.55
1732028067.066163,16.51,7.33,0.55
1732028067.1079547,16.57,7.35,0.55
1732028067.1574821,16.63,7.38,0.55
1732028067.21177,16.69,7.41,0.55
1732028067.2584019,16.75,7.44,0.55
1732028067.3073251,16.81,7.47,0.55
1732028067.3600376,16.86,7.49,0.55
1732028067.4073298,16.92,7.52,0.55
1732028067.4596918,16.98,7.55,0.55
1732028067.508506,17.04,7.58,0.55
1732028067.5582528,17.1,7.6,0.55
1732028067.6096923,17.16,7.63,0.55
1732028067.6587794,17.22,7.66,0.55
1732028067.7128925,17.28,7.69,0.55
1732028067.757132,17.34,7.72,0.55
1732028067.8080995,17.4,7.74,0.55
1732028067.8578393,17.46,7.77,0.55
1732028067.9095232,17.52,7.8,0.55
1732028067.9576483,17.58,7.83,0.55
1732028068.010075,17.64,7.85,0.55
1732028068.0572348,17.7,7.88,0.55
1732028068.108369,17.76,7.91,0.55
1732028068.1577349,17.82,7.94,0.55
1732028068.2082176,17.88,7.96,0.55
1732028068.258597,17.94,7.99,0.55
1732028068.307308,18.0,8.02,0.55
1732028068.3608499,18.05,8.05,0.55
1732028068.4076447,18.11,8.08,0.54
1732028068.460583,18.17,8.1,0.54
1732028068.5112607,18.23,8.13,0.54
1732028068.558285,18.29,8.16,0.54
1732028068.608365,18.35,8.19,0.54
1732028068.6581836,18.41,8.21,0.54
1732028068.7073433,18.47,8.24,0.54
1732028068.7573183,18.53,8.27,0.54
1732028068.808714,18.59,8.3,0.54
1732028068.8577492,18.65,8.33,0.54
1732028068.907658,18.71,8.35,0.54
1732028068.9579935,18.77,8.38,0.54
1732028069.0076227,18.83,8.41,0.54
1732028069.0576487,18.89,8.44,0.54
1732028069.1099832,18.95,8.46,0.54
1732028069.1586475,19.01,8.49,0.54
1732028069.2080789,19.07,8.52,0.54
1732028069.259958,19.13,8.55,0.54
1732028069.3102186,19.19,8.58,0.54
1732028069.357313,19.25,8.6,0.54
1732028069.4072874,19.31,8.63,0.54
1732028069.45922,19.37,8.66,0.54
1732028069.508818,19.43,8.69,0.54
1732028069.5590863,19.49,8.71,0.54
1732028069.608571,19.55,8.74,0.54
1732028069.658978,19.61,8.77,0.55
1732028069.709326,19.67,8.8,0.55
1732028069.7575812,19.73,8.83,0.55
1732028069.8076937,19.79,8.85,0.55
1732028069.857235,19.85,8.88,0.55
1732028069.9099638,19.91,8.91,0.55
1732028069.9581428,19.97,8.94,0.55
1732028070.013064,20.03,8.97,0.55
1732028070.0574613,20.09,8.99,0.55
1732028070.1080325,20.15,9.02,0.55
1732028070.1578965,20.21,9.05,0.55
1732028070.2094042,20.27,9.08,0.55
1732028070.2587388,20.33,9.11,0.55
1732028070.3073924,20.39,9.13,0.55
1732028070.3588583,20.45,9.16,0.55
1732028070.410586,20.51,9.19,0.55
1732028070.4580545,20.57,9.22,0.55
1732028070.5103953,20.63,9.25,0.55
1732028070.5586162,20.69,9.27,0.55
1732028070.6080494,20.75,9.3,0.55
1732028070.657491,20.81,9.33,0.55
1732028070.707455,20.87,9.36,0.55
1732028070.7573462,20.93,9.39,0.55
1732028070.8074274,20.99,9.41,0.55
1732028070.8571508,21.05,9.44,0.55
1732028070.9075315,21.11,9.47,0.55
1732028070.9591763,21.17,9.5,0.55
1732028071.0118222,21.23,9.53,0.55
1732028071.059263,21.29,9.56,0.55
1732028071.1073482,21.35,9.58,0.55
1732028071.1573062,21.41,9.61,0.55
1732028071.2114155,21.47,9.64,0.55
1732028071.2588394,21.53,9.67,0.55
1732028071.307806,21.59,9.7,0.55
1732028071.3590083,21.65,9.72,0.55
1732028071.4073758,21.71,9.75,0.55
1732028071.4582329,21.77,9.78,0.55
1732028071.508483,21.83,9.81,0.55
1732028071.557905,21.89,9.84,0.55
1732028071.6085892,21.95,9.87,0.55
1732028071.6587276,22.01,9.89,0.55
1732028071.7086196,22.07,9.92,0.55
1732028071.7578683,22.13,9.95,0.55
1732028071.8085713,22.19,9.98,0.55
1732028071.8600085,22.25,10.01,0.55
1732028071.9072764,22.31,10.03,0.55
1732028071.9584067,22.37,10.06,0.55
1732028072.014244,22.43,10.09,0.55
1732028072.0575025,22.49,10.12,0.55
1732028072.1074982,22.55,10.15,0.55
1732028072.157454,22.61,10.18,0.55
1732028072.2087219,22.67,10.2,0.55
1732028072.2575567,22.73,10.23,0.55
1732028072.3088217,22.79,10.26,0.55
1732028072.3585594,22.85,10.29,0.55
1732028072.4083,22.9,10.32,0.56
1732028072.4596438,22.96,10.35,0.56
1732028072.5109155,23.02,10.37,0.56
1732028072.558503,23.08,10.4,0.56
1732028072.6083748,23.14,10.43,0.56
1732028072.6592832,23.2,10.46,0.56
1732028072.7083597,23.26,10.49,0.56
1732028072.7586954,23.32,10.52,0.56
1732028072.8081934,23.38,10.54,0.56
1732028072.8592587,23.44,10.57,0.56
1732028072.9073427,23.5,10.6,0.56
1732028072.9578786,23.56,10.63,0.56
1732028073.0091746,23.62,10.66,0.56
1732028073.057371,23.68,10.69,0.56
1732028073.107306,23.74,10.71,0.56
1732028073.1572301,23.8,10.74,0.56
1732028073.2075405,23.86,10.77,0.56
1732028073.2580101,23.91,10.8,0.56
1732028073.3099027,23.97,10.83,0.56
1732028073.3583481,24.03,10.86,0.56
1732028073.4073656,24.09,10.88,0.56
1732028073.457462,24.15,10.91,0.56
1732028073.5087354,24.21,10.94,0.56
1732028073.5589693,24.27,10.97,0.56
1732028073.6129713,24.33,11.0,0.56
1732028073.658033,24.39,11.03,0.56
1732028073.7098625,24.45,11.05,0.56
1732028073.757333,24.51,11.08,0.56
1732028073.8096967,24.57,11.11,0.56
1732028073.857099,24.63,11.14,0.56
1732028073.9071226,24.69,11.17,0.56
1732028073.9595184,24.74,11.2,0.56
1732028074.0080638,24.8,11.22,0.56
1732028074.0584702,24.86,11.25,0.56
1732028074.1075783,24.92,11.28,0.56
1732028074.1576204,24.98,11.31,0.56
1732028074.2091024,25.04,11.34,0.56
1732028074.257313,25.1,11.37,0.56
1732028074.3081052,25.16,11.39,0.56
1732028074.357422,25.22,11.42,0.56
1732028074.4073505,25.28,11.45,0.56
1732028074.4584765,25.34,11.48,0.56
1732028074.5120845,25.4,11.51,0.56
1732028074.5584304,25.46,11.54,0.56
1732028074.6108453,25.51,11.56,0.56
1732028074.6587353,25.57,11.59,0.56
1732028074.7085931,25.63,11.62,0.56
1732028074.757954,25.69,11.65,0.56
1732028074.8072703,25.75,11.68,0.56
1732028074.8574953,25.81,11.71,0.56
1732028074.9076989,25.87,11.73,0.56
1732028074.9581892,25.93,11.76,0.56
1732028075.007691,25.99,11.79,0.56
1732028075.0614898,26.05,11.82,0.56
1732028075.1073906,26.11,11.85,0.56
1732028075.159709,26.17,11.88,0.56
1732028075.207556,26.22,11.9,0.56
1732028075.2601144,26.28,11.93,0.56
1732028075.307838,26.34,11.96,0.56
1732028075.357917,26.4,11.99,0.56
1732028075.4074101,26.46,12.02,0.56
1732028075.4588945,26.52,12.04,0.56
1732028075.508451,26.58,12.07,0.56
1732028075.5577614,26.64,12.1,0.56
1732028075.6072602,26.7,12.13,0.56
1732028075.6582518,26.76,12.16,0.56
1732028075.707982,26.82,12.19,0.56
1732028075.758539,26.88,12.21,0.56
1732028075.8075602,26.93,12.24,0.56
1732028075.8571968,26.99,12.27,0.56
1732028075.9076083,27.05,12.3,0.56
1732028075.9576597,27.11,12.33,0.56
1732028076.007773,27.17,12.36,0.56
1732028076.0616302,27.23,12.38,0.56
1732028076.108889,27.29,12.41,0.56
1732028076.1581182,27.35,12.44,0.56
1732028076.2075512,27.41,12.47,0.56
1732028076.2618933,27.47,12.5,0.56
1732028076.307707,27.53,12.53,0.56
1732028076.3572454,27.59,12.55,0.56
1732028076.4071305,27.64,12.58,0.56
1732028076.4582772,27.7,12.61,0.56
1732028076.508106,27.76,12.64,0.56
1732028076.5585744,27.82,12.67,0.56
1732028076.6105456,27.88,12.69,0.56
1732028076.6594164,27.94,12.72,0.56
1732028076.7081203,28.0,12.75,0.56
1732028076.7574272,28.06,12.78,0.56
1732028076.8072543,28.12,12.81,0.56
1732028076.85738,28.18,12.84,0.56
1732028076.9112418,28.24,12.86,0.56
1732028076.9583695,28.3,12.89,0.56
1732028077.0074959,28.36,12.92,0.56
1732028077.057523,28.41,12.95,0.56
1732028077.1073167,28.47,12.98,0.56
1732028077.1583996,28.53,13.0,0.56
1732028077.2083778,28.59,13.03,0.56
1732028077.2587147,28.65,13.06,0.56
1732028077.3079364,28.71,13.09,0.56
1732028077.3585348,28.77,13.12,0.56
1732028077.4087937,28.83,13.15,0.56
1732028077.460701,28.89,13.17,0.56
1732028077.5088592,28.95,13.2,0.56
1732028077.559817,29.01,13.23,0.56
1732028077.607408,29.07,13.26,0.56
1732028077.6594515,29.13,13.29,0.56
1732028077.7078547,29.19,13.32,0.56
1732028077.7578402,29.24,13.34,0.56
1732028077.8110702,29.3,13.37,0.56
1732028077.8608813,29.36,13.4,0.55
1732028077.909153,29.42,13.43,0.55
1732028077.9588385,29.48,13.46,0.55
1732028078.0086768,29.54,13.48,0.55
1732028078.0592651,29.6,13.51,0.55
1732028078.1083593,29.66,13.54,0.55
1732028078.1592414,29.72,13.57,0.55
1732028078.208911,29.78,13.6,0.55
1732028078.258622,29.84,13.63,0.55
1732028078.3094146,29.9,13.65,0.55
1732028078.3599799,29.96,13.68,0.55
1732028078.408437,30.02,13.71,0.55
1732028078.4598064,30.08,13.74,0.55
1732028078.5084715,30.13,13.77,0.55
1732028078.5604084,30.19,13.79,0.55
1732028078.6088932,30.25,13.82,0.55
1732028078.6586025,30.31,13.85,0.55
1732028078.7088296,30.37,13.88,0.55
1732028078.758712,30.43,13.91,0.55
1732028078.8085418,30.49,13.94,0.55
1732028078.858593,30.55,13.96,0.55
1732028078.908785,30.61,13.99,0.55
1732028078.9615667,30.67,14.02,0.55
1732028079.0082014,30.73,14.05,0.55
1732028079.0612743,30.79,14.08,0.55
1732028079.1080444,30.85,14.1,0.55
1732028079.1584563,30.91,14.13,0.55
1732028079.2094595,30.97,14.16,0.55
1732028079.259545,31.03,14.19,0.55
1732028079.3086603,31.08,14.22,0.55
1732028079.3573163,31.14,14.25,0.55
1732028079.4081235,31.2,14.27,0.55
1732028079.457439,31.26,14.3,0.55
1732028079.5085566,31.32,14.33,0.55
1732028079.5590136,31.38,14.36,0.55
1732028079.6090608,31.44,14.39,0.55
1732028079.6599464,31.5,14.41,0.55
1732028079.7096057,31.56,14.44,0.55
1732028079.7587843,31.62,14.47,0.55
1732028079.809922,31.68,14.5,0.55
1732028079.859966,31.74,14.53,0.55
1732028079.907825,31.8,14.56,0.55
1732028079.9586987,31.86,14.58,0.55
1732028080.0078378,31.92,14.61,0.55
1732028080.057854,31.98,14.64,0.55
1732028080.1088326,32.04,14.67,0.55
1732028080.1580915,32.09,14.7,0.55
1732028080.2077804,32.15,14.72,0.55
1732028080.2581077,32.21,14.75,0.55
1732028080.307652,32.27,14.78,0.55
1732028080.3580308,32.33,14.81,0.55
1732028080.4080465,32.39,14.84,0.55
1732028080.4580426,32.45,14.87,0.55
1732028080.5132232,32.51,14.89,0.55
1732028080.557882,32.57,14.92,0.55
1732028080.6082807,32.63,14.95,0.55
1732028080.657804,32.69,14.98,0.55
1732028080.7075179,32.75,15.01,0.55
1732028080.7585127,32.81,15.03,0.55
1732028080.8074462,32.87,15.06,0.55
1732028080.8580806,32.93,15.09,0.55
1732028080.908381,32.99,15.12,0.55
1732028080.9581494,33.05,15.15,0.55
1732028081.0076098,33.1,15.18,0.55
1732028081.0574117,33.16,15.2,0.55
1732028081.1115186,33.22,15.23,0.55
1732028081.1586323,33.28,15.26,0.55
1732028081.211748,33.34,15.29,0.55
1732028081.2583957,33.4,15.32,0.55
1732028081.30767,33.46,15.34,0.55
1732028081.3585262,33.52,15.37,0.55
1732028081.4084623,33.58,15.4,0.55
1732028081.4576142,33.64,15.43,0.55
1732028081.5075555,33.7,15.46,0.55
1732028081.5579398,33.76,15.49,0.55
1732028081.6081192,33.82,15.51,0.55
1732028081.6573813,33.88,15.54,0.55
1732028081.7086635,33.94,15.57,0.55
1732028081.759086,34.0,15.6,0.55
1732028081.8094883,34.06,15.63,0.55
1732028081.8685112,34.11,15.65,0.55
1732028081.9081142,34.17,15.68,0.55
1732028081.9591334,34.23,15.71,0.55
1732028082.0110803,34.29,15.74,0.55
1732028082.0589437,34.35,15.77,0.55
1732028082.1093614,34.41,15.8,0.55
1732028082.1599975,34.47,15.82,0.55
1732028082.2105186,34.53,15.85,0.55
1732028082.2604854,34.59,15.88,0.55
1732028082.3091261,34.65,15.91,0.55
1732028082.3574018,34.71,15.94,0.55
1732028082.408195,34.77,15.97,0.55
1732028082.458187,34.83,15.99,0.55
1732028082.5134444,34.89,16.02,0.55
1732028082.5594163,34.95,16.05,0.55
1732028082.6185157,35.01,16.08,0.55
1732028082.657481,35.07,16.11,0.55
1732028082.70919,35.12,16.13,0.55
1732028082.7573538,35.18,16.16,0.55
1732028082.8077974,35.24,16.19,0.55
1732028082.8573902,35.3,16.22,0.55
1732028082.9137456,35.36,16.25,0.55
1732028082.963463,35.42,16.28,0.55
1732028083.0137656,35.48,16.3,0.55
1732028083.0579863,35.54,16.33,0.56
1732028083.1164336,35.6,16.36,0.56
1732028083.1591117,35.66,16.39,0.56
1732028083.2108657,35.72,16.42,0.56
1732028083.2591836,35.78,16.44,0.56
1732028083.3083568,35.84,16.47,0.56
1732028083.3579135,35.9,16.5,0.56
1732028083.4078124,35.96,16.53,0.56
1732028083.4576437,36.02,16.56,0.56
1732028083.5143564,36.07,16.59,0.56
1732028083.559052,36.13,16.61,0.56
1732028083.607533,36.19,16.64,0.56
1732028083.6575716,36.25,16.67,0.56
1732028083.7075374,36.31,16.7,0.56
1732028083.759027,36.37,16.73,0.56
1732028083.80919,36.43,16.76,0.56
1732028083.8575253,36.49,16.78,0.56
1732028083.9074059,36.55,16.81,0.56
1732028083.9579384,36.61,16.84,0.56
1732028084.008666,36.67,16.87,0.56
1732028084.0574594,36.73,16.9,0.56
1732028084.108128,36.79,16.92,0.56
1732028084.157936,36.85,16.95,0.56
1732028084.2078588,36.91,16.98,0.56
1732028084.2571573,36.96,17.01,0.56
1732028084.3074977,37.02,17.04,0.56
1732028084.3581238,37.08,17.07,0.56
1732028084.409497,37.14,17.09,0.56
1732028084.4572694,37.2,17.12,0.56
1732028084.507884,37.26,17.15,0.56
1732028084.5590174,37.32,17.18,0.56
1732028084.6081,37.38,17.21,0.56
1732028084.658988,37.44,17.24,0.56
1732028084.70819,37.5,17.26,0.56
1732028084.7572608,37.56,17.29,0.56
1732028084.8073988,37.62,17.32,0.56
1732028084.857431,37.68,17.35,0.56
1732028084.9081933,37.74,17.38,0.56
1732028084.9573684,37.8,17.4,0.56
1732028085.0071187,37.86,17.43,0.56
1732028085.0570927,37.91,17.46,0.56
1732028085.1108844,37.97,17.49,0.56
1732028085.157724,38.03,17.52,0.56
1732028085.2089393,38.09,17.55,0.56
1732028085.2580037,38.15,17.57,0.56
1732028085.3094707,38.21,17.6,0.56
1732028085.3738081,38.27,17.63,0.56
1732028085.4073977,38.33,17.66,0.56
1732028085.45861,38.39,17.69,0.56
1732028085.5082202,38.45,17.71,0.56
1732028085.5579612,38.51,17.74,0.56
1732028085.6085303,38.57,17.77,0.56
1732028085.6573386,38.63,17.8,0.56
1732028085.7091208,38.69,17.83,0.56
1732028085.7596831,38.75,17.86,0.56
1732028085.8094397,38.8,17.88,0.56
1732028085.8591976,38.86,17.91,0.56
1732028085.908232,38.92,17.94,0.56
1732028085.958538,38.98,17.97,0.56
1732028086.0117517,39.04,18.0,0.56
1732028086.0584302,39.1,18.03,0.56
1732028086.1084836,39.16,18.05,0.56
1732028086.1586745,39.22,18.08,0.56
1732028086.2082412,39.28,18.11,0.56
1732028086.25816,39.34,18.14,0.56
1732028086.3082952,39.4,18.17,0.56
1732028086.359147,39.46,18.19,0.56
1732028086.407728,39.52,18.22,0.56
1732028086.457345,39.58,18.25,0.56
1732028086.5087576,39.64,18.28,0.56
1732028086.5592675,39.69,18.31,0.56
1732028086.609733,39.75,18.34,0.56
1732028086.6578746,39.81,18.36,0.56
1732028086.7076526,39.87,18.39,0.56
1732028086.7584088,39.93,18.42,0.56
1732028086.8139274,39.99,18.45,0.56
1732028086.8598912,40.05,18.48,0.56
1732028086.9168158,40.11,18.51,0.56
1732028086.957259,40.17,18.53,0.56
1732028087.01191,40.23,18.56,0.56
1732028087.0584142,40.29,18.59,0.56
1732028087.1074023,40.35,18.62,0.56
1732028087.1652908,40.41,18.65,0.56
1732028087.2129745,40.47,18.67,0.56
1732028087.2574322,40.53,18.7,0.56
1732028087.3074744,40.58,18.73,0.56
1732028087.358205,40.64,18.76,0.56
1732028087.407179,40.7,18.79,0.56
1732028087.4576187,40.76,18.82,0.56
1732028087.507329,40.82,18.84,0.56
1732028087.559349,40.88,18.87,0.56
1732028087.6076174,40.94,18.9,0.56
1732028087.6577156,41.0,18.93,0.56
1732028087.7080517,41.06,18.96,0.56
1732028087.7573802,41.12,18.98,0.56
1732028087.8074818,41.18,19.01,0.56
1732028087.8611727,41.24,19.04,0.56
1732028087.908828,41.3,19.07,0.56
1732028087.9584308,41.36,19.1,0.56
1732028088.011189,41.42,19.13,0.56
1732028088.063416,41.48,19.15,0.56
1732028088.1076849,41.53,19.18,0.56
1732028088.157658,41.59,19.21,0.56
1732028088.2075303,41.65,19.24,0.56
1732028088.2582998,41.71,19.27,0.56
1732028088.3081806,41.77,19.3,0.56
1732028088.358177,41.83,19.32,0.56
1732028088.408237,41.89,19.35,0.56
1732028088.4582486,41.95,19.38,0.56
1732028088.5083697,42.01,19.41,0.56
1732028088.5615802,42.07,19.44,0.56
1732028088.6085567,42.13,19.46,0.56
1732028088.6580162,42.19,19.49,0.56
1732028088.7085507,42.25,19.52,0.56
1732028088.7590742,42.31,19.55,0.56
1732028088.8071804,42.37,19.58,0.56
1732028088.8582013,42.42,19.61,0.56
1732028088.9109516,42.48,19.63,0.56
1732028088.9600978,42.54,19.66,0.56
1732028089.007287,42.6,19.69,0.56
1732028089.0572436,42.66,19.72,0.56
1732028089.1074367,42.72,19.75,0.56
1732028089.158457,42.78,19.77,0.56
1732028089.2075458,42.84,19.8,0.56
1732028089.2588441,42.9,19.83,0.56
1732028089.3084555,42.96,19.86,0.56
1732028089.3602726,43.02,19.89,0.56
1732028089.4087503,43.08,19.92,0.55
1732028089.458296,43.14,19.94,0.55
1732028089.5082028,43.2,19.97,0.55
1732028089.5583317,43.26,20.0,0.55
1732028089.6137726,43.32,20.03,0.55
1732028089.6580195,43.37,20.06,0.55
1732028089.7072265,43.43,20.09,0.55
1732028089.7571387,43.49,20.11,0.55
1732028089.8074875,43.55,20.14,0.55
1732028089.8581078,43.61,20.17,0.55
1732028089.9086742,43.67,20.2,0.55
1732028089.960124,43.73,20.23,0.55
1732028090.0114353,43.79,20.25,0.55
1732028090.0654385,43.85,20.28,0.55
1732028090.1075046,43.91,20.31,0.55
1732028090.1576838,43.97,20.34,0.55
1732028090.2105887,44.03,20.37,0.55
1732028090.259694,44.09,20.4,0.55
1732028090.3086455,44.15,20.42,0.55
1732028090.3577504,44.21,20.45,0.55
1732028090.407353,44.27,20.48,0.55
1732028090.4595654,44.32,20.51,0.55
1732028090.5178454,44.38,20.54,0.55
1732028090.5593693,44.44,20.56,0.55
1732028090.6105738,44.5,20.59,0.55
1732028090.660079,44.56,20.62,0.55
1732028090.708616,44.62,20.65,0.55
1732028090.7573407,44.68,20.68,0.55
1732028090.8119667,44.74,20.71,0.55
1732028090.8573196,44.8,20.73,0.55
1732028090.9073956,44.86,20.76,0.55
1732028090.9573388,44.92,20.79,0.55
1732028091.00825,44.98,20.82,0.55
1732028091.0624788,45.04,20.85,0.55
1732028091.1076267,45.1,20.88,0.55
1732028091.1574817,45.16,20.9,0.55
1732028091.2112756,45.21,20.93,0.55
1732028091.259094,45.27,20.96,0.55
1732028091.310785,45.33,20.99,0.55
1732028091.3587618,45.39,21.02,0.55
1732028091.4093046,45.45,21.04,0.55
1732028091.4575438,45.51,21.07,0.55
1732028091.5096083,45.57,21.1,0.55
1732028091.55837,45.63,21.13,0.55
1732028091.6088572,45.69,21.16,0.55
1732028091.6575484,45.75,21.19,0.55
1732028091.709218,45.81,21.21,0.55
1732028091.7573245,45.87,21.24,0.55
1732028091.8172522,45.93,21.27,0.55
1732028091.8587751,45.99,21.3,0.55
1732028091.9091537,46.05,21.33,0.55
1732028091.9588642,46.11,21.35,0.55
1732028092.0099254,46.16,21.38,0.55
1732028092.057379,46.22,21.41,0.55
1732028092.1078627,46.28,21.44,0.55
1732028092.1589272,46.34,21.47,0.55
1732028092.2081702,46.4,21.5,0.55
1732028092.2590168,46.46,21.52,0.55
1732028092.3189023,46.52,21.55,0.56
1732028092.3580709,46.58,21.58,0.56
1732028092.409283,46.64,21.61,0.56
1732028092.4601626,46.7,21.64,0.56
1732028092.509469,46.76,21.67,0.56
1732028092.5588121,46.82,21.69,0.56
1732028092.607656,46.88,21.72,0.56
1732028092.6575649,46.94,21.75,0.56
1732028092.7077413,47.0,21.78,0.56
1732028092.757164,47.06,21.81,0.56
1732028092.8075626,47.11,21.83,0.56
1732028092.857502,47.17,21.86,0.56
1732028092.907877,47.23,21.89,0.56
1732028092.9572678,47.29,21.92,0.56
1732028093.0074675,47.35,21.95,0.56
1732028093.0574746,47.41,21.98,0.56
1732028093.1087046,47.47,22.0,0.56
1732028093.1588979,47.53,22.03,0.56
1732028093.2083123,47.59,22.06,0.56
1732028093.261137,47.65,22.09,0.56
1732028093.3091385,47.71,22.12,0.56
1732028093.3581934,47.77,22.14,0.56
1732028093.4076645,47.83,22.17,0.56
1732028093.4576552,47.89,22.2,0.56
1732028093.5080054,47.95,22.23,0.56
1732028093.5575843,48.01,22.26,0.56
1732028093.6111398,48.06,22.29,0.56
1732028093.6585555,48.12,22.31,0.56
1732028093.7079847,48.18,22.34,0.56
1732028093.7584746,48.24,22.37,0.56
1732028093.808018,48.3,22.4,0.56
1732028093.8581235,48.36,22.43,0.56
1732028093.9191313,48.42,22.46,0.56
1732028093.9581149,48.48,22.48,0.56
1732028094.01355,48.54,22.51,0.56
1732028094.0608845,48.6,22.54,0.56
1732028094.1077406,48.66,22.57,0.56
1732028094.1582434,48.72,22.6,0.56
1732028094.2077217,48.78,22.62,0.56
1732028094.2577467,48.84,22.65,0.56
1732028094.3092835,48.9,22.68,0.56
1732028094.3579175,48.95,22.71,0.56
1732028094.4072647,49.01,22.74,0.56
1732028094.462233,49.07,22.77,0.56
1732028094.5078528,49.13,22.79,0.56
1732028094.5589275,49.19,22.82,0.56
1732028094.6073854,49.25,22.85,0.56
1732028094.6575356,49.31,22.88,0.56
1732028094.7077117,49.37,22.91,0.56
1732028094.7611868,49.43,22.93,0.56
1732028094.807969,49.49,22.96,0.56
1732028094.8576958,49.55,22.99,0.56
1732028094.9077697,49.61,23.02,0.56
1732028094.9580083,49.67,23.05,0.56
1732028095.007901,49.73,23.08,0.56
1732028095.0585272,49.79,23.1,0.56
1732028095.1075072,49.85,23.13,0.56
1732028095.1581564,49.9,23.16,0.56
1732028095.2094293,49.96,23.19,0.56
1732028095.2615886,50.02,23.22,0.56
1732028095.3083649,50.08,23.25,0.56
1732028095.3595624,50.14,23.27,0.56
1732028095.4090734,50.2,23.3,0.56
1732028095.4571614,50.26,23.33,0.56
1732028095.5088363,50.32,23.36,0.56
1732028095.5589583,50.38,23.39,0.56
1732028095.6080601,50.44,23.41,0.56
1732028095.6570296,50.5,23.44,0.56
1732028095.7079296,50.56,23.47,0.56
1732028095.7573268,50.62,23.5,0.56
1732028095.8119564,50.68,23.53,0.56
1732028095.858603,50.74,23.56,0.56
1732028095.9073536,50.79,23.58,0.56
1732028095.9584293,50.85,23.61,0.56
1732028096.0082643,50.91,23.64,0.56
1732028096.0584235,50.97,23.67,0.56
1732028096.1092608,51.03,23.7,0.56
1732028096.1594117,51.09,23.72,0.56
1732028096.2081554,51.15,23.75,0.56
1732028096.2577264,51.21,23.78,0.56
1732028096.3105104,51.27,23.81,0.56
1732028096.358696,51.33,23.84,0.56
1732028096.407119,51.39,23.87,0.56
1732028096.4576259,51.45,23.89,0.56
1732028096.5145051,51.51,23.92,0.56
1732028096.5585473,51.57,23.95,0.56
1732028096.6089385,51.63,23.98,0.56
1732028096.6612356,51.69,24.01,0.56
1732028096.709961,51.74,24.04,0.56
1732028096.7595623,51.8,24.06,0.56
1732028096.8076901,51.86,24.09,0.56
1732028096.8594046,51.92,24.12,0.56
1732028096.908667,51.98,24.15,0.56
1732028096.958406,52.04,24.18,0.56
1732028097.009944,52.1,24.2,0.56
1732028097.0576537,52.16,24.23,0.56
1732028097.1106052,52.22,24.26,0.56
1732028097.1575775,52.28,24.29,0.56
1732028097.2078936,52.34,24.32,0.56
1732028097.259886,52.4,24.35,0.56
1732028097.3081865,52.46,24.37,0.56
1732028097.358413,52.52,24.4,0.56
1732028097.4107783,52.58,24.43,0.56
1732028097.4674978,52.64,24.46,0.56
1732028097.5093086,52.69,24.49,0.56
1732028097.557634,52.75,24.51,0.56
1732028097.6088517,52.81,24.54,0.56
1732028097.6579506,52.87,24.57,0.56
1732028097.7097516,52.93,24.6,0.56
1732028097.7592146,52.99,24.63,0.56
1732028097.808581,53.05,24.66,0.56
1732028097.8586378,53.11,24.68,0.56
1732028097.9095597,53.17,24.71,0.56
1732028097.9588168,53.23,24.74,0.56
1732028098.0074184,53.29,24.77,0.56
1732028098.0579815,53.35,24.8,0.56
1732028098.1077077,53.41,24.83,0.56
1732028098.1576848,53.47,24.85,0.56
1732028098.2079153,53.53,24.88,0.56
1732028098.257744,53.58,24.91,0.56
1732028098.3090224,53.64,24.94,0.56
1732028098.35836,53.7,24.97,0.56
1732028098.410592,53.76,24.99,0.56
1732028098.457335,53.82,25.02,0.56
1732028098.5073676,53.88,25.05,0.56
1732028098.5583448,53.94,25.08,0.56
1732028098.6081965,54.0,25.11,0.56
1732028098.66466,54.06,25.14,0.56
1732028098.7079296,54.12,25.16,0.56
1732028098.757242,54.18,25.19,0.56
1732028098.8080354,54.24,25.22,0.56
1732028098.8585756,54.3,25.25,0.56
1732028098.9179792,54.36,25.28,0.56
1732028098.9590673,54.42,25.3,0.56
1732028099.0102952,54.48,25.33,0.56
1732028099.0704699,54.53,25.36,0.56
1732028099.1079798,54.59,25.39,0.56
1732028099.1574078,54.65,25.42,0.56
1732028099.2072945,54.71,25.45,0.56
1732028099.2599077,54.77,25.47,0.56
1732028099.308288,54.83,25.5,0.56
1732028099.359055,54.89,25.53,0.56
1732028099.4071848,54.95,25.56,0.56
1732028099.4598172,55.01,25.59,0.56
1732028099.5114808,55.07,25.62,0.56
1732028099.5590124,55.13,25.64,0.56
1732028099.6083207,55.19,25.67,0.56
1732028099.6579864,55.25,25.7,0.56
1732028099.7077322,55.31,25.73,0.56
1732028099.757589,55.37,25.76,0.56
1732028099.8074906,55.42,25.78,0.56
1732028099.857366,55.48,25.81,0.56
1732028099.907965,55.54,25.84,0.56
1732028099.9582574,55.6,25.87,0.56
1732028100.0078692,55.66,25.9,0.56
1732028100.05749,55.72,25.93,0.56
1732028100.1093535,55.78,25.95,0.56
1732028100.157695,55.84,25.98,0.56
1732028100.2073784,55.9,26.01,0.56
1732028100.258461,55.96,26.04,0.56
1732028100.311542,56.02,26.07,0.56
1732028100.3574338,56.08,26.09,0.56
1732028100.4077775,56.14,26.12,0.56
1732028100.458866,56.2,26.15,0.56
1732028100.5077796,56.26,26.18,0.56
1732028100.5584545,56.32,26.21,0.56
1732028100.6075745,56.37,26.24,0.56
1732028100.6588979,56.43,26.26,0.56
1732028100.7104824,56.49,26.29,0.56
1732028100.758685,56.55,26.32,0.56
1732028100.819806,56.61,26.35,0.56
1732028100.8587494,56.67,26.38,0.56
1732028100.9087749,56.73,26.41,0.56
1732028100.958509,56.79,26.43,0.56
1732028101.008565,56.85,26.46,0.56
1732028101.057208,56.91,26.49,0.56
1732028101.1112397,56.97,26.52,0.56
1732028101.1576443,57.03,26.55,0.56
1732028101.2081072,57.09,26.57,0.56
1732028101.2593865,57.15,26.6,0.56
1732028101.314544,57.21,26.63,0.56
1732028101.3640683,57.27,26.66,0.56
1732028101.409208,57.32,26.69,0.56
1732028101.4583073,57.38,26.72,0.56
1732028101.5085075,57.44,26.74,0.56
1732028101.5582952,57.5,26.77,0.56
1732028101.607798,57.56,26.8,0.56
1732028101.6576495,57.62,26.83,0.56
1732028101.707337,57.68,26.86,0.56
1732028101.7583752,57.74,26.88,0.56
1732028101.8078284,57.8,26.91,0.56
1732028101.860613,57.86,26.94,0.56
1732028101.9079783,57.92,26.97,0.56
1732028101.9592743,57.98,27.0,0.56
1732028102.0107715,58.04,27.03,0.56
1732028102.060299,58.1,27.05,0.56
1732028102.1076508,58.16,27.08,0.56
1732028102.1574714,58.21,27.11,0.56
1732028102.2101653,58.27,27.14,0.56
1732028102.2586007,58.33,27.17,0.56
1732028102.308274,58.39,27.2,0.56
1732028102.3601556,58.45,27.22,0.56
1732028102.4075184,58.51,27.25,0.56
1732028102.458361,58.57,27.28,0.56
1732028102.507287,58.63,27.31,0.56
1732028102.5578165,58.69,27.34,0.56
1732028102.6092134,58.75,27.36,0.56
1732028102.6585283,58.81,27.39,0.56
1732028102.7128117,58.87,27.42,0.56
1732028102.7580218,58.93,27.45,0.56
1732028102.8075182,58.99,27.48,0.56
1732028102.858325,59.05,27.51,0.56
1732028102.911338,59.11,27.53,0.56
1732028102.9575734,59.16,27.56,0.56
1732028103.007699,59.22,27.59,0.56
1732028103.058037,59.28,27.62,0.56
1732028103.107452,59.34,27.65,0.56
1732028103.157283,59.4,27.67,0.56
1732028103.2074578,59.46,27.7,0.56
1732028103.2573957,59.52,27.73,0.56
1732028103.3073125,59.58,27.76,0.56
1732028103.357362,59.64,27.79,0.56
1732028103.409443,59.7,27.82,0.56
1732028103.459782,59.76,27.84,0.56
1732028103.5133944,59.82,27.87,0.56
1732028103.5578182,59.88,27.9,0.56
1732028103.613191,59.94,27.93,0.56
1732028103.6573105,60.0,27.96,0.56
1732028103.7072544,60.05,27.99,0.56
1732028103.7591138,60.11,28.01,0.56
1732028103.8085864,60.17,28.04,0.56
1732028103.8576443,60.23,28.07,0.56
1732028103.9075992,60.29,28.1,0.56
1732028103.962913,60.35,28.13,0.56
1732028104.010378,60.41,28.15,0.56
1732028104.0579345,60.47,28.18,0.56
1732028104.1093462,60.53,28.21,0.56
1732028104.1578553,60.59,28.24,0.56
1732028104.2106252,60.65,28.27,0.56
1732028104.258147,60.71,28.3,0.56
1732028104.3081892,60.77,28.32,0.56
1732028104.3576329,60.83,28.35,0.56
1732028104.4091952,60.89,28.38,0.56
1732028104.4589872,60.95,28.41,0.56
1732028104.5094044,61.0,28.44,0.56
1732028104.5579758,61.06,28.47,0.56
1732028104.6076503,61.12,28.49,0.56
1732028104.6585958,61.18,28.52,0.56
1732028104.70759,61.24,28.55,0.56
1732028104.7584972,61.3,28.58,0.56
1732028104.8116345,61.36,28.61,0.56
1732028104.8584316,61.42,28.63,0.56
1732028104.9084456,61.48,28.66,0.56
1732028104.961085,61.54,28.69,0.56
1732028105.0093446,61.6,28.72,0.56
1732028105.0586884,61.66,28.75,0.56
1732028105.1076016,61.72,28.78,0.56
1732028105.1573381,61.78,28.8,0.56
1732028105.2072701,61.84,28.83,0.56
1732028105.2574482,61.9,28.86,0.56
1732028105.3073244,61.95,28.89,0.56
1732028105.361651,62.01,28.92,0.56
1732028105.41051,62.07,28.94,0.56
1732028105.4577224,62.13,28.97,0.56
1732028105.5108125,62.19,29.0,0.56
1732028105.5601559,62.25,29.03,0.56
1732028105.6072254,62.31,29.06,0.56
1732028105.6601512,62.37,29.09,0.56
1732028105.707632,62.43,29.11,0.56
1732028105.7575388,62.49,29.14,0.56
1732028105.8127415,62.55,29.17,0.56
1732028105.8588395,62.61,29.2,0.56
1732028105.9073305,62.67,29.23,0.56
1732028105.957558,62.73,29.26,0.56
1732028106.0130386,62.79,29.28,0.56
1732028106.0586092,62.84,29.31,0.56
1732028106.1086352,62.9,29.34,0.56
1732028106.15968,62.96,29.37,0.56
1732028106.2099109,63.02,29.4,0.56
1732028106.259847,63.08,29.42,0.56
1732028106.307093,63.14,29.45,0.56
1732028106.3580809,63.2,29.48,0.56
1732028106.4088333,63.26,29.51,0.56
1732028106.459051,63.32,29.54,0.56
1732028106.5118074,63.38,29.57,0.56
1732028106.5589118,63.44,29.59,0.56
1732028106.6086035,63.5,29.62,0.56
1732028106.657623,63.56,29.65,0.56
1732028106.7120745,63.62,29.68,0.56
1732028106.7581177,63.68,29.71,0.56
1732028106.807953,63.74,29.73,0.56
1732028106.857325,63.79,29.76,0.56
1732028106.9085786,63.85,29.79,0.56
1732028106.9573123,63.91,29.82,0.56
1732028107.0082083,63.97,29.85,0.56
1732028107.0573547,64.03,29.88,0.56
1732028107.1078455,64.09,29.9,0.56
1732028107.158115,64.15,29.93,0.56
1732028107.2083025,64.21,29.96,0.56
1732028107.2584035,64.27,29.99,0.56
1732028107.3073876,64.33,30.02,0.56
1732028107.3574922,64.39,30.05,0.56
1732028107.409086,64.45,30.07,0.56
1732028107.457518,64.51,30.1,0.56
1732028107.5075488,64.57,30.13,0.56
1732028107.55775,64.63,30.16,0.56
1732028107.6074572,64.69,30.19,0.56
1732028107.6607463,64.74,30.21,0.56
1732028107.7087686,64.8,30.24,0.56
1732028107.7573326,64.86,30.27,0.56
1732028107.808795,64.92,30.3,0.56
1732028107.8579772,64.98,30.33,0.56
1732028107.90835,65.04,30.36,0.56
1732028107.957986,65.1,30.38,0.56
1732028108.007671,65.16,30.41,0.56
1732028108.0585716,65.22,30.44,0.56
1732028108.1087394,65.28,30.47,0.56
1732028108.1590145,65.34,30.5,0.56
1732028108.2088537,65.4,30.52,0.56
1732028108.2582965,65.46,30.55,0.56
1732028108.3088782,65.52,30.58,0.56
1732028108.3580718,65.58,30.61,0.56
1732028108.4086952,65.63,30.64,0.56
1732028108.457805,65.69,30.67,0.56
1732028108.5101507,65.75,30.69,0.56
1732028108.5575197,65.81,30.72,0.56
1732028108.609689,65.87,30.75,0.56
1732028108.6597884,65.93,30.78,0.56
1732028108.7083423,65.99,30.81,0.56
1732028108.7575574,66.05,30.84,0.56
1732028108.8076506,66.11,30.86,0.56
1732028108.857917,66.17,30.89,0.56
1732028108.9073095,66.23,30.92,0.56
1732028108.957425,66.29,30.95,0.56
1732028109.0075297,66.35,30.98,0.56
1732028109.0581656,66.41,31.0,0.56
1732028109.1083477,66.47,31.03,0.56
1732028109.1598735,66.53,31.06,0.56
1732028109.207908,66.58,31.09,0.56
1732028109.25728,66.64,31.12,0.56
1732028109.3099067,66.7,31.15,0.56
1732028109.3574708,66.76,31.17,0.56
1732028109.408257,66.82,31.2,0.56
1732028109.4584358,66.88,31.23,0.56
1732028109.5102346,66.94,31.26,0.56
1732028109.5591266,67.0,31.29,0.56
1732028109.6087167,67.06,31.31,0.56
1732028109.6575718,67.12,31.34,0.56
1732028109.7085161,67.18,31.37,0.56
1732028109.7598839,67.24,31.4,0.56
1732028109.8086936,67.3,31.43,0.56
1732028109.8577862,67.36,31.46,0.56
1732028109.9089236,67.42,31.48,0.56
1732028109.9571743,67.47,31.51,0.56
1732028110.0106854,67.53,31.54,0.56
1732028110.0577884,67.59,31.57,0.56
1732028110.107295,67.65,31.6,0.56
1732028110.1581643,67.71,31.63,0.56
1732028110.2079413,67.77,31.65,0.56
1732028110.258207,67.83,31.68,0.56
1732028110.310394,67.89,31.71,0.56
1732028110.357783,67.95,31.74,0.56
1732028110.40823,68.01,31.77,0.56
1732028110.459323,68.07,31.79,0.56
1732028110.51132,68.13,31.82,0.56
1732028110.5584807,68.19,31.85,0.56
1732028110.6072092,68.25,31.88,0.56
1732028110.6575513,68.31,31.91,0.56
1732028110.708044,68.37,31.94,0.56
1732028110.7581697,68.42,31.96,0.56
1732028110.8101418,68.48,31.99,0.56
1732028110.857721,68.54,32.02,0.56
1732028110.9071486,68.6,32.05,0.56
1732028110.9576912,68.66,32.08,0.56
1732028111.0078409,68.72,32.1,0.56
1732028111.0576656,68.78,32.13,0.56
1732028111.1098485,68.84,32.16,0.56
1732028111.1580338,68.9,32.19,0.56
1732028111.209205,68.96,32.22,0.56
1732028111.2573583,69.02,32.25,0.56
1732028111.307737,69.08,32.27,0.56
1732028111.3590403,69.14,32.3,0.56
1732028111.4071956,69.2,32.33,0.56
1732028111.4575462,69.26,32.36,0.56
1732028111.5093908,69.32,32.39,0.56
1732028111.5578425,69.37,32.42,0.56
1732028111.6073396,69.43,32.44,0.56
1732028111.6572943,69.49,32.47,0.56
1732028111.7082784,69.55,32.5,0.56
1732028111.7579124,69.61,32.53,0.56
1732028111.8072371,69.67,32.56,0.56
1732028111.8579113,69.73,32.58,0.56
1732028111.917508,69.79,32.61,0.56
1732028111.9575834,69.85,32.64,0.56
1732028112.012934,69.91,32.67,0.56
1732028112.0573955,69.97,32.7,0.56
1732028112.1113777,70.03,32.73,0.56
1732028112.1581156,70.09,32.75,0.56
1732028112.2112303,70.15,32.78,0.56
1732028112.2596943,70.21,32.81,0.56
1732028112.309392,70.26,32.84,0.56
1732028112.3572798,70.32,32.87,0.56
1732028112.4073367,70.38,32.89,0.56
1732028112.4575558,70.44,32.92,0.56
1732028112.5082734,70.5,32.95,0.56
1732028112.5585415,70.56,32.98,0.56
1732028112.6097977,70.62,33.01,0.56
1732028112.659353,70.68,33.04,0.56
1732028112.7090476,70.74,33.06,0.56
1732028112.7589967,70.8,33.09,0.56
1732028112.808591,70.86,33.12,0.56
1732028112.8611531,70.92,33.15,0.56
1732028112.908943,70.98,33.18,0.56
1732028112.9597168,71.04,33.21,0.56
1732028113.0093732,71.1,33.23,0.56
1732028113.0588725,71.16,33.26,0.56
1732028113.1106865,71.21,33.29,0.56
1732028113.1585824,71.27,33.32,0.56
1732028113.2074416,71.33,33.35,0.56
1732028113.2572908,71.39,33.37,0.56
1732028113.308794,71.45,33.4,0.56
1732028113.3602598,71.51,33.43,0.56
1732028113.4075131,71.57,33.46,0.56
1732028113.4575648,71.63,33.49,0.56
1732028113.5085287,71.69,33.52,0.56
1732028113.5574017,71.75,33.54,0.56
1732028113.607435,71.81,33.57,0.56
1732028113.6575356,71.87,33.6,0.56
1732028113.7075055,71.93,33.63,0.56
1732028113.7582839,71.99,33.66,0.56
1732028113.8071232,72.05,33.68,0.56
1732028113.8574567,72.1,33.71,0.56
1732028113.9126742,72.16,33.74,0.56
1732028113.9573514,72.22,33.77,0.56
1732028114.008527,72.28,33.8,0.56
1732028114.057721,72.34,33.83,0.56
1732028114.1087294,72.4,33.85,0.56
1732028114.1575267,72.46,33.88,0.56
1732028114.2078085,72.52,33.91,0.56
1732028114.25718,72.58,33.94,0.56
1732028114.3093073,72.64,33.97,0.56
1732028114.3575191,72.7,34.0,0.56
1732028114.4081576,72.76,34.02,0.56
1732028114.457646,72.82,34.05,0.56
1732028114.507945,72.88,34.08,0.56
1732028114.5617173,72.94,34.11,0.56
1732028114.6087654,73.0,34.14,0.56
1732028114.6607714,73.05,34.16,0.56
1732028114.707998,73.11,34.19,0.56
1732028114.7612216,73.17,34.22,0.56
1732028114.8126528,73.23,34.25,0.56
1732028114.8611217,73.29,34.28,0.56
1732028114.9120402,73.35,34.31,0.56
1732028114.959408,73.41,34.33,0.56
1732028115.0128195,73.47,34.36,0.56
1732028115.0573843,73.53,34.39,0.56
1732028115.1071982,73.59,34.42,0.56
1732028115.157968,73.65,34.45,0.56
1732028115.2073417,73.71,34.47,0.56
1732028115.2579842,73.77,34.5,0.56
1732028115.3085246,73.83,34.53,0.56
1732028115.3572931,73.89,34.56,0.56
1732028115.4113045,73.95,34.59,0.56
