1732027965.7277422,0.0,0.0,0.0
1732027965.7280688,0.0,0.0,0.0
1732027965.7491555,0.0,0.0,0.0
1732027965.7684944,0.0,0.0,0.0
1732027965.787931,0.0,0.0,0.0
1732027965.8079166,0.0,0.0,0.0
1732027965.827392,0.0,0.0,0.0
1732027965.8474925,0.0,0.0,0.0
1732027965.870773,0.0,0.0,0.0
1732027965.8883321,0.0,0.0,0.0
1732027965.9102464,0.0,0.0,0.0
1732027965.927301,0.0,0.0,0.0
1732027965.9474928,0.0,0.0,0.0
1732027965.9685812,0.0,0.0,0.0
1732027965.9878147,0.0,0.0,0.0
1732027966.0085723,0.0,0.0,0.0
1732027966.027769,0.0,0.0,0.0
1732027966.0475087,0.0,0.0,0.0
1732027966.0693402,0.0,0.0,0.0
1732027966.089705,0.0,0.0,0.0
1732027966.1076632,0.0,0.0,0.0
1732027966.1276212,0.0,0.0,0.0
1732027966.147903,0.0,0.0,0.0
1732027966.167595,0.0,0.0,0.0
1732027966.1888542,0.0,0.0,0.0
1732027966.2090874,0.0,0.0,0.0
1732027966.2277794,0.0,0.0,0.0
1732027966.248182,0.0,0.0,0.0
1732027966.2692316,0.0,0.0,0.0
1732027966.2965198,0.0,0.0,0.0
1732027966.3075573,0.0,0.0,0.0
1732027966.3280215,0.0,0.0,0.0
1732027966.3478234,0.0,0.0,0.0
1732027966.3680162,0.0,0.0,0.0
1732027966.387854,0.0,0.0,0.0
1732027966.4087362,0.0,0.0,0.0
1732027966.4286308,0.0,0.0,0.0
1732027966.4489608,0.0,0.0,0.0
1732027966.4675894,0.0,0.0,0.0
1732027966.4873772,0.0,0.0,0.0
1732027966.5073586,0.0,0.0,0.0
1732027966.5276384,0.0,0.0,0.0
1732027966.5491345,0.0,0.0,0.0
1732027966.5675795,0.0,0.0,0.0
1732027966.5900986,0.0,0.0,0.0
1732027966.6096935,0.0,0.0,0.0
1732027966.6277266,0.0,0.0,0.0
1732027966.652211,0.0,0.0,0.0
1732027966.6705182,0.0,0.0,0.0
1732027966.687835,0.0,0.0,0.0
1732027966.7078989,0.0,0.0,0.0
1732027966.7284777,0.0,0.0,0.0
1732027966.748039,0.0,0.0,0.0
1732027966.7676501,0.0,0.0,0.0
1732027966.7879584,0.0,0.0,0.0
1732027966.8074508,0.0,0.0,0.0
1732027966.828921,0.0,0.0,0.0
1732027966.84752,0.0,0.0,0.0
1732027966.867466,0.0,0.0,0.0
1732027966.8876872,0.0,0.0,0.0
1732027966.9081838,0.0,0.0,0.0
1732027966.9287379,0.0,0.0,0.0
1732027966.9476137,0.0,0.0,0.0
1732027966.968239,0.0,0.0,0.0
1732027966.9875243,0.0,0.0,0.0
1732027967.0073915,0.0,0.0,0.0
1732027967.0276732,0.0,0.0,0.0
1732027967.0481026,0.0,0.0,0.0
1732027967.0677133,0.0,0.0,0.0
1732027967.0882711,0.0,0.0,0.0
1732027967.1077359,0.0,0.0,0.0
1732027967.1280167,0.0,0.0,0.0
1732027967.1476216,0.0,0.0,0.0
1732027967.1674247,0.0,0.0,0.0
1732027967.1879148,0.0,0.0,0.0
1732027967.2079985,0.0,0.0,0.0
1732027967.2273886,0.0,0.0,0.0
1732027967.247649,0.0,0.0,0.0
1732027967.2691636,0.0,0.0,0.0
1732027967.2892764,0.0,0.0,0.0
1732027967.307703,0.0,0.0,0.0
1732027967.3276525,0.0,0.0,0.0
1732027967.3478165,0.0,0.0,0.0
1732027967.3684578,0.0,0.0,0.0
1732027967.3888621,0.0,0.0,0.0
1732027967.4078112,0.0,0.0,0.0
1732027967.4276726,0.0,0.0,0.0
1732027967.448109,0.0,0.0,0.0
1732027967.4686036,0.0,0.0,0.0
1732027967.488959,0.0,0.0,0.0
1732027967.5075207,0.0,0.0,0.0
1732027967.5278823,0.0,0.0,0.0
1732027967.547776,0.0,0.0,0.0
1732027967.5675762,0.0,0.0,0.0
1732027967.5924535,0.0,0.0,0.0
1732027967.6084018,0.0,0.0,0.0
1732027967.6280756,0.0,0.0,0.0
1732027967.6511168,0.0,0.0,0.0
1732027967.6679597,0.0,0.0,0.0
1732027967.6892903,0.0,0.0,0.0
1732027967.7077734,0.0,0.0,0.0
1732027967.728532,0.0,0.0,0.0
1732027967.7486706,0.0,0.0,0.0
1732027967.7695382,0.0,0.0,0.0
1732027967.7918715,0.0,0.0,0.0
1732027967.8078256,0.0,0.0,0.0
1732027967.8277907,0.0,0.0,0.0
1732027967.8479407,0.0,0.0,0.0
1732027967.8733058,0.0,0.0,0.0
1732027967.8881018,0.0,0.0,0.0
1732027967.9106762,0.0,0.0,0.0
1732027967.927538,0.0,0.0,0.0
1732027967.9493418,0.0,0.0,0.0
1732027967.9679558,0.0,0.0,0.0
1732027967.9884014,0.0,0.0,0.0
1732027968.0093474,0.0,0.0,0.0
1732027968.029588,0.0,0.0,0.0
1732027968.048896,0.0,0.0,0.0
1732027968.0703132,0.0,0.0,0.0
1732027968.088337,0.0,0.0,0.0
1732027968.1085775,0.0,0.0,0.0
1732027968.1277044,0.0,0.0,0.0
1732027968.1478848,0.0,0.0,0.0
1732027968.1682582,0.0,0.0,0.0
1732027968.1876318,0.0,0.0,0.0
1732027968.207771,0.0,0.0,0.0
1732027968.2275386,0.0,0.0,0.0
1732027968.247746,0.0,0.0,0.0
1732027968.267847,0.0,0.0,0.0
1732027968.2887092,0.0,0.0,0.0
1732027968.30783,0.0,0.0,0.0
1732027968.3287687,0.0,0.0,0.0
1732027968.3481872,0.0,0.0,0.0
1732027968.3677537,0.0,0.0,0.0
1732027968.3888469,0.0,0.0,0.0
1732027968.4079583,0.0,0.0,0.0
1732027968.4278326,0.0,0.0,0.0
1732027968.4477549,0.0,0.0,0.0
1732027968.4679408,0.0,0.0,0.0
1732027968.4877787,0.0,0.0,0.0
1732027968.5081184,0.0,0.0,0.0
1732027968.5280585,0.0,0.0,0.0
1732027968.5481045,0.0,0.0,0.0
1732027968.5680344,0.0,0.0,0.0
1732027968.5878553,0.0,0.0,0.0
1732027968.607804,0.0,0.0,0.0
1732027968.6285777,0.0,0.0,0.0
1732027968.6485927,0.0,0.0,0.0
1732027968.6700096,0.0,0.0,0.0
1732027968.6912973,0.0,0.0,0.0
1732027968.7084982,0.0,0.0,0.0
1732027968.7279007,0.0,0.0,0.0
1732027968.7515829,0.0,0.0,0.0
1732027968.7682753,0.0,0.0,0.0
1732027968.7877371,0.0,0.0,0.0
1732027968.8079636,0.0,0.0,0.0
1732027968.8275661,0.0,0.0,0.0
1732027968.8480227,0.0,0.0,0.0
1732027968.8691642,0.0,0.0,0.0
1732027968.892599,0.0,0.0,0.0
1732027968.909177,0.0,0.0,0.0
1732027968.927851,0.0,0.0,0.0
1732027968.9482617,0.0,0.0,0.0
1732027968.9684489,0.0,0.0,0.0
1732027968.9892476,0.0,0.0,0.0
1732027969.0083833,0.0,0.0,0.0
1732027969.0307167,0.0,0.0,0.0
1732027969.0480688,0.0,0.0,0.0
1732027969.06791,0.0,0.0,0.0
1732027969.0905545,0.0,0.0,0.0
1732027969.107572,0.0,0.0,0.0
1732027969.127756,0.0,0.0,0.0
1732027969.1499403,0.0,0.0,0.0
1732027969.1677663,0.0,0.0,0.0
1732027969.1908891,0.0,0.0,0.0
1732027969.2078695,0.0,0.0,0.0
1732027969.227809,0.0,0.0,0.0
1732027969.247842,0.0,0.0,0.0
1732027969.2678902,0.0,0.0,0.0
1732027969.2952106,0.0,0.0,0.0
1732027969.3091862,0.0,0.0,0.0
1732027969.3281107,0.0,0.0,0.0
1732027969.3476903,0.0,0.0,0.0
1732027969.367885,0.0,0.0,0.0
1732027969.3875878,0.0,0.0,0.0
1732027969.4078426,0.0,0.0,0.0
1732027969.4313347,0.0,0.0,0.0
1732027969.4480736,0.0,0.0,0.0
1732027969.4675775,0.0,0.0,0.0
1732027969.4876652,0.0,0.0,0.0
1732027969.509636,0.0,0.0,0.0
1732027969.5280187,0.0,0.0,0.0
1732027969.5484402,0.0,0.0,0.0
1732027969.568536,0.0,0.0,0.0
1732027969.5879622,0.0,0.0,0.0
1732027969.6082094,0.0,0.0,0.0
1732027969.628152,0.0,0.0,0.0
1732027969.648065,0.0,0.0,0.0
1732027969.6681788,0.0,0.0,0.0
1732027969.6875086,0.0,0.0,0.0
1732027969.7078822,0.0,0.0,0.0
1732027969.7290173,0.0,0.0,0.0
1732027969.748168,0.0,0.0,0.0
1732027969.767675,0.0,0.0,0.0
1732027969.7878897,0.0,0.0,0.0
1732027969.8092692,0.0,0.0,0.0
1732027969.8284676,0.0,0.0,0.0
1732027969.8482184,0.0,0.0,0.0
1732027969.8680987,0.0,0.0,0.0
1732027969.8876514,0.0,0.0,0.0
1732027969.9079003,0.0,0.0,0.0
1732027969.9276023,0.0,0.0,0.0
1732027969.9496858,0.0,0.0,0.0
1732027969.9737113,0.0,0.0,0.0
1732027969.9881592,0.0,0.0,0.0
1732027970.0086741,0.0,0.0,0.0
1732027970.0280783,0.0,0.0,0.0
1732027970.0480428,0.0,0.0,0.0
1732027970.0679953,0.0,0.0,0.0
1732027970.088185,0.0,0.0,0.0
1732027970.107699,0.0,0.0,0.0
1732027970.128691,0.0,0.0,0.0
1732027970.1478934,0.0,0.0,0.0
1732027970.1692555,0.0,0.0,0.0
1732027970.1876996,0.0,0.0,0.0
1732027970.2094824,0.0,0.0,0.0
1732027970.227812,0.0,0.0,0.0
1732027970.2485366,0.0,0.0,0.0
1732027970.2685785,0.0,0.0,0.0
1732027970.2882483,0.0,0.0,0.0
1732027970.30811,0.0,0.0,0.0
1732027970.3319886,0.0,0.0,0.0
1732027970.3482382,0.0,0.0,0.0
1732027970.3682535,0.0,0.0,0.0
1732027970.3878517,0.0,0.0,0.0
1732027970.4081352,0.0,0.0,0.0
1732027970.4284084,0.0,0.0,0.0
1732027970.447724,0.0,0.0,0.0
1732027970.47344,0.0,0.0,0.0
1732027970.4877028,0.0,0.0,0.0
1732027970.5076942,0.0,0.0,0.0
1732027970.5307875,0.0,0.0,0.0
1732027970.5477695,0.0,0.0,0.0
1732027970.5679882,0.0,0.0,0.0
1732027970.587766,0.0,0.0,0.0
1732027970.6080303,0.0,0.0,0.0
1732027970.628478,0.0,0.0,0.0
1732027970.6475291,0.0,0.0,0.0
1732027970.6702826,0.0,0.0,0.0
1732027970.6954138,0.0,0.0,0.0
1732027970.7081566,0.0,0.0,0.0
1732027970.729624,0.0,0.0,0.0
1732027970.7477632,0.0,0.0,0.0
1732027970.7678351,0.0,0.0,0.0
1732027970.7873428,0.0,0.0,0.0
1732027970.810675,0.0,0.0,0.0
1732027970.8278348,0.0,0.0,0.0
1732027970.8497293,0.0,0.0,0.0
1732027970.8705873,0.0,0.0,0.0
1732027970.8902173,0.0,0.0,0.0
1732027970.9090316,0.0,0.0,0.0
1732027970.9304476,0.0,0.0,0.0
1732027970.9488459,0.0,0.0,0.0
1732027970.968101,0.0,0.0,0.0
1732027970.9893472,0.0,0.0,0.0
1732027971.0076737,0.0,0.0,0.0
1732027971.02758,0.0,0.0,0.0
1732027971.0477333,0.0,0.0,0.0
1732027971.0699086,0.0,0.0,0.0
1732027971.0891793,0.0,0.0,0.0
1732027971.1086974,0.0,0.0,0.0
1732027971.1302333,0.0,0.0,0.0
1732027971.1485403,0.0,0.0,0.0
1732027971.1709552,0.0,0.0,0.0
1732027971.191138,0.0,0.0,0.0
1732027971.209638,0.0,0.0,0.0
1732027971.2281232,0.0,0.0,0.0
1732027971.2479975,0.0,0.0,0.0
1732027971.2681317,0.0,0.0,0.0
1732027971.2911196,0.0,0.0,0.0
1732027971.3093746,0.0,0.0,0.0
1732027971.3295093,0.0,0.0,0.0
1732027971.3480234,0.0,0.0,0.0
1732027971.3730426,0.0,0.0,0.0
1732027971.3900323,0.0,0.0,0.0
1732027971.4077418,0.0,0.0,0.0
1732027971.427632,0.0,0.0,0.0
1732027971.44962,0.0,0.0,0.0
1732027971.4675875,0.0,0.0,0.0
1732027971.490161,0.0,0.0,0.0
1732027971.5083423,0.0,0.0,0.0
1732027971.5277736,0.0,0.0,0.0
1732027971.5478952,0.0,0.0,0.0
1732027971.5676458,0.0,0.0,0.0
1732027971.587914,0.0,0.0,0.0
1732027971.6079068,0.0,0.0,0.0
1732027971.6283648,0.0,0.0,0.0
1732027971.6478496,0.0,0.0,0.0
1732027971.6678739,0.0,0.0,0.0
1732027971.6876879,0.0,0.0,0.0
1732027971.7074516,0.0,0.0,0.0
1732027971.7286952,0.0,0.0,0.0
1732027971.749117,0.0,0.0,0.0
1732027971.7675242,0.0,0.0,0.0
1732027971.7890153,0.0,0.0,0.0
1732027971.8101997,0.0,0.0,0.0
1732027971.8285482,0.0,0.0,0.0
1732027971.847635,0.0,0.0,0.0
1732027971.8688157,0.0,0.0,0.0
1732027971.8898706,0.0,0.0,0.0
1732027971.9102178,0.0,0.0,0.0
1732027971.9293087,0.0,0.0,0.0
1732027971.9477663,0.0,0.0,0.0
1732027971.9675145,0.0,0.0,0.0
1732027971.9878318,0.0,0.0,0.0
1732027972.0079236,0.0,0.0,0.0
1732027972.027746,0.0,0.0,0.0
1732027972.0476046,0.0,0.0,0.0
1732027972.068452,0.0,0.0,0.0
1732027972.089685,0.0,0.0,0.0
1732027972.1096256,0.0,0.0,0.0
1732027972.1276088,0.0,0.0,0.0
1732027972.1477005,0.0,0.0,0.0
1732027972.1677995,0.0,0.0,0.0
1732027972.1894298,0.0,0.0,0.0
1732027972.2091482,0.0,0.0,0.0
1732027972.227534,0.0,0.0,0.0
1732027972.2482247,0.0,0.0,0.0
1732027972.2677755,0.0,0.0,0.0
1732027972.291428,0.0,0.0,0.0
1732027972.307717,0.0,0.0,0.0
1732027972.3279152,0.0,0.0,0.0
1732027972.347766,0.0,0.0,0.0
1732027972.3676329,0.0,0.0,0.0
1732027972.388603,0.0,0.0,0.0
1732027972.4086354,0.0,0.0,0.0
1732027972.4279814,0.0,0.0,0.0
1732027972.4478173,0.0,0.0,0.0
1732027972.4692953,0.0,0.0,0.0
1732027972.4879434,0.0,0.0,0.0
1732027972.5105407,0.0,0.0,0.0
1732027972.5276575,0.0,0.0,0.0
1732027972.547675,0.0,0.0,0.0
1732027972.5677767,0.0,0.0,0.0
1732027972.5882332,0.0,0.0,0.0
1732027972.6115277,0.0,0.0,0.0
1732027972.627937,0.0,0.0,0.0
1732027972.6487103,0.0,0.0,0.0
1732027972.6680253,0.0,0.0,0.0
1732027972.6885507,0.0,0.0,0.0
1732027972.7077332,0.0,0.0,0.0
1732027972.7278595,0.0,0.0,0.0
1732027972.7478452,0.0,0.0,0.0
1732027972.767797,0.0,0.0,0.0
1732027972.7906804,0.0,0.0,0.0
1732027972.8094444,0.0,0.0,0.0
1732027972.8276691,0.0,0.0,0.0
1732027972.8477721,0.0,0.0,0.0
1732027972.8687649,0.0,0.0,0.0
1732027972.8888988,0.0,0.0,0.0
1732027972.9082355,0.0,0.0,0.0
1732027972.9278824,0.0,0.0,0.0
1732027972.9485323,0.0,0.0,0.0
1732027972.9684606,0.0,0.0,0.0
1732027972.989503,0.0,0.0,0.0
1732027973.009291,0.0,0.0,0.0
1732027973.0281003,0.0,0.0,0.0
1732027973.0502074,0.0,0.0,0.0
1732027973.0683382,0.0,0.0,0.0
1732027973.0882897,0.0,0.0,0.0
1732027973.1080222,0.0,0.0,0.0
1732027973.127918,0.0,0.0,0.0
1732027973.147726,0.0,0.0,0.0
1732027973.176157,0.0,0.0,0.0
1732027973.1885197,0.0,0.0,0.0
1732027973.2084656,0.0,0.0,0.0
1732027973.2279377,0.0,0.0,0.0
1732027973.2478487,0.0,0.0,0.0
1732027973.2684352,0.0,0.0,0.0
1732027973.2900424,0.0,0.0,0.0
1732027973.3090844,0.0,0.0,0.0
1732027973.328025,0.0,0.0,0.0
1732027973.3497953,0.0,0.0,0.0
1732027973.3682346,0.0,0.0,0.0
1732027973.38756,0.0,0.0,0.0
1732027973.4077265,0.0,0.0,0.0
1732027973.4277155,0.0,0.0,0.0
1732027973.4523513,0.0,0.0,0.0
1732027973.468744,0.0,0.0,0.0
1732027973.4879096,0.0,0.0,0.0
1732027973.5085242,0.0,0.0,0.0
1732027973.530529,0.0,0.0,0.0
1732027973.5481093,0.0,0.0,0.0
1732027973.5676787,0.0,0.0,0.0
1732027973.5879319,0.0,0.0,0.0
1732027973.6082044,0.0,0.0,0.0
1732027973.6287246,0.0,0.0,0.0
1732027973.6478202,0.0,0.0,0.0
1732027973.667581,0.0,0.0,0.0
1732027973.6880262,0.0,0.0,0.0
1732027973.7110333,0.0,0.0,0.0
1732027973.728389,0.0,0.0,0.0
1732027973.7480214,0.0,0.0,0.0
1732027973.7675538,0.0,0.0,0.0
1732027973.7887156,0.0,0.0,0.0
1732027973.8080413,0.0,0.0,0.0
1732027973.8291905,0.0,0.0,0.0
1732027973.8478298,0.0,0.0,0.0
1732027973.8678622,0.0,0.0,0.0
1732027973.891217,0.0,0.0,0.0
1732027973.9086425,0.0,0.0,0.0
1732027973.9283683,0.0,0.0,0.0
1732027973.9490914,0.0,0.0,0.0
1732027973.9676342,0.0,0.0,0.0
1732027973.9875803,0.0,0.0,0.0
1732027974.0085628,0.0,0.0,0.0
1732027974.029893,0.0,0.0,0.0
1732027974.0474403,0.0,0.0,0.0
1732027974.0676942,0.0,0.0,0.0
1732027974.0909956,0.0,0.0,0.0
1732027974.1079512,0.0,0.0,0.0
1732027974.1277082,0.0,0.0,0.0
1732027974.1501286,0.0,0.0,0.0
1732027974.1678357,0.0,0.0,0.0
1732027974.188018,0.0,0.0,0.0
1732027974.2075875,0.0,0.0,0.0
1732027974.2278953,0.0,0.0,0.0
1732027974.2500114,0.0,0.0,0.0
1732027974.2674317,0.0,0.0,0.0
1732027974.2880177,0.0,0.0,0.0
1732027974.308627,0.0,0.0,0.0
1732027974.3279552,0.0,0.0,0.0
1732027974.3479223,0.0,0.0,0.0
1732027974.3679178,0.0,0.0,0.0
1732027974.3881717,0.0,0.0,0.0
1732027974.407557,0.0,0.0,0.0
1732027974.4276876,0.0,0.0,0.0
1732027974.447695,0.0,0.0,0.0
1732027974.4717138,0.0,0.0,0.0
1732027974.4881265,0.0,0.0,0.0
1732027974.5075357,0.0,0.0,0.0
1732027974.5279834,0.0,0.0,0.0
1732027974.5511243,0.0,0.0,0.0
1732027974.5675473,0.0,0.0,0.0
1732027974.5879521,0.0,0.0,0.0
1732027974.607636,0.0,0.0,0.0
1732027974.6283078,0.0,0.0,0.0
1732027974.6497664,0.0,0.0,0.0
1732027974.6688805,0.0,0.0,0.0
1732027974.6885977,0.0,0.0,0.0
1732027974.7077851,0.0,0.0,0.0
1732027974.7277622,0.0,0.0,0.0
1732027974.7490225,0.0,0.0,0.0
1732027974.7681558,0.0,0.0,0.0
1732027974.7888598,0.0,0.0,0.0
1732027974.807667,0.0,0.0,0.0
1732027974.827758,0.0,0.0,0.0
1732027974.8477523,0.0,0.0,0.0
1732027974.868236,0.0,0.0,0.0
1732027974.8888323,0.0,0.0,0.0
1732027974.9081235,0.0,0.0,0.0
1732027974.9288986,0.0,0.0,0.0
1732027974.9477713,0.0,0.0,0.0
1732027974.9695997,0.0,0.0,0.0
1732027974.987739,0.0,0.0,0.0
1732027975.0078793,0.0,0.0,0.0
1732027975.0287564,0.0,0.0,0.0
1732027975.048156,0.0,0.0,0.0
1732027975.0744112,0.0,0.0,0.0
1732027975.0899017,0.0,0.0,0.0
1732027975.1090038,0.0,0.0,0.0
1732027975.1316216,0.0,0.0,0.0
1732027975.1490138,0.0,0.0,0.0
1732027975.1696727,0.0,0.0,0.0
1732027975.1877882,0.0,0.0,0.0
1732027975.2076995,0.0,0.0,0.0
1732027975.2282586,0.0,0.0,0.0
1732027975.2492704,0.0,0.0,0.0
1732027975.2673118,0.0,0.0,0.0
1732027975.2877595,0.0,0.0,0.0
1732027975.3108475,0.0,0.0,0.0
1732027975.3288105,0.0,0.0,0.0
1732027975.3489268,0.0,0.0,0.0
1732027975.3680696,0.0,0.0,0.0
1732027975.3880603,0.0,0.0,0.0
1732027975.4085002,0.0,0.0,0.0
1732027975.4293537,0.0,0.0,0.0
1732027975.4497557,0.0,0.0,0.0
1732027975.4682548,0.0,0.0,0.0
1732027975.4879663,0.0,0.0,0.0
1732027975.507545,0.0,0.0,0.0
1732027975.5278015,0.0,0.0,0.0
1732027975.5490723,0.0,0.0,0.0
1732027975.567566,0.0,0.0,0.0
1732027975.5881886,0.0,0.0,0.0
1732027975.6077874,0.0,0.0,0.0
1732027975.630054,0.0,0.0,0.0
1732027975.6486716,0.0,0.0,0.0
1732027975.6674895,0.0,0.0,0.0
1732027975.6901708,0.0,0.0,0.0
1732027975.70944,0.0,0.0,0.0
1732027975.7276607,0.0,0.0,0.0
1732027975.7477598,0.0,0.0,0.0
1732027975.7678444,0.0,0.0,0.0
1732027975.789624,0.0,0.0,0.0
1732027975.8079448,0.0,0.0,0.0
1732027975.8279448,0.0,0.0,0.0
1732027975.8478236,0.0,0.0,0.0
1732027975.8676434,0.0,0.0,0.0
1732027975.8876677,0.0,0.0,0.0
1732027975.910609,0.0,0.0,0.0
1732027975.9276285,0.0,0.0,0.0
1732027975.9481807,0.0,0.0,0.0
1732027975.9678135,0.0,0.0,0.0
1732027975.9880655,0.0,0.0,0.0
1732027976.0079017,0.0,0.0,0.0
1732027976.0290446,0.0,0.0,0.0
1732027976.0494566,0.0,0.0,0.0
1732027976.0679383,0.0,0.0,0.0
1732027976.0880203,0.0,0.0,0.0
1732027976.1095033,0.0,0.0,0.0
1732027976.1313558,0.0,0.0,0.0
1732027976.1486034,0.0,0.0,0.0
1732027976.1694636,0.0,0.0,0.0
1732027976.1877153,0.0,0.0,0.0
1732027976.2077482,0.0,0.0,0.0
1732027976.227558,0.0,0.0,0.0
1732027976.248553,0.0,0.0,0.0
1732027976.2682023,0.0,0.0,0.0
1732027976.289534,0.0,0.0,0.0
1732027976.3074307,0.0,0.0,0.0
1732027976.3275743,0.0,0.0,0.0
1732027976.3478742,0.0,0.0,0.0
1732027976.3682184,0.0,0.0,0.0
1732027976.3889945,0.0,0.0,0.0
1732027976.4078763,0.0,0.0,0.0
1732027976.429209,0.0,0.0,0.0
1732027976.4501643,0.0,0.0,0.0
1732027976.4701476,0.0,0.0,0.0
1732027976.4890063,0.0,0.0,0.0
1732027976.509471,0.0,0.0,0.0
1732027976.5295353,0.0,0.0,0.0
1732027976.5483801,0.0,0.0,0.0
1732027976.5743213,0.0,0.0,0.0
1732027976.5929258,0.0,0.0,0.0
1732027976.609645,0.0,0.0,0.0
1732027976.6332884,0.0,0.0,0.0
1732027976.6481912,0.0,0.0,0.0
1732027976.668028,0.0,0.0,0.0
1732027976.693589,0.0,0.0,0.0
1732027976.708879,0.0,0.0,0.0
1732027976.7278337,0.0,0.0,0.0
1732027976.7482114,0.0,0.0,0.0
1732027976.76784,0.0,0.0,0.0
1732027976.7950711,0.0,0.0,0.0
1732027976.8084917,0.0,0.0,0.0
1732027976.8283923,0.0,0.0,0.0
1732027976.8478527,0.0,0.0,0.0
1732027976.8682961,0.0,0.0,0.0
1732027976.8888164,0.0,0.0,0.0
1732027976.9112089,0.0,0.0,0.0
1732027976.9282885,0.0,0.0,0.0
1732027976.9476986,0.0,0.0,0.0
1732027976.9738271,0.0,0.0,0.0
1732027976.9900014,0.0,0.0,0.0
1732027977.0220282,0.0,0.0,0.0
1732027977.030846,0.0,0.0,0.0
1732027977.047896,0.0,0.0,0.0
1732027977.0682158,0.0,0.0,0.0
1732027977.0892944,0.0,0.0,0.0
1732027977.1085854,0.0,0.0,0.0
1732027977.1355002,0.0,0.0,0.0
1732027977.1571324,0.0,0.0,0.0
1732027977.1681814,0.0,0.0,0.0
1732027977.1881359,0.0,0.0,0.0
1732027977.2085843,0.0,0.0,0.0
1732027977.22839,0.0,0.0,0.0
1732027977.2556894,0.0,0.0,0.0
1732027977.2683353,0.0,0.0,0.0
1732027977.2905903,0.0,0.0,0.0
1732027977.314278,0.0,0.0,0.0
1732027977.3307977,0.0,0.0,0.0
1732027977.3480282,0.0,0.0,0.0
1732027977.3694813,0.0,0.0,0.0
1732027977.3894908,0.0,0.0,0.0
1732027977.4106638,0.0,0.0,0.0
1732027977.4289775,0.0,0.0,0.0
1732027977.451934,0.0,0.0,0.0
1732027977.4680095,0.0,0.0,0.0
1732027977.4879396,0.0,0.0,0.0
1732027977.5082152,0.0,0.0,0.0
1732027977.5289505,0.0,0.0,0.0
1732027977.5484385,0.0,0.0,0.0
1732027977.5680904,0.0,0.0,0.0
1732027977.5880396,0.0,0.0,0.0
1732027977.608213,0.0,0.0,0.0
1732027977.6285048,0.0,0.0,0.0
1732027977.6483934,0.0,0.0,0.0
1732027977.6679091,0.0,0.0,0.0
1732027977.6880016,0.0,0.0,0.0
1732027977.7078624,0.0,0.0,0.0
1732027977.728701,0.0,0.0,0.0
1732027977.7478006,0.0,0.0,0.0
1732027977.7678807,0.0,0.0,0.0
1732027977.7874231,0.0,0.0,0.0
1732027977.807983,0.0,0.0,0.0
1732027977.8277612,0.0,0.0,0.0
1732027977.8486502,0.0,0.0,0.0
1732027977.8682606,0.0,0.0,0.0
1732027977.888319,0.0,0.0,0.0
1732027977.9087355,0.0,0.0,0.0
1732027977.928449,0.0,0.0,0.0
1732027977.948704,0.0,0.0,0.0
1732027977.9686637,0.0,0.0,0.0
1732027977.9875195,0.0,0.0,0.0
1732027978.0076828,0.0,0.0,0.0
1732027978.0282896,0.0,0.0,0.0
1732027978.0488064,0.0,0.0,0.0
1732027978.0768406,0.0,0.0,0.0
1732027978.0909762,0.0,0.0,0.0
1732027978.1100688,0.0,0.0,0.0
1732027978.128655,0.0,0.0,0.0
1732027978.150451,0.0,0.0,0.0
1732027978.1680653,0.0,0.0,0.0
1732027978.1882577,0.0,0.0,0.0
1732027978.207413,0.0,0.0,0.0
1732027978.2287169,0.0,0.0,0.0
1732027978.2479033,0.0,0.0,0.0
1732027978.267776,0.0,0.0,0.0
1732027978.2896967,0.0,0.0,0.0
1732027978.3099012,0.0,0.0,0.0
1732027978.3277304,0.0,0.0,0.0
1732027978.3477085,0.0,0.0,0.0
1732027978.367569,0.0,0.0,0.0
1732027978.3879738,0.0,0.0,0.0
1732027978.407921,0.0,0.0,0.0
1732027978.4278843,0.0,0.0,0.0
1732027978.4481578,0.0,0.0,0.0
1732027978.4679213,0.0,0.0,0.0
1732027978.4879298,0.0,0.0,0.0
1732027978.507854,0.0,0.0,0.0
1732027978.5281405,0.0,0.0,0.0
1732027978.5481832,0.0,0.0,0.0
1732027978.5680974,0.0,0.0,0.0
1732027978.5880718,0.0,0.0,0.0
1732027978.6076756,0.0,0.0,0.0
1732027978.6287787,0.0,0.0,0.0
1732027978.6477053,0.0,0.0,0.0
1732027978.671161,0.0,0.0,0.0
1732027978.6881242,0.0,0.0,0.0
1732027978.710788,0.0,0.0,0.0
1732027978.727798,0.0,0.0,0.0
1732027978.747773,0.0,0.0,0.0
1732027978.7674956,0.0,0.0,0.0
1732027978.787793,0.0,0.0,0.0
1732027978.8085558,0.0,0.0,0.0
1732027978.8295412,0.0,0.0,0.0
1732027978.847842,0.0,0.0,0.0
1732027978.8696065,0.0,0.0,0.0
1732027978.8879895,0.0,0.0,0.0
1732027978.9080925,0.0,0.0,0.0
1732027978.927697,0.0,0.0,0.0
1732027978.9476256,0.0,0.0,0.0
1732027978.9682224,0.0,0.0,0.0
1732027978.9874887,0.0,0.0,0.0
1732027979.0093536,0.0,0.0,0.0
1732027979.0289326,0.0,0.0,0.0
1732027979.0484629,0.0,0.0,0.0
1732027979.06821,0.0,0.0,0.0
1732027979.0889528,0.0,0.0,0.0
1732027979.108716,0.0,0.0,0.0
1732027979.1279163,0.0,0.0,0.0
1732027979.1479018,0.0,0.0,0.0
1732027979.1681585,0.0,0.0,0.0
1732027979.1878495,0.0,0.0,0.0
1732027979.2079258,0.0,0.0,0.0
1732027979.2280295,0.0,0.0,0.0
1732027979.2486522,0.0,0.0,0.0
1732027979.2680144,0.0,0.0,0.0
1732027979.2883558,0.0,0.0,0.0
1732027979.3078766,0.0,0.0,0.0
1732027979.328232,0.0,0.0,0.0
1732027979.3489096,0.0,0.0,0.0
1732027979.3686364,0.0,0.0,0.0
1732027979.3898046,0.0,0.0,0.0
1732027979.4084435,0.0,0.0,0.0
1732027979.4291933,0.0,0.0,0.0
1732027979.4480047,0.0,0.0,0.0
1732027979.4675212,0.0,0.0,0.0
1732027979.4891255,0.0,0.0,0.0
1732027979.5076957,0.0,0.0,0.0
1732027979.5280309,0.0,0.0,0.0
1732027979.547878,0.0,0.0,0.0
1732027979.5711622,0.0,0.0,0.0
1732027979.588943,0.0,0.0,0.0
1732027979.608498,0.0,0.0,0.0
1732027979.629198,0.0,0.0,0.0
1732027979.6482494,0.0,0.0,0.0
1732027979.6676946,0.0,0.0,0.0
1732027979.6876292,0.0,0.0,0.0
1732027979.7072134,0.0,0.0,0.0
1732027979.727576,0.0,0.0,0.0
1732027979.747531,0.0,0.0,0.0
1732027979.7674527,0.0,0.0,0.0
1732027979.787549,0.0,0.0,0.0
1732027979.807755,0.0,0.0,0.0
1732027979.8277185,0.0,0.0,0.0
1732027979.847462,0.0,0.0,0.0
1732027979.867649,0.0,0.0,0.0
1732027979.8886855,0.0,0.0,0.0
1732027979.9082363,0.0,0.0,0.0
1732027979.927993,0.0,0.0,0.0
1732027979.9485974,0.0,0.0,0.0
1732027979.9690933,0.0,0.0,0.0
1732027979.987789,0.0,0.0,0.0
1732027980.0078237,0.0,0.0,0.0
1732027980.0276446,0.0,0.0,0.0
1732027980.0475419,0.0,0.0,0.0
1732027980.0680144,0.0,0.0,0.0
1732027980.0879848,0.0,0.0,0.0
1732027980.110782,0.0,0.0,0.0
1732027980.1280866,0.0,0.0,0.0
1732027980.1486466,0.0,0.0,0.0
1732027980.1681175,0.0,0.0,0.0
1732027980.1904094,0.0,0.0,0.0
1732027980.2088344,0.0,0.0,0.0
1732027980.2278762,0.0,0.0,0.0
1732027980.2478979,0.0,0.0,0.0
1732027980.2675846,0.0,0.0,0.0
1732027980.287593,0.0,0.0,0.0
1732027980.307877,0.0,0.0,0.0
1732027980.328569,0.0,0.0,0.0
1732027980.3479247,0.0,0.0,0.0
1732027980.3713202,0.0,0.0,0.0
1732027980.388823,0.0,0.0,0.0
1732027980.4082823,0.0,0.0,0.0
1732027980.4283783,0.0,0.0,0.0
1732027980.4483857,0.0,0.0,0.0
1732027980.4690368,0.0,0.0,0.0
1732027980.4877744,0.0,0.0,0.0
1732027980.5082448,0.0,0.0,0.0
1732027980.527972,0.0,0.0,0.0
1732027980.5479314,0.0,0.0,0.0
1732027980.5683143,0.0,0.0,0.0
1732027980.587778,0.0,0.0,0.0
1732027980.60751,0.0,0.0,0.0
1732027980.6287835,0.0,0.0,0.0
1732027980.6481915,0.0,0.0,0.0
1732027980.6678166,0.0,0.0,0.0
1732027980.689746,0.0,0.0,0.0
1732027980.7077112,0.0,0.0,0.0
1732027980.7286632,0.0,0.0,0.0
1732027980.7480278,0.0,0.0,0.0
1732027980.767398,0.0,0.0,0.0
1732027980.7921035,0.0,0.0,0.0
1732027980.8108711,0.0,0.0,0.0
1732027980.8277636,0.0,0.0,0.0
1732027980.8479743,0.0,0.0,0.0
1732027980.8680842,0.0,0.0,0.0
1732027980.8885674,0.0,0.0,0.0
1732027980.9085758,0.0,0.0,0.0
1732027980.927846,0.0,0.0,0.0
1732027980.9488282,0.0,0.0,0.0
1732027980.9676116,0.0,0.0,0.0
1732027980.9895573,0.0,0.0,0.0
1732027981.008313,0.0,0.0,0.0
1732027981.0280123,0.0,0.0,0.0
1732027981.0476062,0.0,0.0,0.0
1732027981.0700686,0.0,0.0,0.0
1732027981.088019,0.0,0.0,0.0
1732027981.109708,0.0,0.0,0.0
1732027981.1284518,0.0,0.0,0.0
1732027981.1478152,0.0,0.0,0.0
1732027981.1687355,0.0,0.0,0.0
1732027981.188013,0.0,0.0,0.0
1732027981.208136,0.0,0.0,0.0
1732027981.227682,0.0,0.0,0.0
1732027981.2479312,0.0,0.0,0.0
1732027981.2684433,0.0,0.0,0.0
1732027981.2879944,0.0,0.0,0.0
1732027981.3081505,0.0,0.0,0.0
1732027981.3283877,0.0,0.0,0.0
1732027981.348111,0.0,0.0,0.0
1732027981.367786,0.0,0.0,0.0
1732027981.389727,0.0,0.0,0.0
1732027981.407704,0.0,0.0,0.0
1732027981.4277043,0.0,0.0,0.0
1732027981.4490626,0.0,0.0,0.0
1732027981.46741,0.0,0.0,0.0
1732027981.4876475,0.0,0.0,0.0
1732027981.5098114,0.0,0.0,0.0
1732027981.5274346,0.0,0.0,0.0
1732027981.5485198,0.0,0.0,0.0
1732027981.567846,0.0,0.0,0.0
1732027981.5908537,0.0,0.0,0.0
1732027981.6096854,0.0,0.0,0.0
1732027981.6276798,0.0,0.0,0.0
1732027981.6493154,0.0,0.0,0.0
1732027981.6683016,0.0,0.0,0.0
1732027981.6898015,0.0,0.0,0.0
1732027981.7077968,0.0,0.0,0.0
1732027981.7278244,0.0,0.0,0.0
1732027981.7476382,0.0,0.0,0.0
1732027981.7682717,0.0,0.0,0.0
1732027981.793819,0.0,0.0,0.0
1732027981.8083239,0.0,0.0,0.0
1732027981.8296978,0.0,0.0,0.0
1732027981.8477216,0.0,0.0,0.0
1732027981.8679717,0.0,0.0,0.0
1732027981.888182,0.0,0.0,0.0
1732027981.913298,0.0,0.0,0.0
1732027981.9287665,0.0,0.0,0.0
1732027981.948872,0.0,0.0,0.0
1732027981.9689229,0.0,0.0,0.0
1732027981.9945452,0.0,0.0,0.0
1732027982.018141,0.0,0.0,0.0
1732027982.0351512,0.0,0.0,0.0
1732027982.0586948,0.0,0.0,0.0
1732027982.06827,0.0,0.0,0.0
1732027982.0911117,0.0,0.0,0.0
1732027982.1125877,0.0,0.0,0.0
1732027982.1289485,0.0,0.0,0.0
1732027982.1498284,0.0,0.0,0.0
1732027982.1729178,0.0,0.0,0.0
1732027982.1903582,0.0,0.0,0.0
1732027982.2078147,0.0,0.0,0.0
1732027982.2278836,0.0,0.0,0.0
1732027982.248478,0.0,0.0,0.0
1732027982.2679522,0.0,0.0,0.0
1732027982.2898006,0.0,0.0,0.0
1732027982.3106787,0.0,0.0,0.0
1732027982.3289757,0.0,0.0,0.0
1732027982.3480115,0.0,0.0,0.0
1732027982.367914,0.0,0.0,0.0
1732027982.3914375,0.0,0.0,0.0
1732027982.410757,0.0,0.0,0.0
1732027982.4279091,0.0,0.0,0.0
1732027982.4506075,0.0,0.0,0.0
1732027982.4718947,0.0,0.0,0.0
1732027982.488552,0.0,0.0,0.0
1732027982.5082803,0.0,0.0,0.0
1732027982.5283864,0.0,0.0,0.0
1732027982.5478337,0.0,0.0,0.0
1732027982.567722,0.0,0.0,0.0
1732027982.589204,0.0,0.0,0.0
1732027982.6079597,0.0,0.0,0.0
1732027982.6275227,0.0,0.0,0.0
1732027982.6482265,0.0,0.0,0.0
1732027982.667458,0.0,0.0,0.0
1732027982.6882486,0.0,0.0,0.0
1732027982.7078505,0.0,0.0,0.0
1732027982.7277954,0.0,0.0,0.0
1732027982.7473729,0.0,0.0,0.0
1732027982.7684014,0.0,0.0,0.0
1732027982.7872512,0.0,0.0,0.0
1732027982.809492,0.0,0.0,0.0
1732027982.8283165,0.0,0.0,0.0
1732027982.8482494,0.0,0.0,0.0
1732027982.8681364,0.0,0.0,0.0
1732027982.8878918,0.0,0.0,0.0
1732027982.9088702,0.0,0.0,0.0
1732027982.9286082,0.0,0.0,0.0
1732027982.948407,0.0,0.0,0.0
1732027982.9678028,0.0,0.0,0.0
1732027982.9888818,0.0,0.0,0.0
1732027983.008973,0.0,0.0,0.0
1732027983.0283504,0.0,0.0,0.0
1732027983.0481591,0.0,0.0,0.0
1732027983.0687551,0.0,0.0,0.0
1732027983.094429,0.0,0.0,0.0
1732027983.1101272,0.0,0.0,0.0
1732027983.1284823,0.0,0.0,0.0
1732027983.1483076,0.0,0.0,0.0
1732027983.1681187,0.0,0.0,0.0
1732027983.187875,0.0,0.0,0.0
1732027983.2079415,0.0,0.0,0.0
1732027983.2277317,0.0,0.0,0.0
1732027983.248313,0.0,0.0,0.0
1732027983.2688947,0.0,0.0,0.0
1732027983.2904656,0.0,0.0,0.0
1732027983.308144,0.0,0.0,0.0
1732027983.3274343,0.0,0.0,0.0
1732027983.3475513,0.0,0.0,0.0
1732027983.3682275,0.0,0.0,0.0
1732027983.3887415,0.0,0.0,0.0
1732027983.4078236,0.0,0.0,0.0
1732027983.4280787,0.0,0.0,0.0
1732027983.4477723,0.0,0.0,0.0
1732027983.4721034,0.0,0.0,0.0
1732027983.4890668,0.0,0.0,0.0
1732027983.508042,0.0,0.0,0.0
1732027983.5291383,0.0,0.0,0.0
1732027983.5475674,0.0,0.0,0.0
1732027983.5683074,0.0,0.0,0.0
1732027983.58815,0.0,0.0,0.0
1732027983.6080694,0.0,0.0,0.0
1732027983.6283314,0.0,0.0,0.0
1732027983.647616,0.0,0.0,0.0
1732027983.6684966,0.0,0.0,0.0
1732027983.6887982,0.0,0.0,0.0
1732027983.709066,0.0,0.0,0.0
1732027983.7286165,0.0,0.0,0.0
1732027983.747708,0.0,0.0,0.0
1732027983.768272,0.0,0.0,0.0
1732027983.7909982,0.0,0.0,0.0
1732027983.8077533,0.0,0.0,0.0
1732027983.828067,0.0,0.0,0.0
1732027983.8479257,0.0,0.0,0.0
1732027983.871995,0.0,0.0,0.0
1732027983.889597,0.0,0.0,0.0
1732027983.907753,0.0,0.0,0.0
1732027983.9281588,0.0,0.0,0.0
1732027983.9488735,0.0,0.0,0.0
1732027983.9709172,0.0,0.0,0.0
1732027983.9875743,0.0,0.0,0.0
1732027984.0114636,0.0,0.0,0.0
1732027984.0314007,0.0,0.0,0.0
1732027984.0503035,0.0,0.0,0.0
1732027984.070436,0.0,0.0,0.0
1732027984.0882046,0.0,0.0,0.0
1732027984.110804,0.0,0.0,0.0
1732027984.1278014,0.0,0.0,0.0
1732027984.1490092,0.0,0.0,0.0
1732027984.1699052,0.0,0.0,0.0
1732027984.1902795,0.0,0.0,0.0
1732027984.2087379,0.0,0.0,0.0
1732027984.2280293,0.0,0.0,0.0
1732027984.248899,0.0,0.0,0.0
1732027984.2677658,0.0,0.0,0.0
1732027984.2894537,0.0,0.0,0.0
1732027984.3083074,0.0,0.0,0.0
1732027984.327773,0.0,0.0,0.0
1732027984.3480642,0.0,0.0,0.0
1732027984.369607,0.0,0.0,0.0
1732027984.3887317,0.0,0.0,0.0
1732027984.4120836,0.0,0.0,0.0
1732027984.4281905,0.0,0.0,0.0
1732027984.4493911,0.0,0.0,0.0
1732027984.4688315,0.0,0.0,0.0
1732027984.4884052,0.0,0.0,0.0
1732027984.5092382,0.0,0.0,0.0
1732027984.528543,0.0,0.0,0.0
1732027984.549864,0.0,0.0,0.0
1732027984.5682478,0.0,0.0,0.0
1732027984.5879738,0.0,0.0,0.0
1732027984.60927,0.0,0.0,0.0
1732027984.6276002,0.0,0.0,0.0
1732027984.6483188,0.0,0.0,0.0
1732027984.6678896,0.0,0.0,0.0
1732027984.688468,0.0,0.0,0.0
1732027984.7085416,0.0,0.0,0.0
1732027984.727934,0.0,0.0,0.0
1732027984.7477071,0.0,0.0,0.0
1732027984.767824,0.0,0.0,0.0
1732027984.7886617,0.0,0.0,0.0
1732027984.807919,0.0,0.0,0.0
1732027984.8286788,0.0,0.0,0.0
1732027984.8485432,0.0,0.0,0.0
1732027984.867795,0.0,0.0,0.0
1732027984.8896368,0.0,0.0,0.0
1732027984.9092603,0.0,0.0,0.0
1732027984.9317694,0.0,0.0,0.0
1732027984.9485319,0.0,0.0,0.0
1732027984.9687684,0.0,0.0,0.0
1732027984.987675,0.0,0.0,0.0
1732027985.0086815,0.0,0.0,0.0
1732027985.0313437,0.0,0.0,0.0
1732027985.0480628,0.0,0.0,0.0
1732027985.067592,0.0,0.0,0.0
1732027985.087904,0.0,0.0,0.0
1732027985.108639,0.0,0.0,0.0
1732027985.127531,0.0,0.0,0.0
1732027985.1485727,0.0,0.0,0.0
1732027985.1683803,0.0,0.0,0.0
1732027985.1887732,0.0,0.0,0.0
1732027985.2106223,0.0,0.0,0.0
1732027985.2288725,0.0,0.0,0.0
1732027985.2576518,0.0,0.0,0.0
1732027985.2684002,0.0,0.0,0.0
1732027985.287872,0.0,0.0,0.0
1732027985.3075304,0.0,0.0,0.0
1732027985.337416,0.0,0.0,0.0
1732027985.349014,0.0,0.0,0.0
1732027985.3692398,0.0,0.0,0.0
1732027985.3879702,0.0,0.0,0.0
1732027985.4151196,0.0,0.0,0.0
1732027985.4277287,0.0,0.0,0.0
1732027985.4476647,0.0,0.0,0.0
1732027985.471411,0.0,0.0,0.0
1732027985.4882214,0.0,0.0,0.0
1732027985.507878,0.0,0.0,0.0
1732027985.528955,0.0,0.0,0.0
1732027985.5502255,0.0,0.0,0.0
1732027985.5675242,0.0,0.0,0.0
1732027985.5876122,0.0,0.0,0.0
1732027985.6081011,0.0,0.0,0.0
1732027985.6287532,0.0,0.0,0.0
1732027985.649914,0.0,0.0,0.0
1732027985.668006,0.0,0.0,0.0
1732027985.6893787,0.0,0.0,0.0
1732027985.7087739,0.0,0.0,0.0
1732027985.7281284,0.0,0.0,0.0
1732027985.748208,0.0,0.0,0.0
1732027985.767524,0.0,0.0,0.0
1732027985.7896485,0.0,0.0,0.0
1732027985.8079355,0.0,0.0,0.0
1732027985.827612,0.0,0.0,0.0
1732027985.8476024,0.0,0.0,0.0
1732027985.8682125,0.0,0.0,0.0
1732027985.8876994,0.0,0.0,0.0
1732027985.909902,0.0,0.0,0.0
1732027985.927586,0.0,0.0,0.0
1732027985.9475904,0.0,0.0,0.0
1732027985.9676862,0.0,0.0,0.0
1732027985.990369,0.0,0.0,0.0
1732027986.01123,0.0,0.0,0.0
1732027986.0288777,0.0,0.0,0.0
1732027986.04857,0.0,0.0,0.0
1732027986.0682764,0.0,0.0,0.0
1732027986.0875769,0.0,0.0,0.0
1732027986.1077566,0.0,0.0,0.0
1732027986.1276464,0.0,0.0,0.0
