1731946578.6179383,-0.01,0.02,3.7
1731946578.6189651,-0.01,0.02,3.7
1731946578.6191928,-0.01,0.02,3.7
1731946578.6193395,-0.01,0.02,3.7
1731946578.6194365,-0.01,0.02,3.7
1731946578.6195302,-0.01,0.02,3.7
1731946578.6196308,-0.01,0.02,3.7
1731946578.6203136,-0.01,0.02,3.7
1731946578.620538,-0.01,0.02,3.7
1731946578.6207159,-0.01,0.02,3.7
1731946578.621925,-0.01,0.03,3.7
1731946578.6348498,-0.01,0.03,3.7
1731946578.663095,-0.01,0.03,3.7
1731946578.669194,-0.01,0.03,3.7
1731946578.728891,-0.01,0.03,3.7
1731946578.749768,-0.01,0.03,3.7
1731946578.7503622,-0.01,0.03,3.7
1731946578.7516513,-0.01,0.03,3.7
1731946578.753368,-0.01,0.03,3.7
1731946578.753942,-0.01,0.03,3.7
1731946578.7543895,-0.01,0.03,3.7
1731946578.7547934,-0.01,0.03,3.7
1731946578.7552273,-0.01,0.03,3.7
1731946578.755654,-0.01,0.03,3.7
1731946578.7560818,-0.01,0.03,3.7
1731946578.7627146,-0.01,0.03,3.7
1731946578.7632158,-0.01,0.03,3.7
1731946578.7636507,-0.01,0.03,3.7
1731946578.7640448,-0.01,0.03,3.7
1731946578.764642,-0.01,0.03,3.7
1731946578.7650945,-0.01,0.03,3.7
1731946578.765302,-0.01,0.03,3.7
1731946578.7654765,-0.01,0.03,3.7
1731946578.7656398,-0.01,0.03,3.7
1731946578.7657988,-0.01,0.03,3.7
1731946578.7660563,-0.01,0.03,3.7
1731946578.7663236,-0.01,0.03,3.7
1731946578.7665808,-0.01,0.03,3.7
1731946578.7668338,-0.01,0.03,3.7
1731946578.770813,-0.01,0.03,3.7
1731946578.771278,-0.01,0.03,3.7
1731946578.7714605,-0.01,0.03,3.7
1731946578.7716262,-0.01,0.03,3.7
1731946578.7717848,-0.01,0.03,3.7
1731946578.7719426,-0.01,0.03,3.7
1731946578.7721503,-0.01,0.03,3.7
1731946578.7735574,-0.01,0.03,3.7
1731946578.7742686,-0.01,0.03,3.7
1731946578.777454,-0.01,0.03,3.7
1731946578.7796938,-0.01,0.03,3.7
1731946578.7813003,-0.01,0.03,3.7
1731946578.78256,-0.01,0.03,3.7
1731946578.784292,-0.01,0.03,3.7
1731946578.7869372,-0.01,0.03,3.7
1731946578.7876089,-0.01,0.03,3.7
1731946578.7893283,-0.01,0.03,3.7
1731946578.7950912,-0.01,0.03,3.7
1731946578.812998,-0.01,0.03,3.7
1731946578.8635283,-0.01,0.03,3.7
1731946578.8642607,-0.01,0.03,3.7
1731946578.8647232,-0.01,0.03,3.7
1731946578.864944,-0.01,0.03,3.7
1731946578.8651407,-0.01,0.03,3.7
1731946578.865325,-0.01,0.03,3.7
1731946578.8654926,-0.01,0.03,3.7
1731946578.8661208,-0.01,0.03,3.7
1731946578.8663788,-0.01,0.03,3.7
1731946578.86658,-0.01,0.03,3.7
1731946578.866786,-0.01,0.03,3.7
1731946578.8669856,-0.01,0.03,3.7
1731946578.8671768,-0.01,0.03,3.7
1731946578.8673654,-0.01,0.03,3.7
1731946578.867543,-0.01,0.03,3.7
1731946578.8677177,-0.01,0.03,3.7
1731946578.8678885,-0.01,0.03,3.7
1731946578.8746932,-0.01,0.03,3.7
1731946578.874806,-0.01,0.03,3.7
1731946578.8750107,-0.02,0.03,3.7
1731946578.875201,-0.02,0.03,3.7
1731946578.884172,-0.02,0.03,3.7
1731946578.88908,-0.02,0.03,3.7
1731946578.8895156,-0.02,0.03,3.7
1731946578.8950684,-0.02,0.03,3.7
1731946578.8954551,-0.02,0.03,3.7
1731946578.8956788,-0.02,0.03,3.7
1731946578.896662,-0.02,0.03,3.7
1731946578.8969235,-0.02,0.03,3.7
1731946578.9004102,-0.02,0.03,3.7
1731946578.9006608,-0.02,0.03,3.7
1731946578.9008396,-0.02,0.03,3.7
1731946578.9010172,-0.02,0.03,3.7
1731946578.901189,-0.02,0.03,3.7
1731946578.9013634,-0.02,0.03,3.7
1731946578.9015386,-0.02,0.03,3.7
1731946578.9017107,-0.02,0.03,3.7
1731946578.9018831,-0.02,0.03,3.7
1731946578.9020574,-0.02,0.03,3.7
1731946578.902228,-0.02,0.03,3.7
1731946578.9024014,-0.02,0.03,3.7
1731946578.90359,-0.02,0.03,3.7
1731946578.9041588,-0.02,0.03,3.7
1731946578.9043198,-0.02,0.03,3.7
1731946578.9044418,-0.02,0.03,3.7
1731946578.904539,-0.02,0.03,3.7
1731946578.9046466,-0.02,0.03,3.7
1731946578.9047358,-0.02,0.03,3.7
1731946578.9048462,-0.02,0.03,3.7
1731946578.9049315,-0.02,0.03,3.7
1731946578.9050457,-0.02,0.03,3.7
1731946578.9051402,-0.02,0.03,3.7
1731946578.9052787,-0.02,0.03,3.7
1731946578.9237394,-0.02,0.03,3.7
1731946578.9245605,-0.02,0.03,3.7
1731946578.9247656,-0.02,0.03,3.7
1731946578.9249191,-0.02,0.03,3.7
1731946578.9250638,-0.02,0.03,3.7
1731946578.9252055,-0.02,0.03,3.7
1731946578.9253514,-0.02,0.03,3.7
1731946578.925489,-0.02,0.03,3.7
1731946578.9256394,-0.02,0.03,3.7
1731946578.9257748,-0.02,0.03,3.7
1731946578.9259071,-0.02,0.03,3.7
1731946578.9260435,-0.02,0.03,3.7
1731946578.926173,-0.02,0.03,3.7
1731946578.9263155,-0.02,0.03,3.7
1731946578.9264488,-0.02,0.03,3.7
1731946578.9265816,-0.02,0.03,3.7
1731946578.926712,-0.02,0.03,3.7
1731946578.926839,-0.02,0.03,3.7
1731946578.9269874,-0.02,0.03,3.7
1731946578.9271283,-0.02,0.03,3.7
1731946578.9308817,-0.02,0.03,3.7
1731946578.9311101,-0.02,0.03,3.7
1731946578.9486535,-0.02,0.03,3.7
1731946578.9490705,-0.02,0.03,3.7
1731946578.9495401,-0.02,0.03,3.7
1731946578.9502583,-0.02,0.03,3.7
1731946578.950448,-0.02,0.03,3.7
1731946578.9506931,-0.02,0.03,3.7
1731946578.9508681,-0.02,0.03,3.7
1731946578.9510324,-0.02,0.03,3.7
1731946578.9512012,-0.02,0.03,3.7
1731946578.9513636,-0.02,0.03,3.7
1731946578.9556358,-0.02,0.03,3.7
1731946578.956048,-0.02,0.03,3.7
1731946578.9563205,-0.02,0.03,3.7
1731946578.9566212,-0.02,0.03,3.7
1731946578.9714055,-0.02,0.03,3.7
1731946578.9719048,-0.02,0.03,3.7
1731946578.9721725,-0.02,0.03,3.7
1731946578.9723642,-0.02,0.03,3.7
1731946578.9725409,-0.02,0.03,3.7
1731946579.0004861,-0.02,0.03,3.7
1731946579.001651,-0.02,0.03,3.7
1731946579.0019207,-0.02,0.03,3.7
1731946579.0021262,-0.02,0.03,3.7
1731946579.0023186,-0.02,0.03,3.7
1731946579.0025089,-0.02,0.03,3.7
1731946579.0026932,-0.02,0.03,3.7
1731946579.0028756,-0.02,0.03,3.7
1731946579.003061,-0.02,0.03,3.7
1731946579.0032473,-0.02,0.03,3.7
1731946579.003428,-0.02,0.03,3.7
1731946579.0036116,-0.02,0.03,3.7
1731946579.0037973,-0.02,0.03,3.7
1731946579.003995,-0.02,0.03,3.7
1731946579.0041778,-0.02,0.03,3.7
1731946579.0043595,-0.02,0.03,3.7
1731946579.0045383,-0.02,0.03,3.7
1731946579.0047154,-0.02,0.03,3.7
1731946579.0465512,-0.02,0.03,3.7
1731946579.046864,-0.02,0.03,3.7
1731946579.0472684,-0.02,0.03,3.7
1731946579.0474946,-0.02,0.03,3.7
1731946579.0476933,-0.02,0.03,3.7
1731946579.0478854,-0.02,0.03,3.7
1731946579.0480995,-0.02,0.03,3.7
1731946579.0484755,-0.02,0.03,3.7
1731946579.0487027,-0.02,0.03,3.7
1731946579.0694475,-0.02,0.03,3.7
1731946579.0746062,-0.02,0.03,3.7
1731946579.0748413,-0.02,0.03,3.7
1731946579.075028,-0.02,0.03,3.7
1731946579.0752149,-0.02,0.03,3.7
1731946579.0753899,-0.02,0.03,3.7
1731946579.0755644,-0.02,0.03,3.7
1731946579.0759776,-0.02,0.03,3.7
1731946579.076206,-0.02,0.03,3.7
1731946579.0763953,-0.02,0.03,3.7
1731946579.076572,-0.02,0.03,3.7
1731946579.079058,-0.02,0.03,3.7
1731946579.087071,-0.02,0.03,3.7
1731946579.0897617,-0.02,0.03,3.7
1731946579.0950212,-0.02,0.03,3.7
1731946579.0971541,-0.02,0.03,3.7
1731946579.0975485,-0.02,0.03,3.7
1731946579.0977511,-0.02,0.03,3.7
1731946579.0979326,-0.02,0.03,3.7
1731946579.0981166,-0.02,0.03,3.7
1731946579.098288,-0.02,0.03,3.7
1731946579.1010633,-0.02,0.03,3.7
1731946579.1046102,-0.02,0.03,3.7
1731946579.1069834,-0.02,0.03,3.7
1731946579.1072686,-0.02,0.03,3.7
1731946579.107576,-0.02,0.03,3.7
1731946579.107701,-0.02,0.03,3.7
1731946579.108487,-0.02,0.03,3.7
1731946579.1086926,-0.02,0.03,3.7
1731946579.108928,-0.02,0.03,3.7
1731946579.109111,-0.02,0.03,3.7
1731946579.1092322,-0.02,0.03,3.7
1731946579.1093204,-0.02,0.03,3.7
1731946579.109405,-0.02,0.03,3.7
1731946579.1101604,-0.02,0.03,3.7
1731946579.119903,-0.02,0.03,3.7
1731946579.120528,-0.02,0.03,3.7
1731946579.1207736,-0.02,0.03,3.7
1731946579.1209538,-0.02,0.03,3.7
1731946579.1217673,-0.02,0.03,3.7
1731946579.122039,-0.02,0.03,3.7
1731946579.1242893,-0.02,0.03,3.7
1731946579.1248112,-0.02,0.03,3.7
1731946579.125251,-0.02,0.03,3.7
1731946579.1254969,-0.02,0.03,3.7
1731946579.125687,-0.02,0.03,3.7
1731946579.1258621,-0.02,0.03,3.7
1731946579.126039,-0.02,0.03,3.7
1731946579.131664,-0.02,0.03,3.7
1731946579.158634,-0.02,0.03,3.7
1731946579.159617,-0.02,0.03,3.7
1731946579.15998,-0.02,0.03,3.7
1731946579.1602159,-0.02,0.03,3.7
1731946579.16122,-0.03,0.03,3.7
1731946579.16161,-0.03,0.03,3.7
1731946579.1643739,-0.03,0.03,3.7
1731946579.1694982,-0.03,0.03,3.7
1731946579.169954,-0.03,0.03,3.7
1731946579.1726315,-0.03,0.03,3.7
1731946579.173119,-0.03,0.03,3.7
1731946579.1733274,-0.03,0.03,3.7
1731946579.1735127,-0.03,0.03,3.7
1731946579.1736927,-0.03,0.03,3.7
1731946579.1738641,-0.03,0.03,3.7
1731946579.1740303,-0.03,0.03,3.7
1731946579.1743083,-0.03,0.03,3.7
1731946579.1813004,-0.03,0.03,3.7
1731946579.182334,-0.03,0.03,3.7
1731946579.182598,-0.03,0.03,3.7
1731946579.182816,-0.03,0.03,3.7
1731946579.183026,-0.03,0.03,3.7
1731946579.1832302,-0.03,0.03,3.7
1731946579.1834261,-0.03,0.03,3.7
1731946579.1836185,-0.03,0.03,3.7
1731946579.1838064,-0.03,0.03,3.7
1731946579.1875129,-0.03,0.03,3.7
1731946579.1905754,-0.03,0.03,3.7
1731946579.2001932,-0.03,0.03,3.7
1731946579.20064,-0.03,0.03,3.7
1731946579.2008708,-0.03,0.03,3.7
1731946579.201261,-0.03,0.03,3.7
1731946579.2014735,-0.03,0.03,3.7
1731946579.201659,-0.03,0.03,3.7
1731946579.2018418,-0.03,0.03,3.7
1731946579.2239513,-0.03,0.03,3.7
1731946579.2250588,-0.03,0.03,3.7
1731946579.2253296,-0.03,0.03,3.7
1731946579.2255363,-0.03,0.03,3.7
1731946579.2257354,-0.03,0.03,3.7
1731946579.2259269,-0.03,0.03,3.7
1731946579.22611,-0.03,0.03,3.7
1731946579.226292,-0.03,0.03,3.7
1731946579.2264786,-0.03,0.03,3.7
1731946579.2266674,-0.03,0.03,3.7
1731946579.2268474,-0.03,0.03,3.7
1731946579.227029,-0.03,0.03,3.7
1731946579.2272053,-0.03,0.03,3.7
1731946579.2275372,-0.03,0.03,3.7
1731946579.2287536,-0.03,0.03,3.7
1731946579.2291076,-0.03,0.03,3.7
1731946579.2292912,-0.03,0.03,3.7
1731946579.2295008,-0.03,0.03,3.7
1731946579.2302153,-0.03,0.03,3.7
1731946579.2303846,-0.03,0.03,3.7
1731946579.230695,-0.03,0.03,3.7
1731946579.2309246,-0.03,0.03,3.7
1731946579.2311983,-0.03,0.03,3.7
1731946579.237709,-0.03,0.03,3.7
1731946579.2381418,-0.03,0.03,3.7
1731946579.238344,-0.03,0.03,3.7
1731946579.2385247,-0.03,0.03,3.7
1731946579.238701,-0.03,0.03,3.7
1731946579.2389033,-0.03,0.03,3.7
1731946579.2390761,-0.03,0.03,3.7
1731946579.2392442,-0.03,0.03,3.7
1731946579.2789214,-0.03,0.03,3.7
1731946579.2795942,-0.03,0.03,3.7
1731946579.279842,-0.03,0.03,3.7
1731946579.280134,-0.03,0.03,3.7
1731946579.2803667,-0.03,0.03,3.7
1731946579.2806315,-0.03,0.03,3.7
1731946579.2809384,-0.03,0.03,3.7
1731946579.281129,-0.03,0.03,3.7
1731946579.2813027,-0.03,0.03,3.7
1731946579.2814703,-0.03,0.03,3.7
1731946579.2895825,-0.03,0.03,3.7
1731946579.291387,-0.03,0.03,3.7
1731946579.2928953,-0.03,0.03,3.7
1731946579.2935452,-0.03,0.03,3.7
1731946579.2946882,-0.03,0.03,3.7
1731946579.2981594,-0.03,0.03,3.7
1731946579.2993162,-0.03,0.03,3.7
1731946579.299606,-0.03,0.03,3.7
1731946579.2998376,-0.03,0.03,3.7
1731946579.3000815,-0.03,0.03,3.7
1731946579.3002946,-0.03,0.03,3.7
1731946579.3098667,-0.03,0.03,3.7
1731946579.312518,-0.03,0.03,3.7
1731946579.360256,-0.03,0.03,3.7
1731946579.3608253,-0.03,0.03,3.7
1731946579.361261,-0.03,0.03,3.7
1731946579.3616822,-0.03,0.03,3.7
1731946579.3622205,-0.03,0.03,3.7
1731946579.3629694,-0.03,0.03,3.7
1731946579.3635442,-0.03,0.03,3.7
1731946579.3638926,-0.03,0.03,3.7
1731946579.3643343,-0.03,0.03,3.7
1731946579.364584,-0.03,0.03,3.7
1731946579.3647885,-0.03,0.03,3.7
1731946579.3650053,-0.03,0.03,3.7
1731946579.3692062,-0.03,0.03,3.7
1731946579.3792565,-0.03,0.03,3.7
1731946579.3813963,-0.03,0.03,3.7
1731946579.3833313,-0.03,0.03,3.7
1731946579.3857248,-0.03,0.03,3.7
1731946579.3874927,-0.03,0.03,3.7
1731946579.389871,-0.03,0.03,3.7
1731946579.3929605,-0.03,0.03,3.7
1731946579.3946583,-0.03,0.03,3.7
1731946579.398071,-0.03,0.03,3.7
1731946579.40029,-0.03,0.03,3.7
1731946579.402156,-0.03,0.03,3.7
1731946579.4048047,-0.03,0.03,3.7
1731946579.4088726,-0.03,0.03,3.7
1731946579.4117413,-0.03,0.03,3.7
1731946579.412092,-0.03,0.03,3.7
1731946579.4130738,-0.03,0.03,3.7
1731946579.4135017,-0.03,0.03,3.7
1731946579.4146068,-0.03,0.03,3.7
1731946579.414945,-0.03,0.03,3.7
1731946579.4156048,-0.03,0.03,3.7
1731946579.4186754,-0.03,0.03,3.7
1731946579.4195142,-0.03,0.03,3.7
1731946579.4204142,-0.03,0.03,3.7
1731946579.4209502,-0.03,0.03,3.7
1731946579.4225676,-0.03,0.03,3.7
1731946579.4237747,-0.03,0.03,3.7
1731946579.4245615,-0.03,0.03,3.7
1731946579.426624,-0.03,0.03,3.7
1731946579.4268656,-0.03,0.03,3.7
1731946579.426993,-0.03,0.03,3.7
1731946579.4308493,-0.03,0.03,3.7
1731946579.4310327,-0.03,0.03,3.7
1731946579.4331722,-0.03,0.03,3.7
1731946579.4358952,-0.03,0.03,3.7
1731946579.4373865,-0.03,0.03,3.7
1731946579.4384031,-0.03,0.03,3.7
1731946579.4394069,-0.03,0.03,3.7
1731946579.4396632,-0.03,0.03,3.7
1731946579.4415548,-0.03,0.03,3.7
1731946579.4442263,-0.03,0.03,3.7
1731946579.4448624,-0.03,0.03,3.7
1731946579.4456456,-0.03,0.03,3.7
1731946579.448586,-0.03,0.03,3.7
1731946579.4512577,-0.03,0.03,3.7
1731946579.4516718,-0.03,0.03,3.7
1731946579.45208,-0.03,0.03,3.7
1731946579.4608326,-0.03,0.03,3.7
1731946579.4610162,-0.03,0.03,3.7
1731946579.4613686,-0.03,0.03,3.7
1731946579.4615843,-0.03,0.03,3.7
1731946579.461744,-0.03,0.03,3.7
1731946579.461902,-0.03,0.03,3.7
1731946579.462062,-0.03,0.03,3.7
1731946579.5068266,-0.03,0.03,3.7
1731946579.5137851,-0.03,0.03,3.7
1731946579.515979,-0.03,0.03,3.7
1731946579.5181139,-0.03,0.03,3.7
1731946579.5268488,-0.03,0.03,3.7
1731946579.5285897,-0.03,0.03,3.7
1731946579.5298176,-0.03,0.03,3.7
1731946579.5299506,-0.03,0.03,3.7
1731946579.5300443,-0.03,0.03,3.7
1731946579.5301301,-0.03,0.03,3.7
1731946579.5302124,-0.03,0.03,3.7
1731946579.5302932,-0.03,0.03,3.7
1731946579.5303726,-0.03,0.03,3.7
1731946579.5304537,-0.03,0.03,3.7
1731946579.5311844,-0.03,0.03,3.7
1731946579.5338123,-0.03,0.03,3.7
1731946579.5343924,-0.03,0.03,3.7
1731946579.535512,-0.03,0.03,3.7
1731946579.536748,-0.03,0.03,3.7
1731946579.5378788,-0.03,0.03,3.7
1731946579.5387616,-0.03,0.03,3.7
1731946579.5395253,-0.03,0.03,3.7
1731946579.5411408,-0.03,0.03,3.7
1731946579.5424592,-0.03,0.03,3.7
1731946579.5448692,-0.03,0.03,3.7
1731946579.5459857,-0.03,0.03,3.7
1731946579.547044,-0.03,0.03,3.7
1731946579.5491412,-0.03,0.03,3.7
1731946579.5507476,-0.03,0.03,3.7
1731946579.5517821,-0.03,0.03,3.7
1731946579.5543344,-0.03,0.03,3.7
1731946579.5557408,-0.03,0.03,3.7
1731946579.55725,-0.03,0.03,3.7
1731946579.5585911,-0.03,0.03,3.7
1731946579.5600932,-0.03,0.03,3.7
1731946579.5613294,-0.03,0.03,3.7
1731946579.5628507,-0.03,0.03,3.7
1731946579.5633948,-0.03,0.03,3.7
1731946579.5655625,-0.03,0.03,3.7
1731946579.5660522,-0.03,0.03,3.7
1731946579.5669334,-0.03,0.03,3.7
1731946579.5677898,-0.03,0.03,3.7
1731946579.568713,-0.03,0.03,3.7
1731946579.569736,-0.03,0.03,3.7
1731946579.5716014,-0.03,0.03,3.7
1731946579.584223,-0.03,0.03,3.7
1731946579.5849056,-0.03,0.03,3.7
1731946579.5850809,-0.03,0.03,3.7
1731946579.5852509,-0.03,0.03,3.7
1731946579.5854218,-0.03,0.03,3.7
1731946579.5855956,-0.03,0.03,3.7
1731946579.5857623,-0.03,0.03,3.7
1731946579.5859294,-0.03,0.03,3.7
1731946579.5860946,-0.03,0.03,3.7
1731946579.5862603,-0.03,0.03,3.7
1731946579.5881312,-0.03,0.03,3.7
1731946579.5887728,-0.03,0.03,3.7
1731946579.5889907,-0.03,0.03,3.7
1731946579.5891728,-0.03,0.03,3.7
1731946579.5893292,-0.03,0.03,3.7
1731946579.5915003,-0.03,0.03,3.7
1731946579.5916858,-0.03,0.03,3.7
1731946579.5917933,-0.03,0.03,3.7
1731946579.5934432,-0.03,0.03,3.7
1731946579.5947247,-0.03,0.03,3.7
1731946579.5956726,-0.03,0.03,3.7
1731946579.5988266,-0.03,0.03,3.7
1731946579.604679,-0.03,0.03,3.7
1731946579.6059272,-0.03,0.03,3.7
1731946579.6076527,-0.03,0.03,3.7
1731946579.6082547,-0.03,0.03,3.7
1731946579.6084666,-0.03,0.03,3.7
1731946579.608637,-0.03,0.03,3.7
1731946579.609191,-0.03,0.03,3.7
1731946579.6093843,-0.03,0.03,3.7
1731946579.6095583,-0.03,0.03,3.7
1731946579.609728,-0.03,0.03,3.7
1731946579.6172476,-0.03,0.03,3.7
1731946579.61869,-0.03,0.03,3.7
1731946579.6203363,-0.03,0.03,3.7
1731946579.6205878,-0.03,0.03,3.7
1731946579.6207712,-0.03,0.03,3.7
1731946579.6208897,-0.03,0.03,3.7
1731946579.6209812,-0.03,0.03,3.7
1731946579.6210668,-0.03,0.03,3.7
1731946579.6211498,-0.03,0.03,3.7
1731946579.6213217,-0.03,0.03,3.7
1731946579.6229458,-0.03,0.03,3.7
1731946579.629497,-0.03,0.03,3.7
1731946579.629807,-0.03,0.03,3.7
1731946579.6323314,-0.03,0.03,3.7
1731946579.633262,-0.03,0.03,3.7
1731946579.6347306,-0.03,0.03,3.7
1731946579.641722,-0.03,0.03,3.7
1731946579.6424806,-0.03,0.03,3.7
1731946579.644182,-0.03,0.03,3.7
1731946579.6451087,-0.03,0.03,3.7
1731946579.6482103,-0.03,0.03,3.7
1731946579.6552737,-0.03,0.03,3.7
1731946579.6555798,-0.03,0.03,3.7
1731946579.6562946,-0.03,0.03,3.7
1731946579.657173,-0.03,0.03,3.7
1731946579.6586158,-0.03,0.03,3.7
1731946579.6608725,-0.03,0.03,3.7
1731946579.661698,-0.03,0.03,3.7
1731946579.664878,-0.03,0.03,3.7
1731946579.665349,-0.03,0.03,3.7
1731946579.6657116,-0.03,0.03,3.7
1731946579.667722,-0.03,0.03,3.7
1731946579.668142,-0.03,0.03,3.7
1731946579.6690521,-0.03,0.03,3.7
1731946579.6705387,-0.03,0.03,3.7
1731946579.6717079,-0.03,0.03,3.7
1731946579.676882,-0.03,0.03,3.7
1731946579.6779068,-0.03,0.03,3.7
1731946579.679351,-0.03,0.03,3.7
1731946579.681312,-0.03,0.03,3.7
1731946579.6820812,-0.03,0.03,3.7
1731946579.683094,-0.03,0.03,3.7
1731946579.684057,-0.03,0.03,3.7
1731946579.685674,-0.03,0.03,3.7
1731946579.6866417,-0.03,0.03,3.7
1731946579.687631,-0.03,0.03,3.7
1731946579.688611,-0.03,0.03,3.7
1731946579.6895208,-0.03,0.03,3.7
1731946579.6905081,-0.03,0.03,3.7
1731946579.6915064,-0.03,0.03,3.7
1731946579.6933243,-0.03,0.03,3.7
1731946579.6943023,-0.03,0.03,3.7
1731946579.6952736,-0.03,0.03,3.7
1731946579.6976995,-0.03,0.03,3.7
1731946579.6992624,-0.03,0.03,3.7
1731946579.6997278,-0.03,0.03,3.7
1731946579.700373,-0.03,0.03,3.7
1731946579.702062,-0.03,0.03,3.7
1731946579.703036,-0.03,0.03,3.7
1731946579.7043478,-0.03,0.03,3.7
1731946579.705217,-0.03,0.03,3.7
1731946579.7058814,-0.03,0.03,3.7
1731946579.706839,-0.03,0.03,3.7
1731946579.7077966,-0.03,0.03,3.7
1731946579.7087462,-0.03,0.03,3.7
1731946579.7104826,-0.03,0.03,3.7
1731946579.7114768,-0.03,0.03,3.7
1731946579.7124295,-0.03,0.03,3.7
1731946579.7133384,-0.03,0.03,3.7
1731946579.7174659,-0.03,0.03,3.7
1731946579.7194157,-0.03,0.03,3.7
1731946579.7207117,-0.03,0.03,3.7
1731946579.723273,-0.03,0.03,3.7
1731946579.7236955,-0.03,0.03,3.7
1731946579.724812,-0.03,0.03,3.7
1731946579.725827,-0.03,0.03,3.7
1731946579.7276173,-0.03,0.03,3.7
1731946579.7289202,-0.03,0.03,3.7
1731946579.730857,-0.03,0.03,3.7
1731946579.7318306,-0.03,0.03,3.7
1731946579.737139,-0.03,0.03,3.7
1731946579.7374425,-0.03,0.03,3.7
1731946579.7376301,-0.03,0.03,3.7
1731946579.7381597,-0.03,0.03,3.7
1731946579.739053,-0.03,0.03,3.7
1731946579.7397082,-0.03,0.03,3.7
1731946579.741337,-0.03,0.03,3.7
1731946579.7432482,-0.03,0.03,3.7
1731946579.7440448,-0.03,0.03,3.7
1731946579.745046,-0.03,0.03,3.7
1731946579.7460535,-0.03,0.03,3.7
1731946579.747081,-0.03,0.03,3.7
1731946579.7515562,-0.03,0.03,3.7
1731946579.751822,-0.03,0.03,3.7
1731946579.7520154,-0.03,0.03,3.7
1731946579.7543466,-0.03,0.03,3.7
1731946579.7551851,-0.03,0.03,3.7
1731946579.7560546,-0.03,0.03,3.7
1731946579.7570748,-0.03,0.03,3.7
1731946579.7578802,-0.03,0.03,3.7
1731946579.7594292,-0.03,0.03,3.7
1731946579.7606046,-0.03,0.03,3.7
1731946579.761565,-0.03,0.03,3.7
1731946579.7622678,-0.03,0.03,3.7
1731946579.76318,-0.03,0.03,3.7
1731946579.764092,-0.03,0.03,3.7
1731946579.765052,-0.03,0.03,3.7
1731946579.7659261,-0.03,0.03,3.7
1731946579.7674546,-0.03,0.03,3.7
1731946579.768337,-0.03,0.03,3.7
1731946579.7692003,-0.03,0.03,3.7
1731946579.7700064,-0.03,0.03,3.7
1731946579.7708077,-0.03,0.03,3.7
1731946579.7730215,-0.03,0.03,3.7
1731946579.7740633,-0.03,0.03,3.7
1731946579.775557,-0.03,0.03,3.7
1731946579.7825122,-0.03,0.03,3.7
1731946579.7828412,-0.03,0.03,3.7
1731946579.783022,-0.03,0.03,3.7
1731946579.7831893,-0.03,0.03,3.7
1731946579.7834074,-0.03,0.03,3.7
1731946579.7869692,-0.03,0.03,3.7
1731946579.7872546,-0.03,0.03,3.7
1731946579.787564,-0.03,0.03,3.7
1731946579.7877522,-0.03,0.03,3.7
1731946579.788026,-0.03,0.03,3.7
1731946579.7900574,-0.03,0.03,3.7
1731946579.7903824,-0.03,0.03,3.7
1731946579.790696,-0.03,0.03,3.7
1731946579.7913132,-0.03,0.03,3.7
1731946579.7918398,-0.03,0.03,3.7
1731946579.7930052,-0.03,0.03,3.7
1731946579.7939541,-0.03,0.03,3.7
1731946579.7945344,-0.03,0.03,3.7
1731946579.796611,-0.03,0.03,3.7
1731946579.7971938,-0.03,0.03,3.7
1731946579.7977824,-0.03,0.03,3.7
1731946579.7987285,-0.03,0.03,3.7
1731946579.800485,-0.03,0.03,3.7
1731946579.801356,-0.03,0.03,3.7
1731946579.801978,-0.03,0.03,3.7
1731946579.8025782,-0.03,0.03,3.7
1731946579.8031392,-0.03,0.03,3.7
1731946579.8038354,-0.03,0.03,3.7
1731946579.8044527,-0.03,0.03,3.7
1731946579.805391,-0.03,0.03,3.7
1731946579.8061523,-0.03,0.03,3.7
1731946579.808345,-0.03,0.03,3.7
1731946579.8086483,-0.03,0.03,3.7
1731946579.8088412,-0.03,0.03,3.7
1731946579.8097856,-0.03,0.03,3.7
1731946579.8104172,-0.03,0.03,3.7
1731946579.8110464,-0.03,0.03,3.7
1731946579.811695,-0.03,0.03,3.7
1731946579.8123474,-0.03,0.03,3.7
1731946579.8131592,-0.03,0.03,3.7
1731946579.8579032,-0.03,0.03,3.7
1731946579.878141,-0.03,0.03,3.7
1731946579.878434,-0.03,0.03,3.7
1731946579.8785818,-0.03,0.03,3.7
1731946579.8787346,-0.03,0.03,3.7
1731946579.878891,-0.03,0.03,3.7
1731946579.8790457,-0.03,0.03,3.7
1731946579.879206,-0.03,0.03,3.7
1731946579.8793554,-0.03,0.03,3.7
1731946579.8794482,-0.03,0.03,3.7
1731946579.879539,-0.03,0.03,3.7
1731946579.8813384,-0.03,0.04,3.7
1731946579.883202,-0.03,0.04,3.7
1731946579.884582,-0.03,0.04,3.7
1731946579.8864884,-0.03,0.04,3.7
1731946579.8880093,-0.03,0.04,3.7
1731946579.892322,-0.03,0.04,3.7
1731946579.8969405,-0.03,0.04,3.7
1731946579.8972802,-0.03,0.04,3.7
1731946579.9208539,-0.03,0.04,3.7
1731946579.9214067,-0.03,0.04,3.7
1731946579.9216225,-0.03,0.04,3.7
1731946579.921806,-0.03,0.04,3.7
1731946579.921981,-0.03,0.04,3.7
1731946579.922156,-0.03,0.04,3.7
1731946579.922325,-0.03,0.04,3.7
1731946579.922502,-0.03,0.04,3.7
1731946579.9227018,-0.03,0.04,3.7
1731946579.9228697,-0.03,0.04,3.7
1731946579.924768,-0.03,0.04,3.7
1731946579.9269016,-0.03,0.04,3.7
1731946579.9405606,-0.03,0.04,3.7
1731946579.940971,-0.03,0.04,3.7
1731946579.9411857,-0.03,0.04,3.7
1731946579.9413745,-0.03,0.04,3.7
1731946579.9468436,-0.03,0.04,3.7
1731946579.9472082,-0.03,0.04,3.7
1731946579.9474185,-0.03,0.04,3.7
1731946579.94838,-0.03,0.04,3.7
1731946579.9522402,-0.03,0.04,3.7
1731946579.9538589,-0.03,0.04,3.7
1731946579.95866,-0.03,0.04,3.7
1731946579.9606814,-0.03,0.04,3.7
1731946579.9647663,-0.03,0.04,3.7
1731946579.9675741,-0.03,0.04,3.7
1731946579.972935,-0.03,0.04,3.7
1731946579.973301,-0.03,0.04,3.7
1731946579.9735084,-0.03,0.04,3.7
1731946579.973695,-0.03,0.04,3.7
1731946579.9760103,-0.03,0.04,3.7
1731946579.9764216,-0.03,0.04,3.7
1731946579.9787052,-0.03,0.04,3.7
1731946579.980971,-0.03,0.04,3.7
1731946579.9856117,-0.03,0.04,3.7
1731946579.9860597,-0.03,0.04,3.7
1731946579.9953449,-0.03,0.04,3.7
1731946579.995721,-0.03,0.04,3.7
1731946579.9959247,-0.03,0.04,3.7
1731946579.9961262,-0.03,0.04,3.7
1731946579.9989316,-0.03,0.04,3.7
1731946580.0002427,-0.03,0.04,3.7
1731946580.0029297,-0.03,0.04,3.7
1731946580.0084522,-0.03,0.04,3.7
1731946580.0168002,-0.03,0.04,3.7
1731946580.021297,-0.03,0.04,3.7
1731946580.0228033,-0.03,0.04,3.7
1731946580.0237865,-0.03,0.04,3.7
1731946580.0252328,-0.03,0.04,3.7
1731946580.0255196,-0.03,0.04,3.7
1731946580.0332634,-0.03,0.04,3.7
1731946580.033646,-0.03,0.04,3.7
1731946580.0338376,-0.03,0.04,3.7
1731946580.0347192,-0.03,0.04,3.7
1731946580.0348177,-0.03,0.04,3.7
1731946580.0352883,-0.03,0.04,3.7
1731946580.0355692,-0.03,0.04,3.7
1731946580.0365312,-0.03,0.04,3.7
1731946580.0368936,-0.03,0.04,3.7
1731946580.0412714,-0.03,0.04,3.7
1731946580.0415866,-0.03,0.04,3.7
1731946580.041912,-0.03,0.04,3.7
1731946580.045358,-0.03,0.04,3.7
1731946580.0457757,-0.03,0.04,3.7
1731946580.046161,-0.03,0.04,3.7
1731946580.0468974,-0.03,0.04,3.7
1731946580.048488,-0.03,0.04,3.7
1731946580.0494971,-0.03,0.04,3.7
1731946580.0497034,-0.03,0.04,3.7
1731946580.050656,-0.03,0.04,3.7
1731946580.0530522,-0.03,0.04,3.7
1731946580.053418,-0.03,0.04,3.7
1731946580.053587,-0.03,0.04,3.7
1731946580.0537612,-0.03,0.04,3.7
1731946580.0545666,-0.03,0.04,3.7
1731946580.0555482,-0.03,0.04,3.7
1731946580.0567265,-0.03,0.04,3.7
1731946580.0578837,-0.03,0.04,3.7
1731946580.05869,-0.03,0.04,3.7
1731946580.05974,-0.03,0.04,3.7
1731946580.0611908,-0.03,0.04,3.7
1731946580.0620608,-0.03,0.04,3.7
1731946580.062476,-0.03,0.04,3.7
1731946580.0635269,-0.03,0.04,3.7
1731946580.1071951,-0.03,0.04,3.7
1731946580.1073487,-0.03,0.04,3.7
1731946580.107511,-0.03,0.04,3.7
1731946580.1076539,-0.03,0.04,3.7
1731946580.1088016,-0.03,0.04,3.7
1731946580.1089492,-0.03,0.04,3.7
1731946580.1090927,-0.03,0.04,3.7
1731946580.1092293,-0.03,0.04,3.7
1731946580.1093266,-0.03,0.04,3.7
1731946580.1094148,-0.03,0.04,3.7
1731946580.114661,-0.03,0.04,3.7
1731946580.114863,-0.03,0.04,3.7
1731946580.1150215,-0.03,0.04,3.7
1731946580.1151779,-0.03,0.04,3.7
1731946580.1153338,-0.03,0.04,3.7
1731946580.1154804,-0.03,0.04,3.7
1731946580.1156325,-0.03,0.04,3.7
1731946580.1157904,-0.03,0.04,3.7
1731946580.1174002,-0.03,0.04,3.7
1731946580.1175563,-0.03,0.04,3.7
1731946580.117704,-0.03,0.04,3.7
1731946580.1184824,-0.03,0.04,3.7
1731946580.1186504,-0.03,0.04,3.7
1731946580.1188009,-0.03,0.04,3.7
1731946580.1189556,-0.03,0.04,3.7
1731946580.1191084,-0.03,0.04,3.7
1731946580.1194232,-0.03,0.04,3.7
1731946580.123598,-0.03,0.04,3.7
1731946580.1238003,-0.03,0.04,3.7
1731946580.1239336,-0.03,0.04,3.7
1731946580.1240547,-0.03,0.04,3.7
1731946580.1241658,-0.03,0.04,3.7
1731946580.1243112,-0.03,0.04,3.7
1731946580.1269732,-0.03,0.04,3.7
1731946580.1271832,-0.03,0.04,3.7
1731946580.1310287,-0.03,0.04,3.7
1731946580.1319225,-0.03,0.04,3.7
1731946580.132144,-0.03,0.04,3.7
1731946580.132929,-0.03,0.04,3.7
1731946580.1330922,-0.03,0.04,3.7
1731946580.133828,-0.03,0.04,3.7
1731946580.1396856,-0.03,0.04,3.7
1731946580.1398077,-0.03,0.04,3.7
1731946580.1399033,-0.03,0.04,3.7
1731946580.14004,-0.03,0.04,3.7
1731946580.14013,-0.03,0.04,3.7
1731946580.1403165,-0.03,0.04,3.7
1731946580.1404183,-0.03,0.04,3.7
1731946580.1405015,-0.03,0.04,3.7
1731946580.1732423,-0.03,0.04,3.7
1731946580.1827712,-0.03,0.04,3.7
1731946580.1840014,-0.03,0.04,3.7
1731946580.1848392,-0.03,0.04,3.7
1731946580.1850705,-0.03,0.04,3.7
1731946580.1852975,-0.03,0.04,3.7
1731946580.1862316,-0.03,0.04,3.7
1731946580.1864138,-0.03,0.04,3.7
1731946580.186598,-0.03,0.04,3.7
1731946580.187522,-0.03,0.04,3.7
1731946580.1898634,-0.03,0.04,3.7
1731946580.1901908,-0.03,0.04,3.7
1731946580.1908002,-0.03,0.04,3.7
1731946580.1934404,-0.03,0.04,3.7
1731946580.1966145,-0.03,0.04,3.7
1731946580.200148,-0.03,0.04,3.7
1731946580.201912,-0.03,0.04,3.7
1731946580.203583,-0.03,0.04,3.7
1731946580.2052608,-0.03,0.04,3.7
1731946580.2072394,-0.03,0.04,3.7
1731946580.2089236,-0.03,0.04,3.7
1731946580.2117925,-0.03,0.04,3.7
1731946580.212891,-0.03,0.04,3.7
1731946580.2148557,-0.03,0.04,3.7
1731946580.218864,-0.03,0.04,3.7
1731946580.2223914,-0.03,0.04,3.7
1731946580.2242327,-0.03,0.04,3.7
1731946580.228247,-0.03,0.04,3.7
1731946580.230973,-0.03,0.04,3.7
1731946580.233895,-0.03,0.04,3.7
1731946580.2364104,-0.03,0.04,3.7
1731946580.237697,-0.03,0.04,3.7
1731946580.23943,-0.03,0.04,3.7
1731946580.2407374,-0.03,0.04,3.7
1731946580.242091,-0.03,0.04,3.7
1731946580.2434173,-0.03,0.04,3.7
1731946580.2447157,-0.03,0.04,3.7
1731946580.24653,-0.03,0.04,3.7
1731946580.2487257,-0.03,0.04,3.7
1731946580.2500954,-0.03,0.04,3.7
1731946580.2514033,-0.03,0.04,3.7
1731946580.2527616,-0.03,0.04,3.7
1731946580.2546303,-0.03,0.04,3.7
1731946580.2559807,-0.03,0.04,3.7
1731946580.2582405,-0.03,0.04,3.7
1731946580.2592096,-0.03,0.04,3.7
1731946580.2612193,-0.03,0.04,3.7
1731946580.2625186,-0.03,0.04,3.7
1731946580.263727,-0.03,0.04,3.7
1731946580.2653842,-0.03,0.04,3.7
1731946580.2668219,-0.03,0.04,3.7
1731946580.2679448,-0.03,0.04,3.7
1731946580.269358,-0.03,0.04,3.7
1731946580.2698197,-0.03,0.04,3.7
1731946580.2716281,-0.03,0.04,3.7
1731946580.2728968,-0.03,0.04,3.7
1731946580.2743616,-0.03,0.04,3.7
1731946580.2755766,-0.03,0.04,3.7
1731946580.2774544,-0.03,0.04,3.7
1731946580.278466,-0.03,0.04,3.7
1731946580.2806027,-0.03,0.04,3.7
1731946580.2822819,-0.03,0.04,3.7
1731946580.2829583,-0.03,0.04,3.7
1731946580.283948,-0.03,0.04,3.7
1731946580.2862787,-0.03,0.04,3.7
1731946580.2876601,-0.03,0.04,3.7
1731946580.2895849,-0.03,0.04,3.7
1731946580.2906134,-0.03,0.04,3.7
1731946580.2915561,-0.03,0.04,3.7
1731946580.291799,-0.03,0.04,3.7
1731946580.2938676,-0.03,0.04,3.7
1731946580.2952657,-0.03,0.04,3.7
1731946580.2984438,-0.03,0.04,3.7
1731946580.2992015,-0.03,0.04,3.7
1731946580.2995872,-0.03,0.04,3.7
1731946580.3006504,-0.03,0.04,3.7
1731946580.3013024,-0.03,0.04,3.7
1731946580.3020906,-0.03,0.04,3.7
1731946580.3028393,-0.03,0.04,3.7
1731946580.303852,-0.03,0.04,3.7
1731946580.3059533,-0.03,0.04,3.7
1731946580.3065846,-0.03,0.04,3.7
1731946580.3077369,-0.03,0.04,3.7
1731946580.308103,-0.03,0.04,3.7
1731946580.3086565,-0.03,0.04,3.7
1731946580.309563,-0.03,0.04,3.7
1731946580.3114994,-0.03,0.04,3.7
1731946580.3124213,-0.03,0.04,3.7
1731946580.313469,-0.03,0.04,3.7
1731946580.3187792,-0.03,0.04,3.7
1731946580.322171,-0.03,0.04,3.7
1731946580.3224206,-0.03,0.04,3.7
1731946580.322675,-0.03,0.04,3.7
1731946580.3229375,-0.03,0.04,3.7
1731946580.3230739,-0.03,0.04,3.7
1731946580.3231888,-0.03,0.04,3.7
1731946580.3237965,-0.03,0.04,3.7
1731946580.332167,-0.03,0.04,3.7
1731946580.334345,-0.03,0.04,3.7
1731946580.335459,-0.03,0.04,3.7
1731946580.3356364,-0.03,0.04,3.7
1731946580.3357365,-0.03,0.04,3.7
1731946580.3370676,-0.03,0.04,3.7
1731946580.3372304,-0.03,0.04,3.7
1731946580.3383014,-0.03,0.04,3.7
1731946580.3390577,-0.03,0.04,3.7
1731946580.3392396,-0.03,0.04,3.7
1731946580.3395972,-0.03,0.04,3.7
1731946580.3398695,-0.03,0.04,3.7
1731946580.340842,-0.03,0.04,3.7
1731946580.3414018,-0.03,0.04,3.7
1731946580.3418932,-0.03,0.04,3.7
1731946580.3426692,-0.03,0.04,3.7
1731946580.3434544,-0.03,0.04,3.7
1731946580.3439398,-0.03,0.04,3.7
1731946580.3449204,-0.03,0.04,3.7
1731946580.3456466,-0.03,0.04,3.7
1731946580.3462086,-0.03,0.04,3.7
1731946580.3491225,-0.03,0.04,3.7
1731946580.3499517,-0.03,0.04,3.7
1731946580.351306,-0.03,0.04,3.7
1731946580.3525183,-0.03,0.04,3.7
1731946580.3528445,-0.03,0.04,3.7
1731946580.3540761,-0.03,0.04,3.7
1731946580.354733,-0.03,0.04,3.7
1731946580.3558073,-0.03,0.04,3.7
1731946580.3604414,-0.03,0.04,3.7
1731946580.361378,-0.03,0.04,3.7
1731946580.361568,-0.03,0.04,3.7
1731946580.3617377,-0.03,0.04,3.7
1731946580.361905,-0.03,0.04,3.7
1731946580.3621771,-0.03,0.04,3.7
1731946580.363014,-0.03,0.04,3.7
1731946580.364249,-0.03,0.04,3.7
1731946580.3647256,-0.03,0.04,3.7
1731946580.3685353,-0.03,0.04,3.7
1731946580.3699553,-0.03,0.04,3.7
1731946580.3703513,-0.03,0.04,3.7
1731946580.370686,-0.03,0.04,3.7
1731946580.3710902,-0.03,0.04,3.7
1731946580.371581,-0.03,0.04,3.7
1731946580.3719482,-0.03,0.04,3.7
1731946580.3723955,-0.03,0.04,3.7
1731946580.372566,-0.03,0.04,3.7
1731946580.3731265,-0.03,0.04,3.7
1731946580.3756864,-0.03,0.04,3.7
1731946580.3761208,-0.03,0.04,3.7
1731946580.3763402,-0.03,0.04,3.7
1731946580.3794403,-0.03,0.04,3.7
1731946580.3798182,-0.03,0.04,3.7
1731946580.3803759,-0.03,0.04,3.7
1731946580.3808637,-0.03,0.04,3.7
1731946580.381338,-0.03,0.04,3.7
1731946580.3909361,-0.03,0.04,3.7
1731946580.392176,-0.03,0.04,3.7
1731946580.3924222,-0.03,0.04,3.7
1731946580.392619,-0.03,0.04,3.7
1731946580.3928056,-0.03,0.04,3.7
1731946580.3949616,-0.03,0.04,3.7
1731946580.3952546,-0.03,0.04,3.7
1731946580.3954318,-0.03,0.04,3.7
1731946580.3960152,-0.03,0.04,3.7
1731946580.3962724,-0.03,0.04,3.7
1731946580.3966472,-0.03,0.04,3.7
1731946580.3982785,-0.03,0.04,3.7
1731946580.398533,-0.03,0.04,3.7
1731946580.3987486,-0.03,0.04,3.7
1731946580.3989227,-0.03,0.04,3.7
1731946580.3990343,-0.03,0.04,3.7
1731946580.3991377,-0.03,0.04,3.7
1731946580.4003065,-0.03,0.04,3.7
1731946580.4011111,-0.03,0.04,3.7
1731946580.401849,-0.03,0.04,3.7
1731946580.4022276,-0.03,0.04,3.7
1731946580.4046354,-0.03,0.04,3.7
1731946580.4048004,-0.03,0.04,3.7
1731946580.4049554,-0.03,0.04,3.7
1731946580.4056323,-0.03,0.04,3.7
1731946580.4072685,-0.03,0.04,3.7
1731946580.4090405,-0.03,0.04,3.7
1731946580.4112515,-0.03,0.04,3.7
1731946580.4124913,-0.03,0.04,3.7
1731946580.4132147,-0.03,0.04,3.7
1731946580.4143472,-0.03,0.04,3.7
1731946580.4147167,-0.03,0.04,3.7
1731946580.417835,-0.03,0.04,3.7
1731946580.4181285,-0.03,0.04,3.7
1731946580.4195461,-0.03,0.04,3.7
1731946580.420265,-0.03,0.04,3.7
1731946580.4205763,-0.03,0.04,3.7
1731946580.4244165,-0.03,0.04,3.7
1731946580.4291277,-0.03,0.04,3.7
1731946580.4295151,-0.03,0.04,3.7
1731946580.4296577,-0.03,0.04,3.7
1731946580.4305184,-0.03,0.04,3.7
1731946580.4336088,-0.03,0.04,3.7
1731946580.433939,-0.03,0.04,3.7
1731946580.4346,-0.03,0.04,3.7
1731946580.4366777,-0.03,0.04,3.7
1731946580.439252,-0.03,0.04,3.7
1731946580.439467,-0.03,0.04,3.7
1731946580.440942,-0.03,0.04,3.7
1731946580.4423058,-0.03,0.04,3.7
1731946580.4444776,-0.03,0.04,3.7
1731946580.4447484,-0.03,0.04,3.7
1731946580.4452536,-0.03,0.04,3.7
1731946580.446471,-0.03,0.04,3.7
1731946580.4473007,-0.03,0.04,3.7
1731946580.449067,-0.03,0.04,3.7
1731946580.4511406,-0.03,0.04,3.7
1731946580.451518,-0.03,0.04,3.7
1731946580.45184,-0.03,0.04,3.7
1731946580.453707,-0.03,0.04,3.7
1731946580.4732337,-0.03,0.04,3.7
1731946580.4737499,-0.03,0.04,3.7
1731946580.4739594,-0.03,0.04,3.7
1731946580.4741418,-0.03,0.04,3.7
1731946580.4743145,-0.03,0.04,3.7
1731946580.4745195,-0.03,0.04,3.7
1731946580.4746907,-0.03,0.04,3.7
1731946580.474861,-0.03,0.04,3.7
1731946580.4751782,-0.03,0.04,3.7
1731946580.475372,-0.03,0.04,3.7
1731946580.5128634,-0.03,0.04,3.7
1731946580.5151265,-0.03,0.04,3.7
1731946580.5173614,-0.03,0.05,3.7
1731946580.5189004,-0.03,0.05,3.7
1731946580.5214188,-0.03,0.05,3.7
1731946580.5222974,-0.03,0.05,3.7
1731946580.522478,-0.03,0.05,3.7
1731946580.5262725,-0.03,0.05,3.7
1731946580.5275085,-0.03,0.05,3.7
1731946580.5295107,-0.03,0.05,3.7
1731946580.5357013,-0.03,0.05,3.7
1731946580.536479,-0.03,0.05,3.7
1731946580.53967,-0.03,0.05,3.7
1731946580.5399122,-0.03,0.05,3.7
1731946580.540125,-0.03,0.05,3.7
1731946580.540273,-0.03,0.05,3.7
1731946580.540432,-0.03,0.05,3.7
1731946580.5406098,-0.03,0.05,3.7
1731946580.5407863,-0.03,0.05,3.7
1731946580.5421817,-0.03,0.05,3.7
1731946580.5434546,-0.03,0.05,3.7
1731946580.5437171,-0.03,0.05,3.7
1731946580.5440378,-0.03,0.05,3.7
1731946580.5442257,-0.03,0.05,3.7
1731946580.5443974,-0.03,0.05,3.7
1731946580.5502923,-0.03,0.05,3.7
1731946580.55065,-0.03,0.05,3.7
1731946580.5509384,-0.03,0.05,3.7
1731946580.5511293,-0.03,0.05,3.7
1731946580.5525346,-0.03,0.05,3.7
1731946580.5527995,-0.03,0.05,3.7
1731946580.5540524,-0.03,0.05,3.7
1731946580.5558922,-0.03,0.05,3.7
1731946580.5562263,-0.03,0.05,3.7
1731946580.5575526,-0.03,0.05,3.7
1731946580.5664496,-0.03,0.05,3.7
1731946580.5816238,-0.03,0.05,3.7
1731946580.5830402,-0.03,0.05,3.7
1731946580.5835402,-0.03,0.05,3.7
1731946580.58378,-0.03,0.05,3.7
1731946580.5840013,-0.03,0.05,3.7
1731946580.5841994,-0.03,0.05,3.7
1731946580.584399,-0.03,0.05,3.7
1731946580.5845718,-0.03,0.05,3.7
1731946580.584746,-0.03,0.05,3.7
1731946580.5849192,-0.03,0.05,3.7
1731946580.5866842,-0.03,0.05,3.7
1731946580.587899,-0.03,0.05,3.7
1731946580.5889516,-0.03,0.05,3.7
1731946580.5906012,-0.03,0.05,3.7
1731946580.5950868,-0.03,0.05,3.7
1731946580.595451,-0.03,0.05,3.7
1731946580.5957687,-0.03,0.05,3.7
1731946580.5959818,-0.03,0.05,3.7
1731946580.5971754,-0.03,0.05,3.7
1731946580.601432,-0.03,0.05,3.7
1731946580.6018505,-0.03,0.05,3.7
1731946580.6020513,-0.03,0.05,3.7
1731946580.6022198,-0.03,0.05,3.7
1731946580.6023865,-0.03,0.05,3.7
1731946580.6025488,-0.03,0.05,3.7
1731946580.6027024,-0.03,0.05,3.7
1731946580.6028652,-0.03,0.05,3.7
1731946580.603009,-0.03,0.05,3.7
1731946580.6032848,-0.03,0.05,3.7
1731946580.6067379,-0.03,0.05,3.7
1731946580.6071193,-0.03,0.05,3.7
1731946580.6074533,-0.03,0.05,3.7
1731946580.607649,-0.03,0.05,3.7
1731946580.607813,-0.03,0.05,3.7
1731946580.6082006,-0.03,0.05,3.7
1731946580.6092818,-0.03,0.05,3.7
1731946580.610791,-0.03,0.05,3.7
1731946580.6114159,-0.03,0.05,3.7
1731946580.6139143,-0.03,0.05,3.7
1731946580.6143746,-0.03,0.05,3.7
1731946580.6177738,-0.03,0.05,3.7
1731946580.618086,-0.03,0.05,3.7
1731946580.6183293,-0.03,0.05,3.7
1731946580.6184473,-0.03,0.05,3.7
1731946580.6185403,-0.03,0.05,3.7
1731946580.6186268,-0.03,0.05,3.7
1731946580.620331,-0.03,0.05,3.7
1731946580.6223612,-0.03,0.05,3.7
1731946580.6254828,-0.03,0.05,3.7
1731946580.6261659,-0.03,0.05,3.7
1731946580.6267648,-0.03,0.05,3.7
1731946580.629875,-0.03,0.05,3.7
1731946580.6301825,-0.03,0.05,3.7
1731946580.631357,-0.03,0.05,3.7
1731946580.632479,-0.03,0.05,3.7
1731946580.6354122,-0.03,0.05,3.7
1731946580.6389427,-0.03,0.05,3.7
1731946580.6406462,-0.03,0.05,3.7
1731946580.6418188,-0.03,0.05,3.7
1731946580.6428933,-0.03,0.05,3.7
1731946580.644092,-0.03,0.05,3.7
1731946580.6454263,-0.03,0.05,3.7
1731946580.6530116,-0.03,0.05,3.7
1731946580.653368,-0.03,0.05,3.7
1731946580.6535127,-0.03,0.05,3.7
1731946580.6536288,-0.03,0.05,3.7
1731946580.6537347,-0.03,0.05,3.7
1731946580.653838,-0.03,0.05,3.7
1731946580.654006,-0.03,0.05,3.7
1731946580.6564453,-0.03,0.05,3.7
1731946580.6572616,-0.03,0.05,3.7
1731946580.657627,-0.03,0.05,3.7
1731946580.659586,-0.03,0.05,3.7
1731946580.660249,-0.03,0.05,3.7
1731946580.6606243,-0.03,0.05,3.7
1731946580.6608129,-0.03,0.05,3.7
1731946580.6615484,-0.03,0.05,3.7
1731946580.6632442,-0.03,0.05,3.7
1731946580.6645539,-0.03,0.05,3.7
1731946580.66726,-0.03,0.05,3.7
1731946580.668242,-0.03,0.05,3.7
1731946580.6704843,-0.03,0.05,3.7
1731946580.6723018,-0.03,0.05,3.7
1731946580.6726174,-0.03,0.05,3.7
1731946580.6740062,-0.03,0.05,3.7
1731946580.6752515,-0.03,0.05,3.7
1731946580.6794455,-0.03,0.05,3.7
1731946580.680951,-0.03,0.05,3.7
1731946580.6823556,-0.03,0.05,3.7
1731946580.685842,-0.03,0.05,3.7
1731946580.6870172,-0.03,0.05,3.7
1731946580.687957,-0.03,0.05,3.7
1731946580.6900764,-0.03,0.05,3.7
1731946580.6905339,-0.03,0.05,3.7
1731946580.6917477,-0.03,0.05,3.7
1731946580.692576,-0.03,0.05,3.7
1731946580.6937244,-0.03,0.05,3.7
1731946580.6971056,-0.03,0.05,3.7
1731946580.6984549,-0.03,0.05,3.7
1731946580.701495,-0.03,0.05,3.7
1731946580.7018774,-0.03,0.05,3.7
1731946580.7030196,-0.03,0.05,3.7
1731946580.707119,-0.03,0.05,3.7
1731946580.7073588,-0.03,0.05,3.7
1731946580.713049,-0.03,0.05,3.7
1731946580.7165189,-0.03,0.05,3.7
1731946580.7192047,-0.03,0.05,3.7
1731946580.7209346,-0.03,0.05,3.7
1731946580.7236934,-0.03,0.05,3.7
1731946580.7291682,-0.03,0.05,3.7
1731946580.7300045,-0.03,0.05,3.7
1731946580.730589,-0.03,0.05,3.7
1731946580.7323663,-0.03,0.05,3.7
1731946580.7359195,-0.03,0.05,3.7
1731946580.736397,-0.03,0.05,3.7
1731946580.7378283,-0.03,0.05,3.7
1731946580.7391326,-0.03,0.05,3.7
1731946580.7400734,-0.03,0.05,3.7
1731946580.7415202,-0.03,0.05,3.7
1731946580.7434642,-0.03,0.05,3.7
1731946580.743754,-0.03,0.05,3.7
1731946580.744076,-0.03,0.05,3.7
1731946580.7442563,-0.03,0.05,3.7
1731946580.7449334,-0.03,0.05,3.7
1731946580.7502944,-0.03,0.05,3.7
1731946580.7506459,-0.03,0.05,3.7
1731946580.750905,-0.03,0.05,3.7
1731946580.753616,-0.03,0.05,3.7
1731946580.7548141,-0.03,0.05,3.7
1731946580.7564518,-0.03,0.05,3.7
1731946580.7585654,-0.03,0.05,3.7
1731946580.7600381,-0.03,0.05,3.7
1731946580.76041,-0.03,0.05,3.7
1731946580.7618225,-0.03,0.05,3.7
1731946580.7634873,-0.03,0.05,3.7
1731946580.7645438,-0.03,0.05,3.7
1731946580.7671604,-0.03,0.05,3.7
1731946580.768496,-0.03,0.05,3.7
1731946580.7699153,-0.03,0.05,3.7
1731946580.7711668,-0.03,0.05,3.7
1731946580.7810073,-0.03,0.05,3.7
1731946580.7823405,-0.03,0.05,3.7
1731946580.7825696,-0.03,0.05,3.7
1731946580.7826788,-0.03,0.05,3.7
1731946580.7827723,-0.03,0.05,3.7
1731946580.7829967,-0.03,0.05,3.7
1731946580.7831142,-0.03,0.05,3.7
1731946580.7832186,-0.03,0.05,3.7
1731946580.7833078,-0.03,0.05,3.7
1731946580.7834167,-0.03,0.05,3.7
1731946580.784088,-0.03,0.05,3.7
1731946580.7850835,-0.03,0.05,3.7
1731946580.7893379,-0.03,0.05,3.7
1731946580.8362005,-0.03,0.05,3.7
1731946580.8395987,-0.03,0.05,3.7
1731946580.8409524,-0.03,0.05,3.7
1731946580.8433328,-0.03,0.05,3.7
1731946580.843942,-0.03,0.05,3.7
1731946580.8466725,-0.03,0.05,3.7
1731946580.8473125,-0.03,0.05,3.7
1731946580.849475,-0.03,0.05,3.7
1731946580.8551102,-0.03,0.05,3.7
1731946580.8566563,-0.03,0.05,3.7
1731946580.8572085,-0.03,0.05,3.7
1731946580.8584802,-0.03,0.05,3.7
1731946580.8604465,-0.03,0.05,3.7
1731946580.861931,-0.03,0.05,3.7
1731946580.8636851,-0.03,0.05,3.7
1731946580.8655086,-0.03,0.05,3.7
1731946580.8681917,-0.03,0.05,3.7
1731946580.8684258,-0.03,0.05,3.7
1731946580.8700671,-0.03,0.05,3.7
1731946580.8716633,-0.03,0.05,3.7
1731946580.8733604,-0.03,0.05,3.7
1731946580.8739069,-0.03,0.05,3.7
1731946580.8754337,-0.03,0.05,3.7
1731946580.8785536,-0.03,0.05,3.7
1731946580.8816125,-0.03,0.05,3.7
1731946580.8833556,-0.03,0.05,3.7
1731946580.88498,-0.03,0.05,3.7
1731946580.8867273,-0.03,0.05,3.7
1731946580.8894107,-0.03,0.05,3.7
1731946580.8897798,-0.03,0.05,3.7
1731946580.890254,-0.03,0.05,3.7
1731946580.890474,-0.03,0.05,3.7
1731946580.8906634,-0.03,0.05,3.7
1731946580.8909316,-0.03,0.05,3.7
1731946580.8910794,-0.03,0.05,3.7
1731946580.8912387,-0.03,0.05,3.7
1731946580.8914025,-0.03,0.05,3.7
1731946580.8915656,-0.03,0.05,3.7
1731946580.8950377,-0.03,0.05,3.7
1731946580.9025521,-0.03,0.05,3.7
1731946580.9030128,-0.03,0.05,3.7
1731946580.9031663,-0.03,0.05,3.7
1731946580.9033363,-0.03,0.05,3.7
1731946580.9034905,-0.03,0.05,3.7
1731946580.9036233,-0.03,0.05,3.7
1731946580.9037888,-0.03,0.05,3.7
1731946580.9039507,-0.03,0.05,3.7
1731946580.9041097,-0.03,0.05,3.7
1731946580.904245,-0.03,0.05,3.7
1731946580.9051208,-0.03,0.05,3.7
1731946580.9070687,-0.03,0.05,3.7
1731946580.9089513,-0.03,0.05,3.7
1731946580.909327,-0.03,0.05,3.7
1731946580.9149466,-0.03,0.05,3.7
1731946580.9152827,-0.03,0.05,3.7
1731946580.9154742,-0.03,0.05,3.7
1731946580.915652,-0.03,0.05,3.7
1731946580.9157593,-0.03,0.05,3.7
1731946580.917745,-0.03,0.05,3.7
1731946580.9182374,-0.03,0.05,3.7
1731946580.9184387,-0.03,0.05,3.7
1731946580.9223142,-0.03,0.05,3.7
1731946580.9229546,-0.03,0.05,3.7
1731946580.9257774,-0.03,0.05,3.7
1731946580.9260974,-0.03,0.05,3.7
1731946580.9262936,-0.03,0.05,3.7
1731946580.9289663,-0.03,0.05,3.7
1731946580.9334562,-0.03,0.05,3.7
1731946580.9353342,-0.03,0.05,3.7
1731946580.9381676,-0.03,0.05,3.7
1731946580.9384148,-0.03,0.05,3.7
1731946580.9385962,-0.03,0.05,3.7
1731946580.938881,-0.03,0.05,3.7
1731946580.9390635,-0.03,0.05,3.7
1731946580.9393718,-0.03,0.05,3.7
1731946580.9395082,-0.03,0.05,3.7
1731946580.9396613,-0.03,0.05,3.7
1731946580.9398217,-0.03,0.05,3.7
1731946580.9400833,-0.03,0.05,3.7
1731946580.9418063,-0.03,0.05,3.7
1731946580.942588,-0.03,0.05,3.7
1731946580.9442086,-0.03,0.05,3.7
1731946580.9472628,-0.03,0.05,3.7
1731946580.947723,-0.03,0.05,3.7
1731946580.9482987,-0.03,0.05,3.7
1731946580.9486384,-0.03,0.05,3.7
1731946580.9500005,-0.03,0.05,3.7
1731946580.9503217,-0.03,0.05,3.7
1731946580.9514744,-0.03,0.05,3.7
1731946580.9528496,-0.03,0.05,3.7
1731946580.9531062,-0.03,0.05,3.7
1731946580.954346,-0.03,0.05,3.7
1731946580.955367,-0.03,0.05,3.7
1731946580.9564393,-0.03,0.05,3.7
1731946580.957045,-0.03,0.05,3.7
1731946580.9588041,-0.03,0.05,3.7
1731946580.9594178,-0.03,0.05,3.7
1731946580.9600477,-0.03,0.05,3.7
1731946580.9606538,-0.03,0.05,3.7
1731946580.9611418,-0.03,0.05,3.7
1731946580.9616127,-0.03,0.05,3.7
1731946580.9621367,-0.03,0.05,3.7
1731946580.9632099,-0.03,0.05,3.7
1731946580.9641554,-0.03,0.05,3.7
1731946580.9647133,-0.03,0.05,3.7
1731946580.9666839,-0.03,0.05,3.7
1731946580.9670398,-0.03,0.05,3.7
1731946580.967392,-0.03,0.05,3.7
1731946580.9685266,-0.03,0.05,3.7
1731946580.9693155,-0.03,0.05,3.7
1731946580.9698577,-0.03,0.05,3.7
1731946580.9712374,-0.03,0.05,3.7
1731946580.9722452,-0.03,0.05,3.7
1731946580.9740896,-0.03,0.05,3.7
1731946580.974391,-0.03,0.05,3.7
1731946580.9749389,-0.03,0.05,3.7
1731946580.976129,-0.03,0.05,3.7
1731946580.9795823,-0.03,0.05,3.7
1731946580.981331,-0.03,0.05,3.7
1731946580.9821584,-0.03,0.05,3.7
1731946580.982799,-0.03,0.05,3.7
1731946580.9833124,-0.03,0.05,3.7
1731946580.9835663,-0.03,0.05,3.7
1731946580.9857292,-0.03,0.05,3.7
1731946580.9865158,-0.03,0.05,3.7
1731946580.9872704,-0.03,0.05,3.7
1731946580.9893956,-0.03,0.05,3.7
1731946580.989853,-0.03,0.05,3.7
1731946580.9901836,-0.03,0.05,3.7
1731946580.9906833,-0.03,0.05,3.7
1731946580.992032,-0.03,0.05,3.7
1731946580.9925022,-0.03,0.05,3.7
1731946580.993541,-0.03,0.05,3.7
1731946580.9946995,-0.03,0.05,3.7
1731946580.9952114,-0.03,0.05,3.7
1731946580.995554,-0.03,0.05,3.7
1731946580.9960618,-0.03,0.05,3.7
1731946580.99773,-0.03,0.05,3.7
1731946580.9986165,-0.03,0.05,3.7
1731946580.99959,-0.03,0.05,3.7
1731946581.0001965,-0.03,0.05,3.7
1731946581.002011,-0.03,0.05,3.7
1731946581.002479,-0.03,0.05,3.7
1731946581.0033386,-0.03,0.05,3.7
1731946581.003686,-0.03,0.05,3.7
1731946581.0049524,-0.03,0.05,3.7
1731946581.006151,-0.03,0.05,3.7
1731946581.0075464,-0.03,0.05,3.7
1731946581.00801,-0.03,0.05,3.7
1731946581.0086713,-0.03,0.05,3.7
1731946581.0095332,-0.03,0.05,3.7
1731946581.0115705,-0.03,0.05,3.7
1731946581.0118785,-0.03,0.05,3.7
1731946581.0138698,-0.03,0.05,3.7
1731946581.0144308,-0.03,0.05,3.7
1731946581.0149417,-0.03,0.05,3.7
1731946581.018675,-0.03,0.05,3.7
1731946581.0189788,-0.03,0.05,3.7
1731946581.0194988,-0.03,0.05,3.7
1731946581.019717,-0.03,0.05,3.7
1731946581.0201514,-0.03,0.05,3.7
1731946581.020494,-0.03,0.05,3.7
1731946581.0220034,-0.03,0.05,3.7
1731946581.0226872,-0.03,0.05,3.7
1731946581.0233164,-0.03,0.05,3.7
1731946581.0242856,-0.03,0.05,3.7
1731946581.0250678,-0.03,0.05,3.7
1731946581.0263052,-0.03,0.05,3.7
1731946581.0273938,-0.03,0.05,3.7
1731946581.0283403,-0.03,0.05,3.7
1731946581.0295894,-0.03,0.05,3.7
1731946581.0305505,-0.03,0.05,3.7
1731946581.031708,-0.03,0.05,3.7
1731946581.0329819,-0.03,0.05,3.7
1731946581.033243,-0.03,0.05,3.7
1731946581.0339632,-0.03,0.05,3.7
1731946581.034806,-0.03,0.05,3.7
1731946581.0354908,-0.03,0.05,3.7
1731946581.0362177,-0.03,0.05,3.7
1731946581.0370448,-0.03,0.05,3.7
1731946581.0382276,-0.03,0.05,3.7
1731946581.038543,-0.03,0.05,3.7
1731946581.0400517,-0.03,0.05,3.7
1731946581.0409276,-0.03,0.05,3.7
1731946581.0417726,-0.03,0.05,3.7
1731946581.0426497,-0.03,0.05,3.7
1731946581.0435991,-0.03,0.05,3.7
1731946581.0445504,-0.03,0.05,3.7
1731946581.047375,-0.03,0.05,3.7
1731946581.04913,-0.03,0.05,3.7
1731946581.0495012,-0.03,0.05,3.7
1731946581.0502646,-0.03,0.05,3.7
1731946581.054304,-0.03,0.05,3.7
1731946581.055171,-0.03,0.05,3.7
1731946581.0560317,-0.03,0.05,3.7
1731946581.057746,-0.03,0.05,3.7
1731946581.0586004,-0.03,0.05,3.7
1731946581.0594575,-0.03,0.05,3.7
1731946581.0603282,-0.03,0.05,3.7
1731946581.061868,-0.03,0.05,3.7
1731946581.0627253,-0.03,0.05,3.7
1731946581.0635834,-0.03,0.05,3.7
1731946581.0644438,-0.03,0.05,3.7
1731946581.0653086,-0.03,0.05,3.7
1731946581.0664804,-0.03,0.05,3.7
1731946581.06803,-0.03,0.05,3.7
1731946581.0685875,-0.03,0.05,3.7
1731946581.0695038,-0.03,0.05,3.7
1731946581.0713716,-0.03,0.05,3.7
1731946581.0734384,-0.03,0.05,3.7
1731946581.0745976,-0.03,0.05,3.7
1731946581.076973,-0.03,0.05,3.7
1731946581.0809581,-0.03,0.05,3.7
1731946581.0833745,-0.03,0.05,3.7
1731946581.0844774,-0.03,0.05,3.7
1731946581.084709,-0.03,0.05,3.7
1731946581.0858192,-0.03,0.05,3.7
1731946581.0870435,-0.03,0.05,3.7
1731946581.0874617,-0.03,0.05,3.7
1731946581.0893152,-0.03,0.05,3.7
1731946581.092565,-0.03,0.05,3.7
1731946581.0935786,-0.03,0.05,3.7
1731946581.0945652,-0.03,0.05,3.7
1731946581.0955398,-0.03,0.05,3.7
1731946581.096569,-0.03,0.05,3.7
1731946581.097568,-0.03,0.05,3.7
1731946581.0986052,-0.03,0.05,3.7
1731946581.1002643,-0.03,0.05,3.7
1731946581.1012886,-0.03,0.05,3.7
1731946581.1022823,-0.03,0.05,3.7
1731946581.103261,-0.03,0.05,3.7
1731946581.104293,-0.03,0.05,3.7
1731946581.1053295,-0.03,0.05,3.7
1731946581.1075027,-0.03,0.05,3.7
1731946581.1120753,-0.03,0.05,3.7
1731946581.113961,-0.03,0.05,3.7
1731946581.1146784,-0.03,0.05,3.7
1731946581.1220326,-0.03,0.05,3.7
1731946581.1227446,-0.03,0.05,3.7
1731946581.1229606,-0.03,0.05,3.7
1731946581.12315,-0.03,0.05,3.7
1731946581.1237514,-0.03,0.05,3.7
1731946581.1240768,-0.03,0.05,3.7
1731946581.1249201,-0.03,0.05,3.7
1731946581.1289024,-0.03,0.05,3.7
1731946581.1301615,-0.03,0.05,3.7
1731946581.130785,-0.03,0.05,3.7
1731946581.1309881,-0.03,0.05,3.7
1731946581.1312876,-0.03,0.05,3.7
1731946581.1322312,-0.03,0.05,3.7
1731946581.1332588,-0.03,0.05,3.7
1731946581.1351116,-0.03,0.05,3.7
1731946581.1361668,-0.03,0.05,3.7
1731946581.1371737,-0.03,0.05,3.7
1731946581.138176,-0.03,0.05,3.7
1731946581.1391962,-0.03,0.05,3.7
1731946581.140217,-0.03,0.05,3.7
1731946581.1412153,-0.03,0.05,3.7
1731946581.1448522,-0.03,0.05,3.7
1731946581.145879,-0.03,0.05,3.7
1731946581.1471934,-0.03,0.05,3.7
1731946581.1478922,-0.03,0.05,3.7
1731946581.1969056,-0.03,0.05,3.7
1731946581.200357,-0.03,0.06,3.7
1731946581.2013407,-0.03,0.06,3.7
1731946581.2022982,-0.03,0.06,3.7
1731946581.2032506,-0.03,0.06,3.7
1731946581.2042434,-0.03,0.06,3.7
1731946581.205244,-0.03,0.06,3.7
1731946581.2064843,-0.03,0.06,3.7
1731946581.2086048,-0.03,0.06,3.7
1731946581.2096462,-0.03,0.06,3.7
1731946581.2106087,-0.03,0.06,3.7
1731946581.2137887,-0.03,0.06,3.7
1731946581.2175782,-0.03,0.06,3.7
1731946581.2190273,-0.03,0.06,3.7
1731946581.2192721,-0.03,0.06,3.7
1731946581.2195218,-0.03,0.06,3.7
1731946581.2201664,-0.03,0.06,3.7
1731946581.2216458,-0.03,0.06,3.7
1731946581.2218912,-0.03,0.06,3.7
1731946581.2224715,-0.03,0.06,3.7
1731946581.223209,-0.03,0.06,3.7
1731946581.2240665,-0.03,0.06,3.7
1731946581.2302973,-0.03,0.06,3.7
1731946581.2337973,-0.03,0.06,3.7
1731946581.2340643,-0.03,0.06,3.7
1731946581.234401,-0.03,0.06,3.7
1731946581.2347696,-0.03,0.06,3.7
1731946581.234985,-0.03,0.06,3.7
1731946581.2352896,-0.03,0.06,3.7
1731946581.2356005,-0.03,0.06,3.7
1731946581.2378817,-0.03,0.06,3.7
1731946581.2386568,-0.03,0.06,3.7
1731946581.2395058,-0.03,0.06,3.7
1731946581.2410564,-0.03,0.06,3.7
1731946581.2420924,-0.03,0.06,3.7
1731946581.243041,-0.03,0.06,3.7
1731946581.243996,-0.03,0.06,3.7
1731946581.245262,-0.03,0.06,3.7
1731946581.2465584,-0.03,0.06,3.7
1731946581.247625,-0.03,0.06,3.7
1731946581.2491405,-0.03,0.06,3.7
1731946581.2500136,-0.03,0.06,3.7
1731946581.2508578,-0.03,0.06,3.7
1731946581.2523577,-0.03,0.06,3.7
1731946581.2532318,-0.03,0.06,3.7
1731946581.254081,-0.03,0.06,3.7
1731946581.254951,-0.03,0.06,3.7
1731946581.2564893,-0.03,0.06,3.7
1731946581.2573519,-0.03,0.06,3.7
1731946581.2582107,-0.03,0.06,3.7
1731946581.2590475,-0.03,0.06,3.7
1731946581.2598948,-0.03,0.06,3.7
1731946581.2607594,-0.03,0.06,3.7
1731946581.261609,-0.03,0.06,3.7
1731946581.2640743,-0.03,0.06,3.7
1731946581.2644136,-0.03,0.06,3.7
1731946581.2652345,-0.03,0.06,3.7
1731946581.2667956,-0.03,0.06,3.7
1731946581.2672486,-0.03,0.06,3.7
1731946581.2679834,-0.03,0.06,3.7
1731946581.2688246,-0.03,0.06,3.7
1731946581.2703028,-0.03,0.06,3.7
1731946581.271217,-0.03,0.06,3.7
1731946581.2721038,-0.03,0.06,3.7
1731946581.2729795,-0.03,0.06,3.7
1731946581.2738557,-0.03,0.06,3.7
1731946581.2747195,-0.03,0.06,3.7
1731946581.2789862,-0.03,0.06,3.7
1731946581.2816074,-0.03,0.06,3.7
1731946581.2822278,-0.03,0.06,3.7
1731946581.2825284,-0.03,0.06,3.7
1731946581.2828546,-0.03,0.06,3.7
1731946581.2835412,-0.03,0.06,3.7
1731946581.286344,-0.03,0.06,3.7
1731946581.2866604,-0.03,0.06,3.7
1731946581.2875223,-0.03,0.06,3.7
1731946581.2884116,-0.03,0.06,3.7
1731946581.2892845,-0.03,0.06,3.7
1731946581.2901673,-0.03,0.06,3.7
1731946581.2910497,-0.03,0.06,3.7
1731946581.2925894,-0.03,0.06,3.7
1731946581.293308,-0.03,0.06,3.7
1731946581.294626,-0.03,0.06,3.7
1731946581.2949302,-0.03,0.06,3.7
1731946581.2963102,-0.03,0.06,3.7
1731946581.2997463,-0.03,0.06,3.7
1731946581.300492,-0.03,0.06,3.7
1731946581.3019443,-0.03,0.06,3.7
1731946581.3026695,-0.03,0.06,3.7
1731946581.3033936,-0.03,0.06,3.7
1731946581.3041186,-0.03,0.06,3.7
1731946581.3048484,-0.03,0.06,3.7
1731946581.3066487,-0.03,0.06,3.7
1731946581.3071167,-0.03,0.06,3.7
1731946581.3090749,-0.03,0.06,3.7
1731946581.3098285,-0.03,0.06,3.7
1731946581.310532,-0.03,0.06,3.7
1731946581.3115675,-0.03,0.06,3.7
1731946581.3123395,-0.03,0.06,3.7
1731946581.3126714,-0.03,0.06,3.7
1731946581.3135357,-0.03,0.06,3.7
1731946581.315118,-0.03,0.06,3.7
1731946581.3165898,-0.03,0.06,3.7
1731946581.3179255,-0.03,0.06,3.7
1731946581.3188002,-0.03,0.06,3.7
1731946581.3196652,-0.03,0.06,3.7
1731946581.3216517,-0.03,0.06,3.7
1731946581.3228176,-0.03,0.06,3.7
1731946581.3241277,-0.03,0.06,3.7
1731946581.330368,-0.03,0.06,3.7
1731946581.3314688,-0.03,0.06,3.7
1731946581.3318453,-0.03,0.06,3.7
1731946581.332052,-0.03,0.06,3.7
1731946581.332219,-0.03,0.06,3.7
1731946581.3356164,-0.03,0.06,3.7
1731946581.3388872,-0.03,0.06,3.7
1731946581.339763,-0.03,0.06,3.7
1731946581.340156,-0.03,0.06,3.7
1731946581.340389,-0.03,0.06,3.7
1731946581.3409393,-0.03,0.06,3.7
1731946581.3424592,-0.03,0.06,3.7
1731946581.3437674,-0.03,0.06,3.7
1731946581.344921,-0.03,0.06,3.7
1731946581.346463,-0.03,0.06,3.7
1731946581.3472176,-0.03,0.06,3.7
1731946581.3479483,-0.03,0.06,3.7
1731946581.3576546,-0.03,0.06,3.7
1731946581.3582206,-0.03,0.06,3.7
1731946581.3584208,-0.03,0.06,3.7
1731946581.3585896,-0.03,0.06,3.7
1731946581.358756,-0.03,0.06,3.7
1731946581.3589456,-0.03,0.06,3.7
1731946581.3591163,-0.03,0.06,3.7
1731946581.359273,-0.03,0.06,3.7
1731946581.3597977,-0.03,0.06,3.7
1731946581.3602858,-0.03,0.06,3.7
1731946581.3681927,-0.03,0.06,3.7
1731946581.368603,-0.03,0.06,3.7
1731946581.3734553,-0.03,0.06,3.7
1731946581.373671,-0.03,0.06,3.7
1731946581.373858,-0.03,0.06,3.7
1731946581.3740373,-0.03,0.06,3.7
1731946581.374217,-0.03,0.06,3.7
1731946581.3743947,-0.03,0.06,3.7
1731946581.3745615,-0.03,0.06,3.7
1731946581.3747287,-0.03,0.06,3.7
1731946581.3750546,-0.03,0.06,3.7
1731946581.37525,-0.03,0.06,3.7
1731946581.3755257,-0.03,0.06,3.7
1731946581.375804,-0.03,0.06,3.7
1731946581.3769825,-0.03,0.06,3.7
1731946581.3814876,-0.03,0.06,3.7
1731946581.3818552,-0.03,0.06,3.7
1731946581.3820782,-0.03,0.06,3.7
1731946581.382271,-0.03,0.06,3.7
1731946581.3825595,-0.03,0.06,3.7
1731946581.38478,-0.03,0.06,3.7
1731946581.385098,-0.03,0.06,3.7
1731946581.3854,-0.03,0.06,3.7
1731946581.3882315,-0.03,0.06,3.7
1731946581.388543,-0.03,0.06,3.7
1731946581.3891518,-0.03,0.06,3.7
1731946581.389994,-0.03,0.06,3.7
1731946581.3908231,-0.03,0.06,3.7
1731946581.3916602,-0.03,0.06,3.7
1731946581.3931692,-0.03,0.06,3.7
1731946581.3934858,-0.03,0.06,3.7
1731946581.394988,-0.03,0.06,3.7
1731946581.395817,-0.03,0.06,3.7
1731946581.3966463,-0.03,0.06,3.7
1731946581.3975132,-0.03,0.06,3.7
1731946581.3983433,-0.03,0.06,3.7
1731946581.3991754,-0.03,0.06,3.7
1731946581.4000516,-0.03,0.06,3.7
1731946581.4015267,-0.03,0.06,3.7
1731946581.4024346,-0.03,0.06,3.7
1731946581.403273,-0.03,0.06,3.7
1731946581.4043088,-0.03,0.06,3.7
1731946581.4088728,-0.03,0.06,3.7
1731946581.4131,-0.03,0.06,3.7
1731946581.4140658,-0.03,0.06,3.7
1731946581.4142056,-0.03,0.06,3.7
1731946581.414311,-0.03,0.06,3.7
1731946581.4144058,-0.03,0.06,3.7
1731946581.41763,-0.03,0.06,3.7
1731946581.4187202,-0.03,0.06,3.7
1731946581.4194858,-0.03,0.06,3.7
1731946581.420204,-0.03,0.06,3.7
1731946581.4243515,-0.03,0.06,3.7
1731946581.4245725,-0.03,0.06,3.7
1731946581.4246764,-0.03,0.06,3.7
1731946581.4606004,-0.03,0.06,3.7
1731946581.4610803,-0.03,0.06,3.7
1731946581.4618692,-0.03,0.06,3.7
1731946581.4620965,-0.03,0.06,3.7
1731946581.4622529,-0.03,0.06,3.7
1731946581.4624193,-0.03,0.06,3.7
1731946581.494912,-0.03,0.06,3.7
1731946581.4973977,-0.03,0.06,3.7
1731946581.497722,-0.03,0.06,3.7
1731946581.498289,-0.03,0.06,3.7
1731946581.498925,-0.03,0.06,3.7
1731946581.4990702,-0.03,0.06,3.7
1731946581.4991875,-0.03,0.06,3.7
1731946581.499331,-0.03,0.06,3.7
1731946581.5003068,-0.03,0.06,3.7
1731946581.5006976,-0.03,0.06,3.7
1731946581.500919,-0.03,0.06,3.7
1731946581.5014012,-0.03,0.06,3.7
1731946581.5035903,-0.03,0.06,3.7
1731946581.5039415,-0.03,0.06,3.7
1731946581.504229,-0.03,0.06,3.7
1731946581.5044715,-0.03,0.06,3.7
1731946581.504958,-0.03,0.06,3.7
1731946581.508377,-0.03,0.06,3.7
1731946581.5090365,-0.03,0.06,3.7
1731946581.510582,-0.03,0.06,3.7
1731946581.514227,-0.03,0.06,3.7
1731946581.514586,-0.03,0.06,3.7
1731946581.5190322,-0.03,0.06,3.7
1731946581.5200408,-0.03,0.06,3.7
1731946581.522324,-0.03,0.06,3.7
1731946581.5232341,-0.03,0.06,3.7
1731946581.5241675,-0.03,0.06,3.7
1731946581.5254676,-0.03,0.06,3.7
1731946581.5286822,-0.03,0.06,3.7
1731946581.5304337,-0.03,0.06,3.7
1731946581.531783,-0.03,0.06,3.7
1731946581.5334158,-0.03,0.06,3.7
1731946581.537833,-0.03,0.06,3.7
1731946581.5384521,-0.03,0.06,3.7
1731946581.5387383,-0.03,0.06,3.7
1731946581.5398962,-0.03,0.06,3.7
1731946581.5409741,-0.03,0.06,3.7
1731946581.5428815,-0.03,0.06,3.7
1731946581.5438302,-0.03,0.06,3.7
1731946581.548034,-0.03,0.06,3.7
1731946581.5489194,-0.03,0.06,3.7
1731946581.5518036,-0.03,0.06,3.7
1731946581.5540411,-0.03,0.06,3.7
1731946581.5564024,-0.03,0.06,3.7
1731946581.557335,-0.03,0.06,3.7
1731946581.5584166,-0.03,0.06,3.7
1731946581.5587063,-0.03,0.06,3.7
1731946581.559281,-0.03,0.06,3.7
1731946581.5601482,-0.03,0.06,3.7
1731946581.561284,-0.03,0.06,3.7
1731946581.5625067,-0.03,0.06,3.7
1731946581.5636654,-0.03,0.06,3.7
1731946581.5646474,-0.03,0.06,3.7
1731946581.566284,-0.03,0.06,3.7
1731946581.5670512,-0.03,0.06,3.7
1731946581.5677898,-0.03,0.06,3.7
1731946581.5737612,-0.03,0.06,3.7
1731946581.574367,-0.03,0.06,3.7
1731946581.575581,-0.03,0.06,3.7
1731946581.5776265,-0.03,0.06,3.7
1731946581.5788107,-0.03,0.06,3.7
1731946581.5793998,-0.03,0.06,3.7
1731946581.580435,-0.03,0.06,3.7
1731946581.581991,-0.03,0.06,3.7
1731946581.5836267,-0.03,0.06,3.7
1731946581.5854254,-0.03,0.06,3.7
1731946581.589303,-0.03,0.06,3.7
1731946581.5904002,-0.03,0.06,3.7
1731946581.5935128,-0.03,0.06,3.7
1731946581.594086,-0.03,0.06,3.7
1731946581.595395,-0.03,0.06,3.7
1731946581.5975225,-0.03,0.06,3.7
1731946581.6014922,-0.03,0.06,3.7
1731946581.601705,-0.03,0.06,3.7
1731946581.6034377,-0.03,0.06,3.7
1731946581.6049805,-0.03,0.06,3.7
1731946581.6064599,-0.03,0.06,3.7
1731946581.6074874,-0.03,0.06,3.7
1731946581.6100926,-0.03,0.06,3.7
1731946581.6127954,-0.03,0.06,3.7
1731946581.6130962,-0.03,0.06,3.7
1731946581.61337,-0.03,0.06,3.7
1731946581.6143572,-0.03,0.06,3.7
1731946581.6163988,-0.03,0.06,3.7
1731946581.6192658,-0.03,0.06,3.7
1731946581.6232834,-0.03,0.06,3.7
1731946581.6259522,-0.03,0.06,3.7
1731946581.6323807,-0.03,0.06,3.7
1731946581.6363394,-0.03,0.06,3.7
1731946581.6406412,-0.03,0.06,3.7
1731946581.6411262,-0.03,0.06,3.7
1731946581.6413574,-0.03,0.06,3.7
1731946581.6428938,-0.03,0.06,3.7
1731946581.6441548,-0.03,0.06,3.7
1731946581.6444366,-0.03,0.06,3.7
1731946581.648723,-0.03,0.06,3.7
1731946581.649123,-0.03,0.06,3.7
1731946581.6504872,-0.03,0.06,3.7
1731946581.652988,-0.03,0.06,3.7
1731946581.6540601,-0.03,0.06,3.7
1731946581.6551385,-0.03,0.06,3.7
1731946581.6566055,-0.03,0.06,3.7
1731946581.6585221,-0.03,0.06,3.7
1731946581.6660593,-0.03,0.06,3.7
1731946581.669428,-0.03,0.06,3.7
1731946581.6702642,-0.03,0.06,3.7
1731946581.6718473,-0.03,0.06,3.7
1731946581.6721456,-0.03,0.06,3.7
1731946581.6739373,-0.03,0.06,3.7
1731946581.6748586,-0.03,0.06,3.7
1731946581.681026,-0.03,0.06,3.7
1731946581.6814532,-0.03,0.06,3.7
1731946581.6821854,-0.03,0.06,3.7
1731946581.683514,-0.03,0.06,3.7
1731946581.6845632,-0.03,0.06,3.7
1731946581.6866624,-0.03,0.06,3.7
1731946581.6881874,-0.03,0.06,3.7
1731946581.6886127,-0.03,0.06,3.7
1731946581.690005,-0.03,0.06,3.7
1731946581.69161,-0.03,0.06,3.7
1731946581.692003,-0.03,0.06,3.7
1731946581.6929336,-0.03,0.06,3.7
1731946581.6938052,-0.03,0.06,3.7
1731946581.6947148,-0.03,0.06,3.7
1731946581.695628,-0.03,0.06,3.7
1731946581.6970344,-0.03,0.06,3.7
1731946581.6980128,-0.03,0.06,3.7
1731946581.6989012,-0.03,0.06,3.7
1731946581.6997576,-0.03,0.06,3.7
1731946581.7006662,-0.03,0.06,3.7
1731946581.701556,-0.03,0.06,3.7
1731946581.7024307,-0.03,0.06,3.7
1731946581.703817,-0.03,0.06,3.7
1731946581.704732,-0.03,0.06,3.7
1731946581.7056484,-0.03,0.06,3.7
1731946581.7080598,-0.03,0.06,3.7
1731946581.708508,-0.03,0.06,3.7
1731946581.708928,-0.03,0.06,3.7
1731946581.710665,-0.03,0.06,3.7
1731946581.710937,-0.03,0.06,3.7
1731946581.7120755,-0.03,0.06,3.7
1731946581.7129655,-0.03,0.06,3.7
1731946581.7138593,-0.03,0.06,3.7
1731946581.715481,-0.03,0.06,3.7
1731946581.7157757,-0.03,0.06,3.7
1731946581.7168317,-0.03,0.06,3.7
1731946581.71776,-0.03,0.06,3.7
1731946581.7186606,-0.03,0.06,3.7
1731946581.7201796,-0.03,0.06,3.7
1731946581.7205741,-0.03,0.06,3.7
1731946581.7214823,-0.03,0.06,3.7
1731946581.722771,-0.03,0.06,3.7
1731946581.724161,-0.03,0.06,3.7
1731946581.7288926,-0.03,0.06,3.7
1731946581.7292237,-0.03,0.06,3.7
1731946581.7295077,-0.03,0.06,3.7
1731946581.7299402,-0.03,0.06,3.7
1731946581.7305515,-0.03,0.06,3.7
1731946581.731487,-0.03,0.06,3.7
1731946581.7330222,-0.03,0.06,3.7
1731946581.7339735,-0.03,0.06,3.7
1731946581.7348833,-0.03,0.06,3.7
1731946581.7357948,-0.03,0.06,3.7
1731946581.736768,-0.03,0.06,3.7
1731946581.7376943,-0.03,0.06,3.7
1731946581.7385674,-0.03,0.06,3.7
1731946581.7398937,-0.03,0.06,3.7
1731946581.7408438,-0.03,0.06,3.7
1731946581.741782,-0.03,0.06,3.7
1731946581.742699,-0.03,0.06,3.7
1731946581.743611,-0.03,0.06,3.7
1731946581.7445655,-0.03,0.06,3.7
1731946581.7482657,-0.03,0.06,3.7
1731946581.748786,-0.03,0.06,3.7
1731946581.7493281,-0.03,0.06,3.7
1731946581.749942,-0.03,0.06,3.7
1731946581.7509103,-0.03,0.06,3.7
1731946581.7530582,-0.03,0.06,3.7
1731946581.753438,-0.03,0.06,3.7
1731946581.7543623,-0.03,0.06,3.7
1731946581.755437,-0.03,0.06,3.7
1731946581.7569294,-0.03,0.06,3.7
1731946581.7579129,-0.03,0.06,3.7
1731946581.7594264,-0.03,0.06,3.7
1731946581.759937,-0.03,0.06,3.7
1731946581.7607431,-0.03,0.06,3.7
1731946581.7618546,-0.03,0.06,3.7
1731946581.7628798,-0.03,0.06,3.7
1731946581.7648714,-0.03,0.06,3.7
1731946581.7700257,-0.03,0.06,3.7
1731946581.770454,-0.03,0.06,3.7
1731946581.7706783,-0.03,0.06,3.7
1731946581.7708764,-0.03,0.06,3.7
1731946581.7710676,-0.03,0.06,3.7
1731946581.7716777,-0.03,0.06,3.7
1731946581.772054,-0.03,0.06,3.7
1731946581.772389,-0.03,0.06,3.7
1731946581.77611,-0.03,0.06,3.7
1731946581.777688,-0.03,0.06,3.7
1731946581.7788446,-0.03,0.06,3.7
1731946581.7790868,-0.03,0.06,3.7
1731946581.779434,-0.03,0.06,3.7
1731946581.7796357,-0.03,0.06,3.7
1731946581.7803211,-0.03,0.06,3.7
1731946581.7808104,-0.03,0.06,3.7
1731946581.7813087,-0.03,0.06,3.7
1731946581.782992,-0.03,0.06,3.7
1731946581.7840936,-0.03,0.06,3.7
1731946581.7844043,-0.03,0.06,3.7
1731946581.784684,-0.03,0.06,3.7
1731946581.785965,-0.03,0.06,3.7
1731946581.787006,-0.03,0.06,3.7
1731946581.7883806,-0.03,0.06,3.7
1731946581.7900074,-0.03,0.06,3.7
1731946581.7928648,-0.03,0.06,3.7
1731946581.7931652,-0.03,0.06,3.7
1731946581.793578,-0.03,0.06,3.7
1731946581.7942986,-0.03,0.06,3.7
1731946581.7957509,-0.03,0.06,3.7
1731946581.7985108,-0.03,0.06,3.7
1731946581.7997632,-0.03,0.06,3.7
1731946581.8008657,-0.03,0.06,3.7
1731946581.8020272,-0.03,0.06,3.7
1731946581.8031929,-0.03,0.06,3.7
1731946581.8051188,-0.03,0.06,3.7
1731946581.8077755,-0.03,0.06,3.7
1731946581.8094158,-0.03,0.06,3.7
1731946581.811957,-0.03,0.06,3.7
1731946581.8127933,-0.03,0.06,3.7
1731946581.814954,-0.03,0.06,3.7
1731946581.8193564,-0.03,0.06,3.7
1731946581.820509,-0.03,0.06,3.7
1731946581.8208451,-0.03,0.06,3.7
1731946581.821174,-0.03,0.06,3.7
1731946581.825748,-0.03,0.06,3.7
1731946581.826284,-0.03,0.06,3.7
1731946581.826494,-0.03,0.06,3.7
1731946581.8266098,-0.03,0.06,3.7
1731946581.8277671,-0.03,0.06,3.7
1731946581.8298717,-0.03,0.06,3.7
1731946581.8316128,-0.03,0.06,3.7
1731946581.8332276,-0.03,0.06,3.7
1731946581.8334866,-0.03,0.06,3.7
1731946581.8450809,-0.03,0.06,3.7
1731946581.8458076,-0.03,0.06,3.7
1731946581.846581,-0.03,0.06,3.7
1731946581.846837,-0.03,0.06,3.7
1731946581.8504748,-0.03,0.06,3.7
1731946581.882854,-0.03,0.06,3.7
1731946581.8831246,-0.03,0.06,3.7
1731946581.8833828,-0.03,0.06,3.7
1731946581.8835473,-0.03,0.06,3.7
1731946581.8836784,-0.03,0.06,3.7
1731946581.8903856,-0.03,0.06,3.7
1731946581.8907125,-0.03,0.06,3.7
1731946581.8908591,-0.03,0.06,3.7
1731946581.8911266,-0.03,0.06,3.7
1731946581.89511,-0.03,0.06,3.7
1731946581.8961408,-0.03,0.06,3.7
1731946581.9030044,-0.03,0.06,3.7
1731946581.9057238,-0.03,0.06,3.7
1731946581.9092026,-0.03,0.06,3.7
1731946581.909357,-0.03,0.06,3.7
1731946581.9094758,-0.03,0.06,3.7
1731946581.9095836,-0.03,0.06,3.7
1731946581.9096897,-0.03,0.06,3.7
1731946581.9097953,-0.03,0.06,3.7
1731946581.9098976,-0.03,0.06,3.7
1731946581.9100907,-0.03,0.06,3.7
1731946581.9103045,-0.03,0.06,3.7
1731946581.910476,-0.03,0.06,3.7
1731946581.9105818,-0.03,0.06,3.7
1731946581.916456,-0.03,0.06,3.7
1731946581.9167185,-0.03,0.06,3.7
1731946581.9168572,-0.03,0.06,3.7
1731946581.9195833,-0.03,0.06,3.7
1731946581.9208016,-0.03,0.06,3.7
1731946581.9232771,-0.03,0.06,3.7
1731946581.9245238,-0.03,0.06,3.7
1731946581.9270613,-0.03,0.06,3.7
1731946581.9318073,-0.03,0.06,3.7
1731946581.932597,-0.03,0.06,3.7
1731946581.9327235,-0.03,0.06,3.7
1731946581.9330328,-0.03,0.06,3.7
1731946581.9331853,-0.03,0.06,3.7
1731946581.9332883,-0.03,0.06,3.7
1731946581.933624,-0.03,0.06,3.7
1731946581.9337182,-0.03,0.06,3.7
1731946581.933804,-0.03,0.06,3.7
1731946581.9338877,-0.03,0.06,3.7
1731946581.935596,-0.03,0.06,3.7
1731946581.9402738,-0.03,0.06,3.7
1731946581.9406538,-0.03,0.06,3.7
1731946581.9408467,-0.03,0.06,3.7
1731946581.941018,-0.03,0.06,3.7
1731946581.941427,-0.03,0.06,3.7
1731946581.9477644,-0.03,0.06,3.7
1731946581.9483604,-0.03,0.06,3.7
1731946581.9485886,-0.03,0.06,3.7
1731946581.9487875,-0.03,0.06,3.7
1731946581.948977,-0.03,0.06,3.7
1731946581.9491591,-0.03,0.06,3.7
1731946581.9494195,-0.03,0.06,3.7
1731946581.9496021,-0.03,0.06,3.7
1731946581.94979,-0.03,0.06,3.7
1731946581.9499595,-0.03,0.06,3.7
1731946581.9501374,-0.03,0.06,3.7
1731946581.9509695,-0.03,0.06,3.7
1731946581.9511719,-0.03,0.06,3.7
1731946581.9513433,-0.03,0.06,3.7
1731946581.9515224,-0.03,0.06,3.7
1731946581.9518578,-0.03,0.06,3.7
1731946581.9521544,-0.03,0.06,3.7
1731946581.9542756,-0.03,0.06,3.7
1731946581.954478,-0.03,0.06,3.7
1731946581.955744,-0.03,0.06,3.7
1731946581.9561074,-0.03,0.06,3.7
1731946581.9571683,-0.03,0.06,3.7
1731946581.9580884,-0.03,0.06,3.7
1731946581.9595158,-0.03,0.06,3.7
1731946581.9598854,-0.03,0.06,3.7
1731946581.9607773,-0.03,0.06,3.7
1731946581.9615846,-0.03,0.06,3.7
1731946581.9627042,-0.03,0.06,3.7
1731946581.9637578,-0.03,0.06,3.7
1731946581.964769,-0.03,0.06,3.7
1731946581.96722,-0.03,0.06,3.7
1731946581.9681923,-0.03,0.06,3.7
1731946581.9685245,-0.03,0.06,3.7
1731946581.9692087,-0.03,0.06,3.7
1731946581.9709494,-0.03,0.06,3.7
1731946581.9719365,-0.03,0.06,3.7
1731946581.9746342,-0.03,0.06,3.7
1731946581.9757125,-0.03,0.06,3.7
1731946581.9794047,-0.03,0.06,3.7
1731946581.9812772,-0.03,0.06,3.7
1731946581.9819942,-0.03,0.06,3.7
1731946581.9829805,-0.03,0.06,3.7
1731946581.983802,-0.03,0.06,3.7
1731946581.9870512,-0.03,0.06,3.7
1731946581.9884632,-0.03,0.06,3.7
1731946581.9895232,-0.03,0.06,3.7
1731946581.9904935,-0.03,0.06,3.7
1731946581.9925742,-0.03,0.06,3.7
1731946581.993481,-0.03,0.06,3.7
1731946581.9947271,-0.03,0.06,3.7
1731946582.0011532,-0.03,0.06,3.7
1731946582.0018187,-0.03,0.06,3.7
1731946582.0020337,-0.03,0.06,3.7
1731946582.002351,-0.03,0.06,3.7
1731946582.0029197,-0.03,0.06,3.7
1731946582.0034974,-0.03,0.06,3.7
1731946582.012367,-0.03,0.06,3.7
1731946582.0133085,-0.03,0.06,3.7
1731946582.0144322,-0.03,0.06,3.7
1731946582.015508,-0.03,0.06,3.7
1731946582.0179114,-0.03,0.06,3.7
1731946582.0188591,-0.03,0.06,3.7
1731946582.0201929,-0.03,0.06,3.7
1731946582.02254,-0.03,0.06,3.7
1731946582.0235906,-0.03,0.06,3.7
1731946582.0246143,-0.03,0.06,3.7
1731946582.0362499,-0.03,0.06,3.7
1731946582.0365937,-0.03,0.06,3.7
1731946582.0367825,-0.03,0.06,3.7
1731946582.036952,-0.03,0.06,3.7
1731946582.0379114,-0.03,0.06,3.7
1731946582.0381868,-0.03,0.06,3.7
1731946582.038794,-0.03,0.06,3.7
1731946582.0396109,-0.03,0.06,3.7
1731946582.040373,-0.03,0.06,3.7
1731946582.047802,-0.03,0.06,3.7
1731946582.053668,-0.03,0.06,3.7
1731946582.0561132,-0.03,0.06,3.7
1731946582.056509,-0.03,0.06,3.7
1731946582.0571806,-0.03,0.06,3.7
1731946582.0574012,-0.03,0.06,3.7
1731946582.0575724,-0.03,0.06,3.7
1731946582.0578425,-0.03,0.06,3.7
1731946582.057981,-0.03,0.06,3.7
1731946582.0581586,-0.03,0.06,3.7
1731946582.0584848,-0.03,0.06,3.7
1731946582.0613265,-0.03,0.06,3.7
1731946582.061728,-0.03,0.06,3.7
1731946582.0623422,-0.03,0.06,3.7
1731946582.0625813,-0.03,0.06,3.7
1731946582.06477,-0.03,0.06,3.7
1731946582.067425,-0.03,0.06,3.7
1731946582.0677185,-0.03,0.06,3.7
1731946582.0703967,-0.03,0.06,3.7
1731946582.0718348,-0.03,0.06,3.7
1731946582.0738323,-0.03,0.06,3.7
1731946582.074431,-0.03,0.06,3.7
1731946582.0767438,-0.03,0.06,3.7
1731946582.0796978,-0.03,0.06,3.7
1731946582.0811038,-0.03,0.06,3.7
1731946582.0824533,-0.03,0.06,3.7
1731946582.083157,-0.03,0.06,3.7
1731946582.0848527,-0.03,0.06,3.7
1731946582.091507,-0.03,0.06,3.7
1731946582.0938022,-0.03,0.06,3.7
1731946582.0967379,-0.03,0.06,3.7
1731946582.098379,-0.03,0.06,3.7
1731946582.0996902,-0.03,0.06,3.7
1731946582.1003516,-0.03,0.06,3.7
1731946582.1012557,-0.03,0.06,3.7
1731946582.10274,-0.03,0.06,3.7
1731946582.1044493,-0.03,0.06,3.7
1731946582.1051636,-0.03,0.06,3.7
1731946582.1070414,-0.03,0.06,3.7
1731946582.1086946,-0.03,0.06,3.7
1731946582.1104221,-0.03,0.06,3.7
1731946582.1106377,-0.03,0.06,3.7
1731946582.1108863,-0.03,0.06,3.7
1731946582.1115806,-0.03,0.06,3.7
1731946582.1131046,-0.03,0.06,3.7
1731946582.1139627,-0.03,0.06,3.7
1731946582.114862,-0.03,0.06,3.7
1731946582.11641,-0.03,0.06,3.7
1731946582.1189063,-0.03,0.06,3.7
1731946582.1197882,-0.03,0.06,3.7
1731946582.1209404,-0.03,0.06,3.7
1731946582.1234584,-0.03,0.06,3.7
1731946582.1241612,-0.03,0.06,3.7
1731946582.1284502,-0.03,0.06,3.7
1731946582.1308742,-0.03,0.06,3.7
1731946582.1313999,-0.03,0.06,3.7
1731946582.1329772,-0.03,0.06,3.7
1731946582.1375706,-0.03,0.06,3.7
1731946582.1658661,-0.03,0.06,3.7
1731946582.166193,-0.03,0.06,3.7
1731946582.168529,-0.04,0.06,3.7
1731946582.1694903,-0.04,0.06,3.7
1731946582.170173,-0.04,0.06,3.7
1731946582.1712325,-0.04,0.06,3.7
1731946582.1724977,-0.04,0.06,3.7
1731946582.1749656,-0.04,0.06,3.7
1731946582.17878,-0.04,0.06,3.7
1731946582.179696,-0.04,0.06,3.7
1731946582.1810887,-0.04,0.06,3.7
1731946582.182838,-0.04,0.06,3.7
1731946582.184134,-0.04,0.06,3.7
1731946582.187232,-0.04,0.06,3.7
1731946582.1895325,-0.04,0.06,3.7
1731946582.1918504,-0.04,0.06,3.7
1731946582.1937313,-0.04,0.06,3.7
1731946582.1950426,-0.04,0.06,3.7
1731946582.197629,-0.04,0.06,3.7
1731946582.1989405,-0.04,0.06,3.7
1731946582.2002277,-0.04,0.06,3.7
1731946582.201529,-0.04,0.06,3.7
1731946582.2027633,-0.04,0.06,3.7
1731946582.2040963,-0.04,0.06,3.7
1731946582.2062888,-0.04,0.06,3.7
1731946582.2082667,-0.04,0.06,3.7
1731946582.2096276,-0.04,0.06,3.7
1731946582.2108908,-0.04,0.06,3.7
1731946582.2121847,-0.04,0.06,3.7
1731946582.2134416,-0.04,0.06,3.7
1731946582.2146688,-0.04,0.06,3.7
1731946582.2160258,-0.04,0.06,3.7
1731946582.218127,-0.04,0.06,3.7
1731946582.2194378,-0.04,0.06,3.7
1731946582.2213693,-0.04,0.06,3.7
1731946582.2227037,-0.04,0.06,3.7
1731946582.2239902,-0.04,0.06,3.7
1731946582.2252645,-0.04,0.06,3.7
1731946582.2271755,-0.04,0.06,3.7
1731946582.2289867,-0.04,0.06,3.7
1731946582.230592,-0.04,0.06,3.7
1731946582.2319431,-0.04,0.06,3.7
1731946582.2341807,-0.04,0.06,3.7
1731946582.2371252,-0.04,0.06,3.7
1731946582.2384284,-0.04,0.06,3.7
1731946582.240295,-0.04,0.06,3.7
1731946582.2416053,-0.04,0.06,3.7
1731946582.2428777,-0.04,0.06,3.7
1731946582.2441509,-0.04,0.06,3.7
1731946582.245338,-0.04,0.06,3.7
1731946582.247815,-0.04,0.06,3.7
1731946582.2492104,-0.04,0.06,3.7
1731946582.2504966,-0.04,0.06,3.7
1731946582.2517703,-0.04,0.06,3.7
1731946582.253068,-0.04,0.06,3.7
1731946582.2543266,-0.04,0.06,3.7
1731946582.2555785,-0.04,0.06,3.7
1731946582.2573278,-0.04,0.06,3.7
1731946582.258817,-0.04,0.06,3.7
1731946582.2600868,-0.04,0.06,3.7
1731946582.2613158,-0.04,0.06,3.7
1731946582.262551,-0.04,0.06,3.7
1731946582.2637901,-0.04,0.06,3.7
1731946582.265093,-0.04,0.06,3.7
1731946582.267281,-0.04,0.06,3.7
1731946582.2687123,-0.04,0.06,3.7
1731946582.2710464,-0.04,0.06,3.7
1731946582.2743983,-0.04,0.06,3.7
1731946582.2757075,-0.04,0.06,3.7
1731946582.2780695,-0.04,0.06,3.7
1731946582.2784271,-0.04,0.06,3.7
1731946582.2797883,-0.04,0.06,3.7
1731946582.2813342,-0.04,0.06,3.7
1731946582.2826638,-0.04,0.06,3.7
1731946582.2848141,-0.04,0.06,3.7
1731946582.2862668,-0.04,0.06,3.7
1731946582.288166,-0.04,0.06,3.7
1731946582.2885985,-0.04,0.06,3.7
1731946582.2899208,-0.04,0.06,3.7
1731946582.2911813,-0.04,0.06,3.7
1731946582.2923663,-0.04,0.06,3.7
1731946582.293175,-0.04,0.06,3.7
1731946582.2946606,-0.04,0.06,3.7
1731946582.2955694,-0.04,0.06,3.7
1731946582.2963798,-0.04,0.06,3.7
1731946582.2971892,-0.04,0.06,3.7
1731946582.2981017,-0.04,0.06,3.7
1731946582.298903,-0.04,0.06,3.7
1731946582.3003523,-0.04,0.06,3.7
1731946582.3012419,-0.04,0.06,3.7
1731946582.3021843,-0.04,0.06,3.7
1731946582.3030884,-0.04,0.06,3.7
1731946582.3040266,-0.04,0.06,3.7
1731946582.3064418,-0.04,0.06,3.7
1731946582.3066967,-0.04,0.06,3.7
1731946582.3076994,-0.04,0.06,3.7
1731946582.3094826,-0.04,0.06,3.7
1731946582.3102505,-0.04,0.06,3.7
1731946582.3109932,-0.04,0.06,3.7
1731946582.3167703,-0.04,0.06,3.7
1731946582.3172903,-0.04,0.06,3.7
1731946582.3175313,-0.04,0.06,3.7
1731946582.3177273,-0.04,0.06,3.7
1731946582.3179185,-0.04,0.06,3.7
1731946582.31885,-0.04,0.06,3.7
1731946582.3192587,-0.04,0.06,3.7
1731946582.319487,-0.04,0.06,3.7
1731946582.32277,-0.04,0.06,3.7
1731946582.3268647,-0.04,0.06,3.7
1731946582.3275557,-0.04,0.06,3.7
1731946582.327805,-0.04,0.06,3.7
1731946582.3285656,-0.04,0.06,3.7
1731946582.3293574,-0.04,0.06,3.7
1731946582.3301556,-0.04,0.06,3.7
1731946582.3310735,-0.04,0.06,3.7
1731946582.3386366,-0.04,0.06,3.7
1731946582.3392065,-0.04,0.06,3.7
1731946582.3395157,-0.04,0.06,3.7
1731946582.3398225,-0.04,0.06,3.7
1731946582.3402445,-0.04,0.06,3.7
1731946582.340418,-0.04,0.06,3.7
1731946582.3405726,-0.04,0.06,3.7
1731946582.3415205,-0.04,0.06,3.7
1731946582.3420033,-0.04,0.06,3.7
1731946582.3427088,-0.04,0.06,3.7
1731946582.3433428,-0.04,0.06,3.7
1731946582.3476903,-0.04,0.06,3.7
1731946582.3503277,-0.04,0.06,3.7
1731946582.3513336,-0.04,0.06,3.7
1731946582.3529131,-0.04,0.06,3.7
1731946582.3537126,-0.04,0.06,3.7
1731946582.3547206,-0.04,0.06,3.7
1731946582.356591,-0.04,0.06,3.7
1731946582.357787,-0.04,0.06,3.7
1731946582.3709307,-0.04,0.06,3.7
1731946582.371402,-0.04,0.06,3.7
1731946582.3715498,-0.04,0.06,3.7
1731946582.3716645,-0.04,0.06,3.7
1731946582.3717709,-0.04,0.06,3.7
1731946582.37193,-0.04,0.06,3.7
1731946582.3721676,-0.04,0.06,3.7
1731946582.3723197,-0.04,0.06,3.7
1731946582.3724718,-0.04,0.06,3.7
1731946582.372632,-0.04,0.06,3.7
1731946582.372801,-0.04,0.06,3.7
1731946582.372972,-0.04,0.06,3.7
1731946582.3731163,-0.04,0.06,3.7
1731946582.3732765,-0.04,0.06,3.7
1731946582.3736136,-0.04,0.06,3.7
1731946582.3740468,-0.04,0.06,3.7
1731946582.3746905,-0.04,0.06,3.7
1731946582.3748384,-0.04,0.06,3.7
1731946582.3756602,-0.04,0.06,3.7
1731946582.3759007,-0.04,0.06,3.7
1731946582.3761654,-0.04,0.06,3.7
1731946582.3763423,-0.04,0.06,3.7
1731946582.379057,-0.04,0.06,3.7
1731946582.3806188,-0.04,0.06,3.7
1731946582.383567,-0.04,0.06,3.7
1731946582.3843348,-0.04,0.06,3.7
1731946582.3849328,-0.04,0.06,3.7
1731946582.3851411,-0.04,0.06,3.7
1731946582.3864405,-0.04,0.06,3.7
1731946582.3970118,-0.04,0.06,3.7
1731946582.3974426,-0.04,0.06,3.7
1731946582.3979242,-0.04,0.06,3.7
1731946582.3985453,-0.04,0.06,3.7
1731946582.3990133,-0.04,0.06,3.7
1731946582.4006648,-0.04,0.06,3.7
1731946582.4040914,-0.04,0.06,3.7
1731946582.4052994,-0.04,0.06,3.7
1731946582.4085512,-0.04,0.06,3.7
1731946582.409202,-0.04,0.06,3.7
1731946582.4123058,-0.04,0.06,3.7
1731946582.4135594,-0.04,0.06,3.7
1731946582.4152875,-0.04,0.06,3.7
1731946582.416006,-0.04,0.06,3.7
1731946582.4163144,-0.04,0.06,3.7
1731946582.4164498,-0.04,0.06,3.7
1731946582.4216144,-0.04,0.06,3.7
1731946582.4248,-0.04,0.06,3.7
1731946582.4281604,-0.04,0.06,3.7
1731946582.437603,-0.04,0.06,3.7
1731946582.437906,-0.04,0.06,3.7
1731946582.441212,-0.04,0.06,3.7
1731946582.441511,-0.04,0.06,3.7
1731946582.442298,-0.04,0.06,3.7
1731946582.4424589,-0.04,0.06,3.7
1731946582.4426095,-0.04,0.06,3.7
1731946582.442713,-0.04,0.06,3.7
1731946582.4428298,-0.04,0.06,3.7
1731946582.4443622,-0.04,0.06,3.7
1731946582.4477944,-0.04,0.06,3.7
1731946582.450109,-0.04,0.06,3.7
1731946582.4511745,-0.04,0.06,3.7
1731946582.4517624,-0.04,0.06,3.7
1731946582.452244,-0.04,0.06,3.7
1731946582.4537044,-0.04,0.06,3.7
1731946582.4543138,-0.04,0.06,3.7
1731946582.4547856,-0.04,0.06,3.7
1731946582.4591713,-0.04,0.06,3.7
1731946582.4595313,-0.04,0.06,3.7
1731946582.459774,-0.04,0.06,3.7
1731946582.460027,-0.04,0.06,3.7
1731946582.4602194,-0.04,0.06,3.7
1731946582.4605336,-0.04,0.06,3.7
1731946582.460726,-0.04,0.06,3.7
1731946582.4621036,-0.04,0.06,3.7
1731946582.4673538,-0.04,0.06,3.7
1731946582.4681377,-0.04,0.06,3.7
1731946582.4692247,-0.04,0.06,3.7
1731946582.4699252,-0.04,0.06,3.7
1731946582.4701457,-0.04,0.06,3.7
1731946582.4703474,-0.04,0.06,3.7
1731946582.470552,-0.04,0.06,3.7
1731946582.473959,-0.04,0.06,3.7
1731946582.475066,-0.04,0.06,3.7
1731946582.521896,-0.04,0.06,3.7
1731946582.522867,-0.04,0.06,3.7
1731946582.5258691,-0.04,0.06,3.7
1731946582.5289416,-0.04,0.06,3.7
1731946582.5346506,-0.04,0.06,3.7
1731946582.534924,-0.04,0.06,3.7
1731946582.5352845,-0.04,0.06,3.7
1731946582.5361152,-0.04,0.06,3.7
1731946582.5362837,-0.04,0.06,3.7
1731946582.5397573,-0.04,0.06,3.7
1731946582.5399482,-0.04,0.06,3.7
1731946582.5434813,-0.04,0.06,3.7
1731946582.5439942,-0.04,0.06,3.7
1731946582.5441906,-0.04,0.06,3.7
1731946582.5443578,-0.04,0.06,3.7
1731946582.5445201,-0.04,0.06,3.7
1731946582.5446749,-0.04,0.06,3.7
1731946582.545841,-0.04,0.06,3.7
1731946582.5460446,-0.04,0.06,3.7
1731946582.546212,-0.04,0.06,3.7
1731946582.5463738,-0.04,0.06,3.7
1731946582.54659,-0.04,0.06,3.7
1731946582.5510652,-0.04,0.06,3.7
1731946582.5513985,-0.04,0.06,3.7
1731946582.5519876,-0.04,0.06,3.7
1731946582.5521843,-0.04,0.06,3.7
1731946582.553778,-0.04,0.06,3.7
1731946582.5541186,-0.04,0.06,3.7
1731946582.5542955,-0.04,0.06,3.7
1731946582.5548441,-0.04,0.06,3.7
1731946582.5551248,-0.04,0.06,3.7
1731946582.5555377,-0.04,0.06,3.7
1731946582.5565243,-0.04,0.06,3.7
1731946582.5578997,-0.04,0.06,3.7
1731946582.5592976,-0.04,0.06,3.7
1731946582.561304,-0.04,0.06,3.7
1731946582.562508,-0.04,0.06,3.7
1731946582.5638685,-0.04,0.06,3.7
1731946582.566136,-0.04,0.06,3.7
1731946582.567523,-0.04,0.06,3.7
1731946582.5688968,-0.04,0.06,3.7
1731946582.5702631,-0.04,0.06,3.7
1731946582.5724416,-0.04,0.06,3.7
1731946582.5734558,-0.04,0.06,3.7
1731946582.5751846,-0.04,0.06,3.7
1731946582.5782409,-0.04,0.06,3.7
1731946582.5785193,-0.04,0.06,3.7
1731946582.5798094,-0.04,0.06,3.7
1731946582.5810437,-0.04,0.06,3.7
1731946582.5823948,-0.04,0.06,3.7
1731946582.5837646,-0.04,0.06,3.7
1731946582.586542,-0.04,0.06,3.7
1731946582.5889645,-0.04,0.06,3.7
1731946582.5893373,-0.04,0.06,3.7
1731946582.591294,-0.04,0.06,3.7
1731946582.591662,-0.04,0.06,3.7
1731946582.592896,-0.04,0.06,3.7
1731946582.5942087,-0.04,0.06,3.7
1731946582.5964193,-0.04,0.06,3.7
1731946582.5968363,-0.04,0.06,3.7
1731946582.5981667,-0.04,0.06,3.7
1731946582.599552,-0.04,0.06,3.7
1731946582.6008484,-0.04,0.06,3.7
1731946582.602224,-0.04,0.06,3.7
1731946582.6036034,-0.04,0.06,3.7
1731946582.6050222,-0.04,0.06,3.7
1731946582.608359,-0.04,0.06,3.7
1731946582.6087785,-0.04,0.06,3.7
1731946582.6101255,-0.04,0.06,3.7
1731946582.6114235,-0.04,0.06,3.7
1731946582.612771,-0.04,0.06,3.7
1731946582.6141126,-0.04,0.06,3.7
1731946582.6161914,-0.04,0.06,3.7
1731946582.6167548,-0.04,0.06,3.7
1731946582.6175478,-0.04,0.06,3.7
1731946582.6194856,-0.04,0.06,3.7
1731946582.62005,-0.04,0.06,3.7
1731946582.6213973,-0.04,0.06,3.7
1731946582.6221457,-0.04,0.06,3.7
1731946582.6232204,-0.04,0.06,3.7
1731946582.6242068,-0.04,0.06,3.7
1731946582.62489,-0.04,0.06,3.7
1731946582.6306298,-0.04,0.06,3.7
1731946582.6313832,-0.04,0.06,3.7
1731946582.631659,-0.04,0.06,3.7
1731946582.6317878,-0.04,0.06,3.7
1731946582.6319118,-0.04,0.06,3.7
1731946582.6320677,-0.04,0.06,3.7
1731946582.6329832,-0.04,0.06,3.7
1731946582.633398,-0.04,0.06,3.7
1731946582.6362083,-0.04,0.06,3.7
1731946582.636767,-0.04,0.06,3.7
1731946582.638081,-0.04,0.06,3.7
1731946582.6386073,-0.04,0.06,3.7
1731946582.6391437,-0.04,0.06,3.7
1731946582.639836,-0.04,0.06,3.7
1731946582.6415253,-0.04,0.06,3.7
1731946582.6423242,-0.04,0.06,3.7
1731946582.6440353,-0.04,0.06,3.7
1731946582.6512556,-0.04,0.06,3.7
1731946582.651524,-0.04,0.06,3.7
1731946582.6521254,-0.04,0.06,3.7
1731946582.6546223,-0.04,0.06,3.7
1731946582.6548011,-0.04,0.06,3.7
1731946582.6549115,-0.04,0.06,3.7
1731946582.6557229,-0.04,0.06,3.7
1731946582.6564867,-0.04,0.06,3.7
1731946582.6585217,-0.04,0.06,3.7
1731946582.6593812,-0.04,0.06,3.7
1731946582.6605659,-0.04,0.06,3.7
1731946582.6617084,-0.04,0.06,3.7
1731946582.6631286,-0.04,0.06,3.7
1731946582.6642222,-0.04,0.06,3.7
1731946582.6670172,-0.04,0.06,3.7
1731946582.668087,-0.04,0.06,3.7
1731946582.6696396,-0.04,0.06,3.7
1731946582.67065,-0.04,0.06,3.7
1731946582.6718876,-0.04,0.06,3.7
1731946582.6730123,-0.04,0.06,3.7
1731946582.6739612,-0.04,0.06,3.7
1731946582.6749213,-0.04,0.06,3.7
1731946582.6760032,-0.04,0.06,3.7
1731946582.6791308,-0.04,0.06,3.7
1731946582.6804526,-0.04,0.06,3.7
1731946582.6807377,-0.04,0.06,3.7
1731946582.6827507,-0.04,0.06,3.7
1731946582.6839192,-0.04,0.06,3.7
1731946582.6850095,-0.04,0.06,3.7
1731946582.7274728,-0.04,0.06,3.7
1731946582.731705,-0.04,0.06,3.7
1731946582.7319467,-0.04,0.06,3.7
1731946582.732131,-0.04,0.06,3.7
1731946582.7327242,-0.04,0.06,3.7
1731946582.7328942,-0.04,0.06,3.7
1731946582.7330542,-0.04,0.06,3.7
1731946582.7332153,-0.04,0.06,3.7
1731946582.7333739,-0.04,0.06,3.7
1731946582.7335265,-0.04,0.06,3.7
1731946582.7342248,-0.04,0.06,3.7
1731946582.734566,-0.04,0.06,3.7
1731946582.7348318,-0.04,0.06,3.7
1731946582.7356398,-0.04,0.06,3.7
1731946582.735923,-0.04,0.06,3.7
1731946582.7362473,-0.04,0.06,3.7
1731946582.7381358,-0.04,0.06,3.7
1731946582.7383046,-0.04,0.06,3.7
1731946582.7385318,-0.04,0.06,3.7
1731946582.7396684,-0.04,0.06,3.7
1731946582.7406535,-0.04,0.06,3.7
1731946582.7416923,-0.04,0.06,3.7
1731946582.742591,-0.04,0.06,3.7
1731946582.7447476,-0.04,0.06,3.7
1731946582.7455473,-0.04,0.06,3.7
1731946582.746696,-0.04,0.06,3.7
1731946582.747469,-0.04,0.06,3.7
1731946582.7480578,-0.04,0.06,3.7
1731946582.748709,-0.04,0.06,3.7
1731946582.750707,-0.04,0.06,3.7
1731946582.7509925,-0.04,0.06,3.7
1731946582.751544,-0.04,0.06,3.7
1731946582.7520638,-0.04,0.06,3.7
1731946582.7528331,-0.04,0.06,3.7
1731946582.753833,-0.04,0.06,3.7
1731946582.758352,-0.04,0.06,3.7
1731946582.7587163,-0.04,0.06,3.7
1731946582.75902,-0.04,0.06,3.7
1731946582.7592022,-0.04,0.06,3.7
1731946582.7593653,-0.04,0.06,3.7
1731946582.7609305,-0.04,0.06,3.7
1731946582.7611952,-0.04,0.06,3.7
1731946582.7622232,-0.04,0.06,3.7
1731946582.7632222,-0.04,0.06,3.7
1731946582.7644491,-0.04,0.06,3.7
1731946582.7698085,-0.04,0.06,3.7
1731946582.77785,-0.04,0.06,3.7
1731946582.7848575,-0.04,0.06,3.7
1731946582.785112,-0.04,0.06,3.7
1731946582.7852867,-0.04,0.06,3.7
1731946582.7854543,-0.04,0.06,3.7
1731946582.785616,-0.04,0.06,3.7
1731946582.7857783,-0.04,0.06,3.7
1731946582.785938,-0.04,0.06,3.7
1731946582.7860928,-0.04,0.06,3.7
1731946582.7862463,-0.04,0.06,3.7
1731946582.7864032,-0.04,0.06,3.7
1731946582.7873015,-0.04,0.06,3.7
1731946582.7879052,-0.04,0.06,3.7
1731946582.789576,-0.04,0.06,3.7
1731946582.7898624,-0.04,0.06,3.7
1731946582.7899778,-0.04,0.06,3.7
1731946582.7900717,-0.04,0.06,3.7
1731946582.790157,-0.04,0.06,3.7
1731946582.7902384,-0.04,0.06,3.7
1731946582.79032,-0.04,0.06,3.7
1731946582.7904,-0.04,0.06,3.7
1731946582.7904787,-0.04,0.06,3.7
1731946582.81201,-0.04,0.06,3.7
1731946582.8183246,-0.04,0.06,3.7
1731946582.8186998,-0.04,0.06,3.7
1731946582.8189085,-0.04,0.06,3.7
1731946582.8278122,-0.04,0.06,3.7
1731946582.828194,-0.04,0.06,3.7
1731946582.8299022,-0.04,0.06,3.7
1731946582.8302312,-0.04,0.06,3.7
1731946582.8310661,-0.04,0.06,3.7
1731946582.83278,-0.04,0.06,3.7
1731946582.8353782,-0.04,0.06,3.7
1731946582.8364704,-0.04,0.06,3.7
1731946582.8373797,-0.04,0.06,3.7
1731946582.8380618,-0.04,0.06,3.7
1731946582.8408046,-0.04,0.06,3.7
1731946582.8417482,-0.04,0.06,3.7
1731946582.8422606,-0.04,0.06,3.7
1731946582.8468328,-0.04,0.06,3.7
1731946582.8490798,-0.04,0.06,3.7
1731946582.8519347,-0.04,0.06,3.7
1731946582.852322,-0.04,0.06,3.7
1731946582.8524501,-0.04,0.06,3.7
1731946582.8525445,-0.04,0.06,3.7
1731946582.8526347,-0.04,0.06,3.7
1731946582.8528833,-0.04,0.06,3.7
1731946582.8529882,-0.04,0.06,3.7
1731946582.8530731,-0.04,0.06,3.7
1731946582.8531876,-0.04,0.06,3.7
1731946582.8536675,-0.04,0.06,3.7
1731946582.8540354,-0.04,0.06,3.7
1731946582.8542564,-0.04,0.06,3.7
1731946582.855493,-0.04,0.06,3.7
1731946582.8565204,-0.04,0.06,3.7
1731946582.8575647,-0.04,0.06,3.7
1731946582.859954,-0.04,0.06,3.7
1731946582.860424,-0.04,0.06,3.7
1731946582.8638747,-0.04,0.06,3.7
1731946582.8646345,-0.04,0.06,3.7
1731946582.8680398,-0.04,0.06,3.7
1731946582.8704236,-0.04,0.06,3.7
1731946582.8716831,-0.04,0.06,3.7
1731946582.8730276,-0.04,0.06,3.7
1731946582.8741267,-0.04,0.06,3.7
1731946582.877668,-0.04,0.06,3.7
1731946582.8795168,-0.04,0.06,3.7
1731946582.8831222,-0.04,0.06,3.7
1731946582.8848076,-0.04,0.06,3.7
1731946582.8876224,-0.04,0.06,3.7
1731946582.8878813,-0.04,0.06,3.7
1731946582.8887856,-0.04,0.06,3.7
1731946582.8899307,-0.04,0.06,3.7
1731946582.8927863,-0.04,0.06,3.7
1731946582.893403,-0.04,0.06,3.7
1731946582.8973024,-0.04,0.06,3.7
1731946582.89876,-0.04,0.06,3.7
1731946582.8992229,-0.04,0.06,3.7
1731946582.8996112,-0.04,0.06,3.7
1731946582.8999426,-0.04,0.06,3.7
1731946582.9003248,-0.04,0.06,3.7
1731946582.9017386,-0.04,0.06,3.7
1731946582.906313,-0.04,0.06,3.7
1731946582.908128,-0.04,0.06,3.7
1731946582.909529,-0.04,0.06,3.7
1731946582.9113958,-0.04,0.06,3.7
1731946582.9120412,-0.04,0.06,3.7
1731946582.9131541,-0.04,0.06,3.7
1731946582.9142787,-0.04,0.06,3.7
1731946582.9157677,-0.04,0.06,3.7
1731946582.9185398,-0.04,0.06,3.7
1731946582.919561,-0.04,0.06,3.7
1731946582.921554,-0.04,0.06,3.7
1731946582.923886,-0.04,0.06,3.7
1731946582.9248133,-0.04,0.06,3.7
1731946582.9268289,-0.04,0.06,3.7
1731946582.930353,-0.04,0.06,3.7
1731946582.9319322,-0.04,0.06,3.7
1731946582.933395,-0.04,0.06,3.7
1731946582.934907,-0.04,0.06,3.7
1731946582.9357288,-0.04,0.06,3.7
1731946582.9365563,-0.04,0.06,3.7
1731946582.9384763,-0.04,0.06,3.7
1731946582.9391289,-0.04,0.06,3.7
1731946582.9401255,-0.04,0.06,3.7
1731946582.9411068,-0.04,0.06,3.7
1731946582.943995,-0.04,0.06,3.7
1731946582.947638,-0.04,0.06,3.7
1731946582.9506094,-0.04,0.06,3.7
1731946582.954823,-0.04,0.06,3.7
1731946582.95505,-0.04,0.06,3.7
1731946582.9570982,-0.04,0.06,3.7
1731946582.9579499,-0.04,0.06,3.7
1731946582.9595225,-0.04,0.06,3.7
1731946582.961677,-0.04,0.06,3.7
1731946582.9619584,-0.04,0.06,3.7
1731946582.963246,-0.04,0.06,3.7
1731946582.9683254,-0.04,0.06,3.7
1731946582.9717374,-0.04,0.06,3.7
1731946582.9719324,-0.04,0.06,3.7
1731946582.9722085,-0.04,0.06,3.7
1731946582.9723346,-0.04,0.06,3.7
1731946582.972475,-0.04,0.06,3.7
1731946582.9727397,-0.04,0.06,3.7
1731946582.9760206,-0.04,0.06,3.7
1731946582.9794414,-0.04,0.06,3.7
1731946582.9800987,-0.04,0.06,3.7
1731946582.9823778,-0.04,0.06,3.7
1731946582.983667,-0.04,0.06,3.7
1731946582.9886994,-0.04,0.06,3.7
1731946582.9894652,-0.04,0.06,3.7
1731946582.991577,-0.04,0.06,3.7
1731946582.9940636,-0.04,0.06,3.7
1731946582.994644,-0.04,0.06,3.7
1731946582.996777,-0.04,0.06,3.7
1731946582.9977772,-0.04,0.06,3.7
1731946582.9981983,-0.04,0.06,3.7
1731946582.9999192,-0.04,0.06,3.7
1731946583.000547,-0.04,0.06,3.7
1731946583.0036094,-0.04,0.06,3.7
1731946583.0040379,-0.04,0.06,3.7
1731946583.0076523,-0.04,0.06,3.7
1731946583.008011,-0.04,0.06,3.7
1731946583.0092652,-0.04,0.06,3.7
1731946583.0104313,-0.04,0.06,3.7
1731946583.0117822,-0.04,0.06,3.7
1731946583.0129106,-0.04,0.06,3.7
1731946583.0139785,-0.04,0.06,3.7
1731946583.0185168,-0.04,0.06,3.7
1731946583.0189369,-0.04,0.06,3.7
1731946583.0235896,-0.04,0.06,3.7
1731946583.0238998,-0.04,0.06,3.7
1731946583.0243645,-0.04,0.06,3.7
1731946583.025519,-0.04,0.06,3.7
1731946583.0257142,-0.04,0.06,3.7
1731946583.025881,-0.04,0.06,3.7
1731946583.0260477,-0.04,0.06,3.7
1731946583.0263622,-0.04,0.06,3.7
1731946583.0298011,-0.04,0.06,3.7
1731946583.0299666,-0.04,0.06,3.7
1731946583.0300744,-0.04,0.06,3.7
1731946583.0318134,-0.04,0.06,3.7
1731946583.0322182,-0.04,0.06,3.7
1731946583.0354514,-0.04,0.06,3.7
1731946583.0357246,-0.04,0.06,3.7
1731946583.036016,-0.04,0.06,3.7
1731946583.039641,-0.04,0.06,3.7
1731946583.040179,-0.04,0.06,3.7
1731946583.0409288,-0.04,0.06,3.7
1731946583.0411556,-0.04,0.06,3.7
1731946583.0415003,-0.04,0.06,3.7
1731946583.0419025,-0.04,0.06,3.7
1731946583.0421174,-0.04,0.06,3.7
1731946583.0422828,-0.04,0.06,3.7
1731946583.0424702,-0.04,0.06,3.7
1731946583.0427678,-0.04,0.06,3.7
1731946583.0430706,-0.04,0.06,3.7
1731946583.0445619,-0.04,0.06,3.7
1731946583.048647,-0.04,0.06,3.7
1731946583.0493846,-0.04,0.06,3.7
1731946583.049795,-0.04,0.06,3.7
1731946583.0505912,-0.04,0.06,3.7
1731946583.050854,-0.04,0.06,3.7
1731946583.0526283,-0.04,0.06,3.7
1731946583.053988,-0.04,0.06,3.7
1731946583.0582802,-0.04,0.06,3.7
1731946583.0589075,-0.04,0.06,3.7
1731946583.0675483,-0.04,0.06,3.7
1731946583.0678856,-0.04,0.06,3.7
1731946583.068162,-0.04,0.06,3.7
1731946583.0706198,-0.04,0.06,3.7
1731946583.072599,-0.04,0.06,3.7
1731946583.0755992,-0.04,0.06,3.7
1731946583.0825477,-0.04,0.06,3.7
1731946583.0829983,-0.04,0.06,3.7
1731946583.0867457,-0.04,0.06,3.7
1731946583.0869668,-0.04,0.06,3.7
1731946583.0902424,-0.04,0.06,3.7
1731946583.090604,-0.04,0.06,3.7
1731946583.090737,-0.04,0.06,3.7
1731946583.0908434,-0.04,0.06,3.7
1731946583.0913918,-0.04,0.06,3.7
1731946583.0924299,-0.04,0.06,3.7
1731946583.0926735,-0.04,0.06,3.7
1731946583.0939596,-0.04,0.06,3.7
1731946583.0943432,-0.04,0.06,3.7
1731946583.0946748,-0.04,0.06,3.7
1731946583.1084561,-0.04,0.06,3.7
1731946583.1089938,-0.04,0.06,3.7
1731946583.1098268,-0.04,0.06,3.7
1731946583.110034,-0.04,0.06,3.7
1731946583.1104853,-0.04,0.06,3.7
1731946583.1107366,-0.04,0.06,3.7
1731946583.1109354,-0.04,0.06,3.7
1731946583.1111226,-0.04,0.06,3.7
1731946583.1113067,-0.04,0.06,3.7
1731946583.1114657,-0.04,0.06,3.7
1731946583.1133265,-0.04,0.06,3.7
1731946583.113618,-0.04,0.06,3.7
1731946583.1139624,-0.04,0.06,3.7
1731946583.117156,-0.04,0.06,3.7
1731946583.1234748,-0.04,0.06,3.7
1731946583.1238575,-0.04,0.06,3.7
1731946583.1244543,-0.04,0.06,3.7
1731946583.1246195,-0.04,0.06,3.7
1731946583.1247818,-0.04,0.06,3.7
1731946583.1250727,-0.04,0.06,3.7
1731946583.1282744,-0.04,0.06,3.7
1731946583.1399217,-0.04,0.06,3.7
1731946583.140317,-0.04,0.06,3.7
1731946583.1407387,-0.04,0.06,3.7
1731946583.1409605,-0.04,0.06,3.7
1731946583.141152,-0.04,0.06,3.7
1731946583.1413124,-0.04,0.06,3.7
1731946583.141469,-0.04,0.06,3.7
1731946583.1416306,-0.04,0.06,3.7
1731946583.141797,-0.04,0.06,3.7
1731946583.141983,-0.04,0.06,3.7
1731946583.1422951,-0.04,0.06,3.7
1731946583.1462965,-0.04,0.06,3.7
1731946583.1470976,-0.04,0.06,3.7
1731946583.1473296,-0.04,0.06,3.7
1731946583.1495652,-0.04,0.06,3.7
1731946583.1512992,-0.04,0.06,3.7
1731946583.1516254,-0.04,0.06,3.7
1731946583.1517987,-0.04,0.06,3.7
1731946583.16293,-0.04,0.06,3.7
1731946583.163445,-0.04,0.06,3.7
1731946583.1636508,-0.04,0.06,3.7
1731946583.1638305,-0.04,0.06,3.7
1731946583.1640124,-0.04,0.06,3.7
1731946583.1641886,-0.04,0.06,3.7
1731946583.1643558,-0.04,0.06,3.7
1731946583.1645238,-0.04,0.06,3.7
1731946583.164691,-0.04,0.06,3.7
1731946583.1648588,-0.04,0.06,3.7
1731946583.1684787,-0.04,0.06,3.7
1731946583.1688135,-0.04,0.06,3.7
1731946583.229048,-0.04,0.06,3.7
1731946583.2312722,-0.04,0.06,3.7
1731946583.2328932,-0.04,0.06,3.7
1731946583.2342005,-0.04,0.06,3.7
1731946583.2358859,-0.04,0.06,3.7
1731946583.236795,-0.04,0.06,3.7
1731946583.2374578,-0.04,0.06,3.7
1731946583.2386036,-0.04,0.06,3.7
1731946583.2391665,-0.04,0.06,3.7
1731946583.2397115,-0.04,0.06,3.7
1731946583.241999,-0.04,0.06,3.7
1731946583.2423658,-0.04,0.06,3.7
1731946583.2430246,-0.04,0.06,3.7
1731946583.2432978,-0.04,0.06,3.7
1731946583.2435997,-0.04,0.06,3.7
1731946583.2438118,-0.04,0.06,3.7
1731946583.2532735,-0.04,0.06,3.7
1731946583.2562885,-0.04,0.06,3.7
1731946583.2585487,-0.04,0.06,3.7
1731946583.2598264,-0.04,0.06,3.7
1731946583.2606192,-0.04,0.06,3.7
1731946583.269012,-0.04,0.06,3.7
1731946583.2698443,-0.04,0.06,3.7
1731946583.2790637,-0.04,0.06,3.7
1731946583.2795002,-0.04,0.06,3.7
1731946583.2796798,-0.04,0.06,3.7
1731946583.2797797,-0.04,0.06,3.7
1731946583.2798676,-0.04,0.06,3.7
1731946583.2836356,-0.04,0.06,3.7
1731946583.2878745,-0.04,0.06,3.7
1731946583.2928033,-0.04,0.06,3.7
1731946583.2966955,-0.04,0.06,3.7
1731946583.2988915,-0.04,0.06,3.7
1731946583.3003504,-0.04,0.06,3.7
1731946583.3012435,-0.04,0.06,3.7
1731946583.302979,-0.04,0.06,3.7
1731946583.3033972,-0.04,0.06,3.7
1731946583.3048663,-0.04,0.06,3.7
1731946583.3083477,-0.04,0.06,3.7
1731946583.3103423,-0.04,0.06,3.7
1731946583.311743,-0.04,0.06,3.7
1731946583.3139052,-0.04,0.06,3.7
1731946583.3160806,-0.04,0.06,3.7
1731946583.3187373,-0.04,0.06,3.7
1731946583.3194249,-0.04,0.06,3.7
1731946583.3203285,-0.04,0.06,3.7
1731946583.3232367,-0.04,0.06,3.7
1731946583.324337,-0.04,0.06,3.7
1731946583.3299274,-0.04,0.06,3.7
1731946583.3304539,-0.04,0.06,3.7
1731946583.3306694,-0.04,0.06,3.7
1731946583.3408234,-0.04,0.06,3.7
1731946583.341238,-0.04,0.06,3.7
1731946583.3413467,-0.04,0.06,3.7
1731946583.3414376,-0.04,0.06,3.7
1731946583.341522,-0.04,0.06,3.7
1731946583.341652,-0.04,0.06,3.7
1731946583.3418117,-0.04,0.06,3.7
1731946583.341961,-0.04,0.06,3.7
1731946583.3421135,-0.04,0.06,3.7
1731946583.3423448,-0.04,0.06,3.7
1731946583.3424616,-0.04,0.06,3.7
1731946583.342604,-0.04,0.06,3.7
1731946583.342698,-0.04,0.06,3.7
1731946583.3431823,-0.04,0.06,3.7
1731946583.3437796,-0.04,0.06,3.7
1731946583.3439028,-0.04,0.06,3.7
1731946583.3441188,-0.04,0.06,3.7
1731946583.3442822,-0.04,0.06,3.7
1731946583.3545437,-0.04,0.06,3.7
1731946583.3548684,-0.04,0.06,3.7
1731946583.3553407,-0.04,0.06,3.7
1731946583.3557847,-0.04,0.06,3.7
1731946583.356383,-0.04,0.06,3.7
1731946583.3590066,-0.04,0.06,3.7
1731946583.359753,-0.04,0.06,3.7
1731946583.3625042,-0.04,0.06,3.7
1731946583.3629715,-0.04,0.06,3.7
1731946583.3684123,-0.04,0.06,3.7
1731946583.3696253,-0.04,0.06,3.7
1731946583.3717363,-0.04,0.06,3.7
1731946583.3733296,-0.04,0.06,3.7
1731946583.3778355,-0.04,0.06,3.7
1731946583.381489,-0.04,0.06,3.7
1731946583.3823786,-0.04,0.06,3.7
1731946583.3826792,-0.04,0.06,3.7
1731946583.3840885,-0.04,0.06,3.7
1731946583.3919432,-0.04,0.06,3.7
1731946583.393492,-0.04,0.06,3.7
1731946583.3946404,-0.04,0.06,3.7
1731946583.3956487,-0.04,0.06,3.7
1731946583.3978083,-0.04,0.06,3.7
1731946583.4002225,-0.04,0.06,3.7
1731946583.4020066,-0.04,0.06,3.7
1731946583.4069474,-0.04,0.06,3.7
1731946583.412791,-0.04,0.06,3.7
1731946583.4136033,-0.04,0.06,3.7
1731946583.4142237,-0.04,0.06,3.7
1731946583.4151032,-0.04,0.06,3.7
1731946583.418285,-0.04,0.06,3.7
1731946583.4194584,-0.04,0.06,3.7
1731946583.4223714,-0.04,0.06,3.7
1731946583.423104,-0.04,0.06,3.7
1731946583.4238894,-0.04,0.06,3.7
1731946583.4325576,-0.04,0.06,3.7
1731946583.4371095,-0.04,0.06,3.7
1731946583.4397933,-0.04,0.06,3.7
1731946583.441732,-0.04,0.06,3.7
1731946583.443158,-0.04,0.06,3.7
1731946583.444767,-0.04,0.06,3.7
1731946583.4500523,-0.04,0.06,3.7
1731946583.4521384,-0.04,0.06,3.7
1731946583.453332,-0.04,0.06,3.7
1731946583.4684153,-0.04,0.06,3.7
