1731946578.6167967,0.0,0.0,0.0
1731946578.618209,0.0,0.0,0.0
1731946578.6184037,0.0,0.0,0.0
1731946578.6185606,0.0,0.0,0.0
1731946578.6210153,0.0,0.0,0.0
1731946578.6215248,0.0,0.0,0.0
1731946578.6375034,0.0,0.0,0.0
1731946578.6378062,0.0,0.0,0.0
1731946578.6379218,0.0,0.0,0.0
1731946578.638015,0.0,0.0,0.0
1731946578.638101,0.01,0.02,-0.0
1731946578.6621726,0.01,0.02,-0.0
1731946578.662423,0.01,0.02,-0.0
1731946578.72926,0.01,0.02,-0.0
1731946578.7295554,0.01,0.02,-0.0
1731946578.7299793,0.01,0.02,-0.0
1731946578.730201,0.01,0.02,-0.0
1731946578.730479,0.01,0.02,-0.0
1731946578.7306812,0.01,0.02,-0.0
1731946578.7308633,0.01,0.02,-0.0
1731946578.7311988,0.01,0.02,-0.0
1731946578.7313998,0.01,0.02,-0.0
1731946578.7315762,0.01,0.02,-0.0
1731946578.731754,0.01,0.02,-0.0
1731946578.7319288,0.01,0.02,-0.0
1731946578.7321105,0.01,0.02,-0.0
1731946578.732277,0.01,0.02,-0.0
1731946578.7324455,0.01,0.02,-0.0
1731946578.732619,0.01,0.02,-0.0
1731946578.732792,0.01,0.02,-0.0
1731946578.7612693,0.01,0.02,-0.0
1731946578.7622638,0.01,0.02,-0.0
1731946578.7670825,0.01,0.02,-0.0
1731946578.7673295,0.01,0.02,-0.0
1731946578.7675042,0.01,0.02,-0.0
1731946578.7678213,0.01,0.02,-0.0
1731946578.7680202,0.01,0.02,-0.0
1731946578.7681878,0.01,0.02,-0.0
1731946578.768346,0.01,0.02,-0.0
1731946578.768497,0.01,0.02,-0.0
1731946578.768648,0.01,0.02,-0.0
1731946578.7687988,0.01,0.02,-0.0
1731946578.7689521,0.01,0.02,-0.0
1731946578.7691383,0.01,0.02,-0.0
1731946578.769314,0.01,0.02,-0.0
1731946578.769484,0.01,0.02,-0.0
1731946578.7696517,0.01,0.02,-0.0
1731946578.7698185,0.01,0.02,-0.0
1731946578.769984,0.01,0.02,-0.0
1731946578.7704046,0.01,0.02,-0.0
1731946578.7724328,0.01,0.02,-0.0
1731946578.7726948,0.01,0.02,-0.0
1731946578.7728884,0.01,0.02,-0.0
1731946578.7730882,0.01,0.02,-0.0
1731946578.773267,0.01,0.02,-0.0
1731946578.7738204,0.01,0.02,-0.0
1731946578.7745385,0.01,0.02,-0.0
1731946578.7782006,0.01,0.02,-0.0
1731946578.7800636,0.01,0.02,-0.0
1731946578.7808974,0.01,0.02,-0.0
1731946578.7847595,0.01,0.02,-0.0
1731946578.785267,0.01,0.02,-0.0
1731946578.7856603,0.01,0.02,-0.0
1731946578.788355,0.01,0.02,-0.0
1731946578.7898202,0.01,0.02,-0.0
1731946578.8519819,0.01,0.02,0.0
1731946578.8630207,0.01,0.02,0.0
1731946578.8638947,0.01,0.02,0.0
1731946578.874372,0.01,0.02,0.0
1731946578.8814225,0.01,0.02,0.0
1731946578.8832273,0.01,0.02,0.0
1731946578.8836057,0.01,0.02,0.0
1731946578.890737,0.01,0.02,0.0
1731946578.8935905,0.01,0.02,0.0
1731946578.8938136,0.01,0.02,0.0
1731946578.893937,0.01,0.02,0.0
1731946578.8940442,0.01,0.02,0.0
1731946578.8941653,0.01,0.02,0.0
1731946578.8942583,0.01,0.02,0.0
1731946578.894346,0.01,0.02,0.0
1731946578.8944318,0.01,0.02,0.0
1731946578.8945158,0.01,0.02,0.0
1731946578.8945994,0.01,0.02,0.0
1731946578.8946846,0.01,0.02,0.0
1731946578.8947654,0.01,0.02,0.0
1731946578.918416,0.01,0.02,0.0
1731946578.9189084,0.01,0.02,0.0
1731946578.919161,0.01,0.02,0.0
1731946578.9193776,0.01,0.02,0.0
1731946578.9195604,0.01,0.02,0.0
1731946578.9197273,0.01,0.02,0.0
1731946578.9199407,0.01,0.02,0.0
1731946578.9201543,0.01,0.02,0.0
1731946578.920346,0.01,0.02,0.0
1731946578.9205346,0.01,0.02,0.0
1731946578.9273527,0.01,0.02,0.0
1731946578.927689,0.01,0.02,0.0
1731946578.9290638,0.01,0.02,0.0
1731946578.9293585,0.01,0.02,0.0
1731946578.9295692,0.01,0.02,0.0
1731946578.9297643,0.01,0.02,0.0
1731946578.929948,0.01,0.02,0.0
1731946578.930122,0.01,0.02,0.0
1731946578.9302967,0.01,0.02,0.0
1731946578.9304805,0.01,0.02,0.0
1731946578.9361722,0.01,0.02,0.0
1731946578.9516008,0.01,0.02,0.0
1731946578.951959,0.01,0.02,0.0
1731946578.9521701,0.01,0.02,0.0
1731946578.9522917,0.01,0.02,0.0
1731946578.9524019,0.01,0.02,0.0
1731946578.952632,0.01,0.02,0.0
1731946578.9527574,0.01,0.02,0.0
1731946578.952862,0.01,0.02,0.0
1731946578.9529598,0.01,0.02,0.0
1731946578.9530826,0.01,0.02,0.0
1731946578.9532313,0.01,0.02,0.0
1731946578.9533882,0.01,0.02,0.0
1731946578.953546,0.01,0.02,0.0
1731946578.953712,0.01,0.02,0.0
1731946578.9538693,0.01,0.02,0.0
1731946578.9540358,0.01,0.02,0.0
1731946578.9541962,0.01,0.02,0.0
1731946578.955228,0.01,0.02,0.0
1731946578.956888,0.01,0.02,0.0
1731946578.957078,0.01,0.02,0.0
1731946578.9573174,0.01,0.02,0.0
1731946578.9959605,0.01,0.02,0.0
1731946578.9972022,0.01,0.02,0.0
1731946578.9974253,0.01,0.02,0.0
1731946578.997771,0.01,0.02,0.0
1731946578.9979854,0.01,0.02,0.0
1731946578.9981713,0.01,0.02,0.0
1731946578.9983594,0.01,0.02,0.0
1731946578.9985356,0.01,0.02,0.0
1731946578.9991252,0.01,0.02,0.0
1731946578.999354,0.01,0.02,0.0
1731946578.999775,0.01,0.02,0.0
1731946579.0001633,0.01,0.02,0.0
1731946579.026186,0.01,0.02,0.0
1731946579.02659,0.01,0.02,0.0
1731946579.0699508,0.01,0.02,0.0
1731946579.070437,0.01,0.02,0.0
1731946579.0706687,0.01,0.02,0.0
1731946579.0708604,0.01,0.02,0.0
1731946579.0712516,0.01,0.02,0.0
1731946579.0714533,0.01,0.02,0.0
1731946579.0716367,0.01,0.02,0.0
1731946579.0718138,0.01,0.02,0.0
1731946579.0720057,0.01,0.02,0.0
1731946579.072189,0.01,0.02,0.0
1731946579.0723608,0.01,0.02,0.0
1731946579.072531,0.01,0.02,0.0
1731946579.0727046,0.01,0.02,0.0
1731946579.0728748,0.01,0.02,0.0
1731946579.0730376,0.01,0.02,0.0
1731946579.0732117,0.01,0.02,0.0
1731946579.0733798,0.01,0.02,0.0
1731946579.073548,0.01,0.02,0.0
1731946579.0774467,0.01,0.02,0.0
1731946579.0822194,0.01,0.02,0.0
1731946579.0877464,0.01,0.02,0.0
1731946579.0906398,0.01,0.02,0.0
1731946579.0955217,0.01,0.02,0.0
1731946579.0958862,0.01,0.02,0.0
1731946579.0962,0.01,0.02,0.0
1731946579.0964813,0.01,0.02,0.0
1731946579.0966735,0.01,0.02,0.0
1731946579.096848,0.01,0.02,0.0
1731946579.1002278,0.01,0.02,0.0
1731946579.101586,0.01,0.02,0.0
1731946579.1032238,0.01,0.02,0.0
1731946579.1036744,0.01,0.02,0.0
1731946579.1040566,0.01,0.02,0.0
1731946579.104269,0.01,0.02,0.0
1731946579.104432,0.01,0.02,0.0
1731946579.109751,0.01,0.02,0.0
1731946579.1103866,0.01,0.02,0.0
1731946579.1106572,0.01,0.02,0.0
1731946579.1109622,0.01,0.02,0.0
1731946579.1111627,0.01,0.02,0.0
1731946579.1113226,0.01,0.02,0.0
1731946579.1114683,0.01,0.02,0.0
1731946579.1116147,0.01,0.02,0.0
1731946579.117499,0.01,0.02,0.0
1731946579.1178975,0.01,0.02,0.0
1731946579.1182604,0.01,0.02,0.0
1731946579.118486,0.01,0.02,0.0
1731946579.1186643,0.01,0.02,0.0
1731946579.1188831,0.01,0.02,0.0
1731946579.1190817,0.01,0.02,0.0
1731946579.119268,0.01,0.02,0.0
1731946579.1194398,0.01,0.02,0.0
1731946579.1226883,0.01,0.02,0.0
1731946579.1230505,0.01,0.02,0.0
1731946579.123268,0.01,0.02,0.0
1731946579.1234603,0.01,0.02,0.0
1731946579.1237307,0.01,0.02,0.0
1731946579.123927,0.01,0.02,0.0
1731946579.156599,0.01,0.02,0.0
1731946579.1571312,0.01,0.02,0.0
1731946579.1574516,0.01,0.02,0.0
1731946579.1576903,0.01,0.01,-0.0
1731946579.1581726,0.01,0.01,-0.0
1731946579.1605027,0.01,0.01,-0.0
1731946579.1608245,0.01,0.01,-0.0
1731946579.1703324,0.01,0.01,-0.0
1731946579.1706464,0.01,0.01,-0.0
1731946579.1710029,0.01,0.01,-0.0
1731946579.1712086,0.01,0.01,-0.0
1731946579.1713936,0.01,0.01,-0.0
1731946579.171548,0.01,0.01,-0.0
1731946579.1717272,0.01,0.01,-0.0
1731946579.1719074,0.01,0.01,-0.0
1731946579.1721401,0.01,0.01,-0.0
1731946579.1722944,0.01,0.01,-0.0
1731946579.176896,0.01,0.01,-0.0
1731946579.1773217,0.01,0.01,-0.0
1731946579.177689,0.01,0.01,-0.0
1731946579.1779358,0.01,0.01,-0.0
1731946579.1781647,0.01,0.01,-0.0
1731946579.1783984,0.01,0.01,-0.0
1731946579.1787226,0.01,0.01,-0.0
1731946579.1806443,0.01,0.01,-0.0
1731946579.1854942,0.01,0.01,-0.0
1731946579.1879263,0.01,0.01,-0.0
1731946579.191476,0.01,0.01,-0.0
1731946579.2210028,0.01,0.01,-0.0
1731946579.2214377,0.01,0.01,-0.0
1731946579.2216625,0.01,0.01,-0.0
1731946579.2218592,0.01,0.01,-0.0
1731946579.2220473,0.01,0.01,-0.0
1731946579.2223523,0.01,0.01,-0.0
1731946579.222547,0.01,0.01,-0.0
1731946579.2227685,0.01,0.01,-0.0
1731946579.2229607,0.01,0.01,-0.0
1731946579.2231495,0.01,0.01,-0.0
1731946579.2234852,0.01,0.01,-0.0
1731946579.2314675,0.01,0.01,-0.0
1731946579.2316906,0.01,0.01,-0.0
1731946579.232835,0.01,0.01,-0.0
1731946579.2334661,0.01,0.01,-0.0
1731946579.2337906,0.01,0.01,-0.0
1731946579.2340927,0.01,0.01,-0.0
1731946579.2343934,0.01,0.01,-0.0
1731946579.2345963,0.01,0.01,-0.0
1731946579.23532,0.01,0.01,-0.0
1731946579.2355344,0.01,0.01,-0.0
1731946579.2359006,0.01,0.01,-0.0
1731946579.2361615,0.01,0.01,-0.0
1731946579.236358,0.01,0.01,-0.0
1731946579.2365365,0.01,0.01,-0.0
1731946579.236701,0.01,0.01,-0.0
1731946579.2369664,0.01,0.01,-0.0
1731946579.2372234,0.01,0.01,-0.0
1731946579.2374108,0.01,0.01,-0.0
1731946579.2665305,0.01,0.01,-0.0
1731946579.274851,0.01,0.01,-0.0
1731946579.275356,0.01,0.01,-0.0
1731946579.2755926,0.01,0.01,-0.0
1731946579.2757878,0.01,0.01,-0.0
1731946579.2759914,0.01,0.01,-0.0
1731946579.2761726,0.01,0.01,-0.0
1731946579.2763386,0.01,0.01,-0.0
1731946579.2765076,0.01,0.01,-0.0
1731946579.2766738,0.01,0.01,-0.0
1731946579.2768376,0.01,0.01,-0.0
1731946579.2771688,0.01,0.01,-0.0
1731946579.2773812,0.01,0.01,-0.0
1731946579.27758,0.01,0.01,-0.0
1731946579.27775,0.01,0.01,-0.0
1731946579.2779138,0.01,0.01,-0.0
1731946579.2780771,0.01,0.01,-0.0
1731946579.278235,0.01,0.01,-0.0
1731946579.2784028,0.01,0.01,-0.0
1731946579.278569,0.01,0.01,-0.0
1731946579.2909365,0.01,0.01,-0.0
1731946579.2925801,0.01,0.01,-0.0
1731946579.293239,0.01,0.01,-0.0
1731946579.2949772,0.01,0.01,-0.0
1731946579.3091168,0.01,0.01,-0.0
1731946579.3094683,0.01,0.01,-0.0
1731946579.3102183,0.01,0.01,-0.0
1731946579.3106008,0.01,0.01,-0.0
1731946579.3108141,0.01,0.01,-0.0
1731946579.3109999,0.01,0.01,-0.0
1731946579.3111746,0.01,0.01,-0.0
1731946579.3113422,0.01,0.01,-0.0
1731946579.3115103,0.01,0.01,-0.0
1731946579.311678,0.01,0.01,-0.0
1731946579.3654475,0.01,0.01,-0.0
1731946579.3658764,0.01,0.01,-0.0
1731946579.3660903,0.01,0.01,-0.0
1731946579.3662739,0.01,0.01,-0.0
1731946579.3664496,0.01,0.01,-0.0
1731946579.3666193,0.01,0.01,-0.0
1731946579.3667893,0.01,0.01,-0.0
1731946579.3669593,0.01,0.01,-0.0
1731946579.367129,0.01,0.01,-0.0
1731946579.3672981,0.01,0.01,-0.0
1731946579.3756056,0.01,0.01,-0.0
1731946579.3805327,0.01,0.01,-0.0
1731946579.3820713,0.01,0.01,-0.0
1731946579.3845637,0.01,0.01,-0.0
1731946579.3863888,0.01,0.01,-0.0
1731946579.388617,0.01,0.01,-0.0
1731946579.3918223,0.01,0.01,-0.0
1731946579.3936207,0.01,0.01,-0.0
1731946579.3953154,0.01,0.01,-0.0
1731946579.398844,0.01,0.01,-0.0
1731946579.4009395,0.01,0.01,-0.0
1731946579.4035308,0.01,0.01,-0.0
1731946579.4060223,0.01,0.01,-0.0
1731946579.4096844,0.01,0.01,-0.0
1731946579.411375,0.01,0.01,-0.0
1731946579.4123929,0.01,0.01,-0.0
1731946579.4127412,0.01,0.01,-0.0
1731946579.4138143,0.01,0.01,-0.0
1731946579.4141128,0.01,0.01,-0.0
1731946579.415262,0.01,0.01,-0.0
1731946579.4201527,0.01,0.01,-0.0
1731946579.4206553,0.01,0.01,-0.0
1731946579.4215262,0.01,0.01,-0.0
1731946579.4218261,0.01,0.01,-0.0
1731946579.4220092,0.01,0.01,-0.0
1731946579.422318,0.01,0.01,-0.0
1731946579.4251227,0.01,0.01,-0.0
1731946579.4262218,0.01,0.01,-0.0
1731946579.4297395,0.01,0.01,-0.0
1731946579.4301643,0.01,0.01,-0.0
1731946579.4303324,0.01,0.01,-0.0
1731946579.4305158,0.01,0.01,-0.0
1731946579.430643,0.01,0.01,-0.0
1731946579.432883,0.01,0.01,-0.0
1731946579.4362726,0.01,0.01,-0.0
1731946579.4371088,0.01,0.01,-0.0
1731946579.4381151,0.01,0.01,-0.0
1731946579.439007,0.01,0.01,-0.0
1731946579.440031,0.01,0.01,-0.0
1731946579.4426112,0.01,0.01,-0.0
1731946579.4432445,0.01,0.01,-0.0
1731946579.4459953,0.01,0.01,-0.0
1731946579.4465969,0.01,0.01,-0.0
1731946579.4471407,0.01,0.01,-0.0
1731946579.4477117,0.01,0.01,-0.0
1731946579.4481308,0.01,0.01,-0.0
1731946579.4493942,0.01,0.01,-0.0
1731946579.4499462,0.01,0.01,-0.0
1731946579.4525928,0.01,0.01,-0.0
1731946579.453121,0.01,0.01,-0.0
1731946579.4535246,0.01,0.01,-0.0
1731946579.4546466,0.01,0.01,-0.0
1731946579.4600868,0.01,0.01,-0.0
1731946579.4604652,0.01,0.01,-0.0
1731946579.5085363,0.01,0.01,-0.0
1731946579.513435,0.01,0.01,-0.0
1731946579.5192368,0.01,0.01,-0.0
1731946579.528227,0.01,0.01,-0.0
1731946579.5284116,0.01,0.01,-0.0
1731946579.5288014,0.01,0.01,-0.0
1731946579.5289288,0.01,0.01,-0.0
1731946579.529022,0.01,0.01,-0.0
1731946579.529109,0.01,0.01,-0.0
1731946579.5291922,0.01,0.01,-0.0
1731946579.5292757,0.01,0.01,-0.0
1731946579.5293572,0.01,0.01,-0.0
1731946579.5294392,0.01,0.01,-0.0
1731946579.5320282,0.01,0.01,-0.0
1731946579.5335238,0.01,0.01,-0.0
1731946579.5348094,0.01,0.01,-0.0
1731946579.535842,0.01,0.01,-0.0
1731946579.5371404,0.01,0.01,-0.0
1731946579.5382056,0.01,0.01,-0.0
1731946579.5397506,0.01,0.01,-0.0
1731946579.5401046,0.01,0.01,-0.0
1731946579.5433092,0.01,0.01,-0.0
1731946579.5438292,0.01,0.01,-0.0
1731946579.545192,0.01,0.01,-0.0
1731946579.5473046,0.01,0.01,-0.0
1731946579.5483937,0.01,0.01,-0.0
1731946579.5499198,0.01,0.01,-0.0
1731946579.5521677,0.01,0.01,-0.0
1731946579.5531251,0.01,0.01,-0.0
1731946579.5553339,0.01,0.01,-0.0
1731946579.5562534,0.01,0.01,-0.0
1731946579.5581894,0.01,0.01,-0.0
1731946579.55929,0.01,0.01,-0.0
1731946579.5606108,0.01,0.01,-0.0
1731946579.561678,0.01,0.01,-0.0
1731946579.5625484,0.01,0.01,-0.0
1731946579.5643783,0.01,0.01,-0.0
1731946579.5652134,0.01,0.01,-0.0
1731946579.5663445,0.01,0.01,-0.0
1731946579.5672386,0.01,0.01,-0.0
1731946579.5681345,0.01,0.01,-0.0
1731946579.5690525,0.01,0.01,-0.0
1731946579.5700743,0.01,0.01,-0.0
1731946579.571949,0.01,0.01,-0.0
1731946579.5816207,0.01,0.01,-0.0
1731946579.5818672,0.01,0.01,-0.0
1731946579.5820248,0.01,0.01,-0.0
1731946579.5822206,0.01,0.01,-0.0
1731946579.5827906,0.01,0.01,-0.0
1731946579.5829844,0.01,0.01,-0.0
1731946579.5833845,0.01,0.01,-0.0
1731946579.583503,0.01,0.01,-0.0
1731946579.5835967,0.01,0.01,-0.0
1731946579.583942,0.01,0.01,-0.0
1731946579.586714,0.01,0.01,-0.0
1731946579.586952,0.01,0.01,-0.0
1731946579.5872123,0.01,0.01,-0.0
1731946579.587383,0.01,0.01,-0.0
1731946579.5875459,0.01,0.01,-0.0
1731946579.5877776,0.01,0.01,-0.0
1731946579.5884168,0.01,0.01,-0.0
1731946579.5895529,0.01,0.01,-0.0
1731946579.5912447,0.01,0.01,-0.0
1731946579.593096,0.01,0.01,-0.0
1731946579.5943885,0.01,0.01,-0.0
1731946579.595388,0.01,0.01,-0.0
1731946579.5982366,0.01,0.01,-0.0
1731946579.6049626,0.01,0.01,-0.0
1731946579.6052005,0.01,0.01,-0.0
1731946579.6066644,0.01,0.01,-0.0
1731946579.6068118,0.01,0.01,-0.0
1731946579.6069186,0.01,0.01,-0.0
1731946579.6070156,0.01,0.01,-0.0
1731946579.6071064,0.01,0.01,-0.0
1731946579.6071959,0.01,0.01,-0.0
1731946579.6072834,0.01,0.01,-0.0
1731946579.6073692,0.01,0.01,-0.0
1731946579.6218603,0.01,0.01,-0.0
1731946579.6226676,0.01,0.01,-0.0
1731946579.6238139,0.01,0.01,-0.0
1731946579.6243086,0.01,0.01,-0.0
1731946579.6259532,0.01,0.01,-0.0
1731946579.6267295,0.01,0.01,-0.0
1731946579.6273844,0.01,0.01,-0.0
1731946579.6277516,0.01,0.01,-0.0
1731946579.6279454,0.01,0.01,-0.0
1731946579.6281788,0.01,0.01,-0.0
1731946579.6282854,0.01,0.01,-0.0
1731946579.6289473,0.01,0.01,-0.0
1731946579.6303272,0.01,0.01,-0.0
1731946579.6315598,0.01,0.01,-0.0
1731946579.6338418,0.01,0.01,-0.0
1731946579.6358137,0.01,0.01,-0.0
1731946579.640254,0.01,0.01,-0.0
1731946579.640571,0.01,0.01,-0.0
1731946579.6409826,0.01,0.01,-0.0
1731946579.652241,0.01,0.01,-0.0
1731946579.6530695,0.01,0.01,-0.0
1731946579.6543627,0.01,0.01,-0.0
1731946579.6547666,0.01,0.01,-0.0
1731946579.6567175,0.01,0.01,-0.0
1731946579.6578097,0.01,0.01,-0.0
1731946579.6593735,0.01,0.01,-0.0
1731946579.6611068,0.01,0.01,-0.0
1731946579.6622186,0.01,0.01,-0.0
1731946579.6634047,0.01,0.01,-0.0
1731946579.6638052,0.01,0.01,-0.0
1731946579.6665075,0.01,0.01,-0.0
1731946579.6672668,0.01,0.01,-0.0
1731946579.669304,0.01,0.01,-0.0
1731946579.6700935,0.01,0.01,-0.0
1731946579.670983,0.01,0.01,-0.0
1731946579.6721303,0.01,0.01,-0.0
1731946579.6784916,0.01,0.01,-0.0
1731946579.679657,0.01,0.01,-0.0
1731946579.6799753,0.01,0.01,-0.0
1731946579.6816387,0.01,0.01,-0.0
1731946579.6823697,0.01,0.01,-0.0
1731946579.6833901,0.01,0.01,-0.0
1731946579.6843607,0.01,0.01,-0.0
1731946579.6861386,0.01,0.01,-0.0
1731946579.6870806,0.01,0.01,-0.0
1731946579.688079,0.01,0.01,-0.0
1731946579.6891928,0.01,0.01,-0.0
1731946579.6899526,0.01,0.01,-0.0
1731946579.69096,0.01,0.01,-0.0
1731946579.6919699,0.01,0.01,-0.0
1731946579.6938007,0.01,0.01,-0.0
1731946579.69475,0.01,0.01,-0.0
1731946579.6957176,0.01,0.01,-0.0
1731946579.6980214,0.01,0.01,-0.0
1731946579.69884,0.01,0.01,-0.0
1731946579.7000387,0.01,0.01,-0.0
1731946579.7008064,0.01,0.01,-0.0
1731946579.7025397,0.01,0.01,-0.0
1731946579.7034712,0.01,0.01,-0.0
1731946579.7047431,0.01,0.01,-0.0
1731946579.7055058,0.01,0.01,-0.0
1731946579.7062979,0.01,0.01,-0.0
1731946579.7072682,0.01,0.01,-0.0
1731946579.7082345,0.01,0.01,-0.0
1731946579.7097619,0.01,0.01,-0.0
1731946579.7109153,0.01,0.01,-0.0
1731946579.7119076,0.01,0.01,-0.0
1731946579.7128425,0.01,0.01,-0.0
1731946579.7137573,0.01,0.01,-0.0
1731946579.7182395,0.01,0.01,-0.0
1731946579.7201138,0.01,0.01,-0.0
1731946579.7204306,0.01,0.01,-0.0
1731946579.723923,0.01,0.01,-0.0
1731946579.7241557,0.01,0.01,-0.0
1731946579.725148,0.01,0.01,-0.0
1731946579.7261105,0.01,0.01,-0.0
1731946579.7271805,0.01,0.01,-0.0
1731946579.7292402,0.01,0.01,-0.0
1731946579.7313488,0.01,0.01,-0.0
1731946579.7362928,0.01,0.01,-0.0
1731946579.73657,0.01,0.01,-0.0
1731946579.7368262,0.01,0.01,-0.0
1731946579.7378776,0.01,0.01,-0.0
1731946579.738408,0.01,0.01,-0.0
1731946579.7393394,0.01,0.01,-0.0
1731946579.7399938,0.01,0.01,-0.0
1731946579.7420528,0.01,0.01,-0.0
1731946579.7434702,0.01,0.01,-0.0
1731946579.7444413,0.01,0.01,-0.0
1731946579.7454524,0.01,0.01,-0.0
1731946579.7464678,0.01,0.01,-0.0
1731946579.7487311,0.01,0.01,-0.0
1731946579.7500865,0.01,0.01,-0.0
1731946579.7522585,0.01,0.01,-0.0
1731946579.7537098,0.01,0.01,-0.0
1731946579.7546566,0.01,0.01,-0.0
1731946579.7554848,0.01,0.01,-0.0
1731946579.7565074,0.01,0.01,-0.0
1731946579.757368,0.01,0.01,-0.0
1731946579.7581768,0.01,0.01,-0.0
1731946579.7597485,0.01,0.01,-0.0
1731946579.760929,0.01,0.01,-0.0
1731946579.7618675,0.01,0.01,-0.0
1731946579.7626188,0.01,0.01,-0.0
1731946579.763496,0.01,0.01,-0.0
1731946579.7644038,0.01,0.01,-0.0
1731946579.765361,0.01,0.01,-0.0
1731946579.76623,0.01,0.01,-0.0
1731946579.7677712,0.01,0.01,-0.0
1731946579.7686334,0.01,0.01,-0.0
1731946579.7694936,0.01,0.01,-0.0
1731946579.770296,0.01,0.01,-0.0
1731946579.772582,0.01,0.01,-0.0
1731946579.7735527,0.01,0.01,-0.0
1731946579.7743545,0.01,0.01,-0.0
1731946579.7758968,0.01,0.01,-0.0
1731946579.7838602,0.01,0.01,-0.0
1731946579.7841759,0.01,0.01,-0.0
1731946579.7844336,0.01,0.01,-0.0
1731946579.7846131,0.01,0.01,-0.0
1731946579.784782,0.01,0.01,-0.0
1731946579.7849412,0.01,0.01,-0.0
1731946579.7852526,0.01,0.01,-0.0
1731946579.7866194,0.01,0.01,-0.0
1731946579.7883935,0.01,0.01,-0.0
1731946579.7886798,0.01,0.01,-0.0
1731946579.7891538,0.01,0.01,-0.0
1731946579.7896297,0.01,0.01,-0.0
1731946579.7910285,0.01,0.01,-0.0
1731946579.79156,0.01,0.01,-0.0
1731946579.792126,0.01,0.01,-0.0
1731946579.7934685,0.01,0.01,-0.0
1731946579.7942314,0.01,0.01,-0.0
1731946579.7954173,0.01,0.01,-0.0
1731946579.7968867,0.01,0.01,-0.0
1731946579.7973955,0.01,0.01,-0.0
1731946579.7980351,0.01,0.01,-0.0
1731946579.7991164,0.01,0.01,-0.0
1731946579.800896,0.01,0.01,-0.0
1731946579.801633,0.01,0.01,-0.0
1731946579.802242,0.01,0.01,-0.0
1731946579.8028624,0.01,0.01,-0.0
1731946579.8034115,0.01,0.01,-0.0
1731946579.8041563,0.01,0.01,-0.0
1731946579.8047268,0.01,0.01,-0.0
1731946579.8056738,0.01,0.01,-0.0
1731946579.8074508,0.01,0.01,-0.0
1731946579.8077574,0.01,0.01,-0.0
1731946579.8080478,0.01,0.01,-0.0
1731946579.8091917,0.01,0.01,-0.0
1731946579.809496,0.01,0.01,-0.0
1731946579.8100643,0.01,0.01,-0.0
1731946579.8107064,0.01,0.01,-0.0
1731946579.8113759,0.01,0.01,-0.0
1731946579.8128283,0.01,0.01,-0.0
1731946579.813459,0.01,0.01,-0.0
1731946579.8687837,0.01,0.01,-0.0
1731946579.8767202,0.01,0.01,-0.0
1731946579.8769662,0.01,0.01,-0.0
1731946579.877159,0.01,0.01,-0.0
1731946579.8772676,0.01,0.01,-0.0
1731946579.877359,0.01,0.01,-0.0
1731946579.8774438,0.01,0.01,-0.0
1731946579.8775275,0.01,0.01,-0.0
1731946579.8776119,0.01,0.01,-0.0
1731946579.8776968,0.01,0.01,-0.0
1731946579.87778,0.01,0.01,-0.0
1731946579.8778636,0.01,0.01,-0.0
1731946579.8779616,0.01,0.01,-0.0
1731946579.8809423,0.01,0.01,-0.0
1731946579.8817353,0.01,0.01,-0.0
1731946579.8836548,0.01,0.01,-0.0
1731946579.8853798,0.01,0.01,-0.0
1731946579.8875902,0.01,0.01,-0.0
1731946579.8907707,0.01,0.01,-0.0
1731946579.893643,0.01,0.01,-0.0
1731946579.8961568,0.01,0.01,-0.0
1731946579.8965647,0.01,0.01,-0.0
1731946579.9181187,0.01,0.01,-0.0
1731946579.9185808,0.01,0.01,-0.0
1731946579.9191742,0.01,0.01,-0.0
1731946579.9194112,0.01,0.01,-0.0
1731946579.9196038,0.01,0.01,-0.0
1731946579.9197843,0.01,0.01,-0.0
1731946579.9199932,0.01,0.01,-0.0
1731946579.9201763,0.01,0.01,-0.0
1731946579.9203513,0.01,0.01,-0.0
1731946579.9205196,0.01,0.01,-0.0
1731946579.925991,0.01,0.01,-0.0
1731946579.9277909,0.01,0.01,-0.0
1731946579.9385633,0.01,0.01,-0.0
1731946579.9392529,0.01,0.01,-0.0
1731946579.9396088,0.01,0.01,-0.0
1731946579.9429133,0.01,0.01,-0.0
1731946579.9456942,0.01,0.01,-0.0
1731946579.9461997,0.01,0.01,-0.0
1731946579.9464886,0.01,0.01,-0.0
1731946579.9516802,0.01,0.01,-0.0
1731946579.9534233,0.01,0.01,-0.0
1731946579.9544587,0.01,0.01,-0.0
1731946579.9599547,0.01,0.01,-0.0
1731946579.9643033,0.01,0.01,-0.0
1731946579.9656985,0.01,0.01,-0.0
1731946579.967225,0.01,0.01,-0.0
1731946579.9718878,0.01,0.01,-0.0
1731946579.9723012,0.01,0.01,-0.0
1731946579.9725974,0.01,0.01,-0.0
1731946579.97679,0.01,0.01,-0.0
1731946579.9771004,0.01,0.01,-0.0
1731946579.9783652,0.01,0.01,-0.0
1731946579.9800322,0.01,0.01,-0.0
1731946579.981571,0.01,0.01,-0.0
1731946579.9839818,0.01,0.01,-0.0
1731946579.9868414,0.01,0.01,-0.0
1731946579.9940143,0.01,0.01,-0.0
1731946579.9944289,0.01,0.01,-0.0
1731946579.9947832,0.01,0.01,-0.0
1731946579.9950151,0.01,0.01,-0.0
1731946579.9984252,0.01,0.01,-0.0
1731946580.00065,0.01,0.01,-0.0
1731946580.007849,0.01,0.01,-0.0
1731946580.0089898,0.01,0.01,-0.0
1731946580.0202038,0.01,0.01,-0.0
1731946580.020588,0.01,0.01,-0.0
1731946580.0209591,0.01,0.01,-0.0
1731946580.02652,0.01,0.01,-0.0
1731946580.0273242,0.01,0.01,-0.0
1731946580.0275838,0.01,0.01,-0.0
1731946580.0277596,0.01,0.01,-0.0
1731946580.0296285,0.01,0.01,-0.0
1731946580.0314665,0.01,0.01,-0.0
1731946580.032175,0.01,0.01,-0.0
1731946580.032846,0.01,0.01,-0.0
1731946580.0350306,0.01,0.01,-0.0
1731946580.035834,0.01,0.01,-0.0
1731946580.0395856,0.01,0.01,-0.0
1731946580.0400481,0.01,0.01,-0.0
1731946580.0402992,0.01,0.01,-0.0
1731946580.0408924,0.01,0.01,-0.0
1731946580.0422628,0.01,0.01,-0.0
1731946580.0435348,0.01,0.01,-0.0
1731946580.0448687,0.01,0.01,-0.0
1731946580.0465171,0.01,0.01,-0.0
1731946580.047469,0.01,0.01,-0.0
1731946580.0487285,0.01,0.01,-0.0
1731946580.0492606,0.01,0.01,-0.0
1731946580.0503283,0.01,0.01,-0.0
1731946580.0511625,0.01,0.01,-0.0
1731946580.051476,0.01,0.01,-0.0
1731946580.0523548,0.01,0.01,-0.0
1731946580.0526993,0.01,0.01,-0.0
1731946580.0559003,0.01,0.01,-0.0
1731946580.056257,0.01,0.01,-0.0
1731946580.056414,0.01,0.01,-0.0
1731946580.0602016,0.01,0.01,-0.0
1731946580.0604382,0.01,0.01,-0.0
1731946580.060566,0.01,0.01,-0.0
1731946580.0609343,0.01,0.01,-0.0
1731946580.1064863,0.01,0.01,-0.0
1731946580.1097035,0.01,0.01,-0.0
1731946580.1110766,0.01,0.01,-0.0
1731946580.1112008,0.01,0.01,-0.0
1731946580.111286,0.01,0.01,-0.0
1731946580.1113687,0.01,0.01,-0.0
1731946580.1114535,0.01,0.01,-0.0
1731946580.1115608,0.01,0.01,-0.0
1731946580.1116447,0.01,0.01,-0.0
1731946580.1117427,0.01,0.01,-0.0
1731946580.111827,0.01,0.01,-0.0
1731946580.1120882,0.01,0.01,-0.0
1731946580.112184,0.01,0.01,-0.0
1731946580.1122656,0.01,0.01,-0.0
1731946580.1123447,0.01,0.01,-0.0
1731946580.1124234,0.01,0.01,-0.0
1731946580.1125019,0.01,0.01,-0.0
1731946580.1125805,0.01,0.01,-0.0
1731946580.1126587,0.01,0.01,-0.0
1731946580.1127362,0.01,0.01,-0.0
1731946580.1128135,0.01,0.01,-0.0
1731946580.1128905,0.01,0.01,-0.0
1731946580.1129663,0.01,0.01,-0.0
1731946580.1130424,0.01,0.01,-0.0
1731946580.1131196,0.01,0.01,-0.0
1731946580.1131957,0.01,0.01,-0.0
1731946580.1132736,0.01,0.01,-0.0
1731946580.1133525,0.01,0.01,-0.0
1731946580.1134307,0.01,0.01,-0.0
1731946580.1135917,0.01,0.01,-0.0
1731946580.119983,0.01,0.01,-0.0
1731946580.1202035,0.01,0.01,-0.0
1731946580.1203768,0.01,0.01,-0.0
1731946580.1205482,0.01,0.01,-0.0
1731946580.120706,0.01,0.01,-0.0
1731946580.1208675,0.01,0.01,-0.0
1731946580.1214476,0.01,0.01,-0.0
1731946580.1220148,0.01,0.01,-0.0
1731946580.1221652,0.01,0.01,-0.0
1731946580.1223142,0.01,0.01,-0.0
1731946580.1224647,0.01,0.01,-0.0
1731946580.1226256,0.01,0.01,-0.0
1731946580.1228683,0.01,0.01,-0.0
1731946580.1230636,0.01,0.01,-0.0
1731946580.1299381,0.01,0.01,-0.0
1731946580.1347802,0.01,0.01,-0.0
1731946580.137648,0.01,0.01,-0.0
1731946580.137805,0.01,0.01,-0.0
1731946580.1378996,0.01,0.01,-0.0
1731946580.1388848,0.01,0.01,-0.0
1731946580.1392472,0.01,0.01,-0.0
1731946580.1394238,0.01,0.01,-0.0
1731946580.178765,0.01,0.01,-0.0
1731946580.1803463,0.01,0.01,-0.0
1731946580.1807215,0.01,0.01,-0.0
1731946580.1809773,0.01,0.01,-0.0
1731946580.1812701,0.01,0.01,-0.0
1731946580.1814845,0.01,0.01,-0.0
1731946580.1817572,0.01,0.01,-0.0
1731946580.1820402,0.01,0.01,-0.0
1731946580.183565,0.01,0.01,-0.0
1731946580.1843362,0.01,0.01,-0.0
1731946580.1878064,0.01,0.01,-0.0
1731946580.1892142,0.01,0.01,-0.0
1731946580.1923325,0.01,0.01,-0.0
1731946580.1956272,0.01,0.01,-0.0
1731946580.1987114,0.01,0.01,-0.0
1731946580.2008178,0.01,0.01,-0.0
1731946580.2025187,0.01,0.01,-0.0
1731946580.2042575,0.01,0.01,-0.0
1731946580.2060273,0.01,0.01,-0.0
1731946580.2078333,0.01,0.01,-0.0
1731946580.2095366,0.01,0.01,-0.0
1731946580.2113245,0.01,0.01,-0.0
1731946580.2135234,0.01,0.01,-0.0
1731946580.2175596,0.01,0.01,-0.0
1731946580.2195144,0.01,0.01,-0.0
1731946580.2230754,0.01,0.01,-0.0
1731946580.2254517,0.01,0.01,-0.0
1731946580.229047,0.01,0.01,-0.0
1731946580.232116,0.01,0.01,-0.0
1731946580.2347803,0.01,0.01,-0.0
1731946580.23704,0.01,0.01,-0.0
1731946580.238834,0.01,0.01,-0.0
1731946580.2400804,0.01,0.01,-0.0
1731946580.2416148,0.01,0.01,-0.0
1731946580.2427003,0.01,0.01,-0.0
1731946580.2458298,0.01,0.01,-0.0
1731946580.24609,0.01,0.01,-0.0
1731946580.2477112,0.01,0.01,-0.0
1731946580.2493615,0.01,0.01,-0.0
1731946580.2510052,0.01,0.01,-0.0
1731946580.2520187,0.01,0.01,-0.0
1731946580.2539027,0.01,0.01,-0.0
1731946580.2555604,0.01,0.01,-0.0
1731946580.2566142,0.01,0.01,-0.0
1731946580.2595618,0.01,0.01,-0.0
1731946580.2616212,0.01,0.01,-0.0
1731946580.262972,0.01,0.01,-0.0
1731946580.2640538,0.01,0.01,-0.0
1731946580.265786,0.01,0.01,-0.0
1731946580.2665496,0.01,0.01,-0.0
1731946580.2672355,0.01,0.01,-0.0
1731946580.2690268,0.01,0.01,-0.0
1731946580.2705226,0.01,0.01,-0.0
1731946580.2721102,0.01,0.01,-0.0
1731946580.2732234,0.01,0.01,-0.0
1731946580.2740252,0.01,0.01,-0.0
1731946580.2747953,0.01,0.01,-0.0
1731946580.2796423,0.01,0.01,-0.0
1731946580.2799754,0.01,0.01,-0.0
1731946580.2801707,0.01,0.01,-0.0
1731946580.2809496,0.01,0.01,-0.0
1731946580.2815347,0.01,0.01,-0.0
1731946580.2826202,0.01,0.01,-0.0
1731946580.2836254,0.01,0.01,-0.0
1731946580.28503,0.01,0.01,-0.0
1731946580.285325,0.01,0.01,-0.0
1731946580.2856956,0.01,0.01,-0.0
1731946580.287095,0.01,0.01,-0.0
1731946580.28892,0.01,0.01,-0.0
1731946580.290287,0.01,0.01,-0.0
1731946580.292866,0.01,0.01,-0.0
1731946580.2931678,0.01,0.01,-0.0
1731946580.2945995,0.01,0.01,-0.0
1731946580.2973623,0.01,0.01,-0.0
1731946580.3002925,0.01,0.01,-0.0
1731946580.3009408,0.01,0.01,-0.0
1731946580.301643,0.01,0.01,-0.0
1731946580.302453,0.01,0.01,-0.0
1731946580.3033044,0.01,0.01,-0.0
1731946580.3042438,0.01,0.01,-0.0
1731946580.3062587,0.01,0.01,-0.0
1731946580.306779,0.01,0.01,-0.0
1731946580.3083174,0.01,0.01,-0.0
1731946580.3089728,0.01,0.01,-0.0
1731946580.3092616,0.01,0.01,-0.0
1731946580.3110743,0.01,0.01,-0.0
1731946580.3137953,0.01,0.01,-0.0
1731946580.314146,0.01,0.01,-0.0
1731946580.314438,0.01,0.01,-0.0
1731946580.3176255,0.01,0.01,-0.0
1731946580.3179107,0.01,0.01,-0.0
1731946580.3181095,0.01,0.01,-0.0
1731946580.3182812,0.01,0.01,-0.0
1731946580.3194535,0.01,0.01,-0.0
1731946580.3204095,0.01,0.01,-0.0
1731946580.3241062,0.01,0.01,-0.0
1731946580.3249278,0.01,0.01,-0.0
1731946580.3296454,0.01,0.01,-0.0
1731946580.3301985,0.01,0.01,-0.0
1731946580.3303943,0.01,0.01,-0.0
1731946580.330568,0.01,0.01,-0.0
1731946580.3324294,0.01,0.01,-0.0
1731946580.3346624,0.01,0.01,-0.0
1731946580.3351119,0.01,0.01,-0.0
1731946580.3359551,0.01,0.01,-0.0
1731946580.337548,0.01,0.01,-0.0
1731946580.3385174,0.01,0.01,-0.0
1731946580.33886,0.01,0.01,-0.0
1731946580.3406107,0.01,0.01,-0.0
1731946580.3411362,0.01,0.01,-0.0
1731946580.341686,0.01,0.01,-0.0
1731946580.3421853,0.01,0.01,-0.0
1731946580.3431478,0.01,0.01,-0.0
1731946580.3442943,0.01,0.01,-0.0
1731946580.3447118,0.01,0.01,-0.0
1731946580.3471086,0.01,0.01,-0.0
1731946580.34729,0.01,0.01,-0.0
1731946580.3474514,0.01,0.01,-0.0
1731946580.3494358,0.01,0.01,-0.0
1731946580.350498,0.01,0.01,-0.0
1731946580.3515882,0.01,0.01,-0.0
1731946580.3521743,0.01,0.01,-0.0
1731946580.3533976,0.01,0.01,-0.0
1731946580.3550987,0.01,0.01,-0.0
1731946580.3554344,0.01,0.01,-0.0
1731946580.3577769,0.01,0.01,-0.0
1731946580.358187,0.01,0.01,-0.0
1731946580.3589993,0.01,0.01,-0.0
1731946580.359495,0.01,0.01,-0.0
1731946580.3599415,0.01,0.01,-0.0
1731946580.3607423,0.01,0.01,-0.0
1731946580.361047,0.01,0.01,-0.0
1731946580.3636239,0.01,0.01,-0.0
1731946580.363991,0.01,0.01,-0.0
1731946580.368262,0.01,0.01,-0.0
1731946580.368789,0.01,0.01,-0.0
1731946580.3690064,0.01,0.01,-0.0
1731946580.3691726,0.01,0.01,-0.0
1731946580.369314,0.01,0.01,-0.0
1731946580.3694096,0.01,0.01,-0.0
1731946580.3713477,0.01,0.01,-0.0
1731946580.37368,0.01,0.01,-0.0
1731946580.3740008,0.01,0.01,-0.0
1731946580.374201,0.01,0.01,-0.0
1731946580.3744125,0.01,0.01,-0.0
1731946580.3745239,0.01,0.01,-0.0
1731946580.3746164,0.01,0.01,-0.0
1731946580.37681,0.01,0.01,-0.0
1731946580.3816264,0.01,0.01,-0.0
1731946580.3819573,0.01,0.01,-0.0
1731946580.382169,0.01,0.01,-0.0
1731946580.3823533,0.01,0.01,-0.0
1731946580.382616,0.01,0.01,-0.0
1731946580.3828273,0.01,0.01,-0.0
1731946580.383599,0.01,0.01,-0.0
1731946580.3849106,0.01,0.01,-0.0
1731946580.3866045,0.01,0.01,-0.0
1731946580.3867507,0.01,0.01,-0.0
1731946580.3876803,0.01,0.01,-0.0
1731946580.3934379,0.01,0.01,-0.0
1731946580.3937094,0.01,0.01,-0.0
1731946580.3938556,0.01,0.01,-0.0
1731946580.3939703,0.01,0.01,-0.0
1731946580.3940752,0.01,0.01,-0.0
1731946580.3971272,0.01,0.01,-0.0
1731946580.3972824,0.01,0.01,-0.0
1731946580.3973987,0.01,0.01,-0.0
1731946580.3975775,0.01,0.01,-0.0
1731946580.3977733,0.01,0.01,-0.0
1731946580.399392,0.01,0.01,-0.0
1731946580.4025393,0.01,0.01,-0.0
1731946580.4029987,0.01,0.01,-0.0
1731946580.4034626,0.01,0.01,-0.0
1731946580.404104,0.01,0.01,-0.0
1731946580.4043012,0.01,0.01,-0.0
1731946580.404449,0.01,0.01,-0.0
1731946580.4053187,0.01,0.01,-0.0
1731946580.406815,0.01,0.01,-0.0
1731946580.407831,0.01,0.01,-0.0
1731946580.4086735,0.01,0.01,-0.0
1731946580.4150224,0.01,0.01,-0.0
1731946580.4153574,0.01,0.01,-0.0
1731946580.4157794,0.01,0.01,-0.0
1731946580.4164243,0.01,0.01,-0.0
1731946580.4166572,0.01,0.01,-0.0
1731946580.417101,0.01,0.01,-0.0
1731946580.4173746,0.01,0.01,-0.0
1731946580.4192407,0.01,0.01,-0.0
1731946580.4198172,0.01,0.01,-0.0
1731946580.4219697,0.01,0.01,-0.0
1731946580.4252317,0.01,0.01,-0.0
1731946580.4259138,0.01,0.01,-0.0
1731946580.4263082,0.01,0.01,-0.0
1731946580.4264617,0.01,0.01,-0.0
1731946580.4306703,0.01,0.01,-0.0
1731946580.4316165,0.01,0.01,-0.0
1731946580.4341235,0.01,0.01,-0.0
1731946580.4362714,0.01,0.01,-0.0
1731946580.438129,0.01,0.01,-0.0
1731946580.438918,0.01,0.01,-0.0
1731946580.440235,0.01,0.01,-0.0
1731946580.4419289,0.01,0.01,-0.0
1731946580.4430747,0.01,0.01,-0.0
1731946580.4440804,0.01,0.01,-0.0
1731946580.4449303,0.01,0.01,-0.0
1731946580.4456027,0.01,0.01,-0.0
1731946580.4478438,0.01,0.01,-0.0
1731946580.4481866,0.01,0.01,-0.0
1731946580.4494386,0.01,0.01,-0.0
1731946580.450457,0.01,0.01,-0.0
1731946580.4530573,0.01,0.01,-0.0
1731946580.4533725,0.01,0.01,-0.0
1731946580.455883,0.01,0.01,-0.0
1731946580.4709032,0.01,0.01,-0.0
1731946580.471629,0.01,0.01,-0.0
1731946580.4719582,0.01,0.01,-0.0
1731946580.4721982,0.01,0.01,-0.0
1731946580.472367,0.01,0.01,-0.0
1731946580.4725304,0.01,0.01,-0.0
1731946580.472693,0.01,0.01,-0.0
1731946580.4728432,0.01,0.01,-0.0
1731946580.4729376,0.01,0.01,-0.0
1731946580.4730215,0.01,0.01,-0.0
1731946580.512478,0.01,0.01,0.0
1731946580.5160277,0.01,0.01,0.0
1731946580.518053,0.01,0.01,0.0
1731946580.5193222,0.01,0.01,0.0
1731946580.5204103,0.01,0.01,0.0
1731946580.5217643,0.01,0.01,0.0
1731946580.522016,0.01,0.01,0.0
1731946580.5245585,0.01,0.01,0.0
1731946580.52715,0.01,0.01,0.0
1731946580.5290673,0.01,0.01,0.0
1731946580.5348904,0.01,0.01,0.0
1731946580.5361469,0.01,0.01,0.0
1731946580.5380547,0.01,0.01,0.0
1731946580.5382843,0.01,0.01,0.0
1731946580.5384593,0.01,0.01,0.0
1731946580.5386124,0.01,0.01,0.0
1731946580.5387695,0.01,0.01,0.0
1731946580.5389235,0.01,0.01,0.0
1731946580.5390763,0.01,0.01,0.0
1731946580.5392284,0.01,0.01,0.0
1731946580.5418282,0.01,0.01,0.0
1731946580.542498,0.01,0.01,0.0
1731946580.5427697,0.01,0.01,0.0
1731946580.5430174,0.01,0.01,0.0
1731946580.5431945,0.01,0.01,0.0
1731946580.5463116,0.01,0.01,0.0
1731946580.551377,0.01,0.01,0.0
1731946580.5516424,0.01,0.01,0.0
1731946580.5518239,0.01,0.01,0.0
1731946580.5520184,0.01,0.01,0.0
1731946580.5522497,0.01,0.01,0.0
1731946580.553396,0.01,0.01,0.0
1731946580.5536673,0.01,0.01,0.0
1731946580.5564864,0.01,0.01,0.0
1731946580.556723,0.01,0.01,0.0
1731946580.5645025,0.01,0.01,0.0
1731946580.5661697,0.01,0.01,0.0
1731946580.5820541,0.01,0.01,0.0
1731946580.5823324,0.01,0.01,0.0
1731946580.5855365,0.01,0.01,0.0
1731946580.5857606,0.01,0.01,0.0
1731946580.5859222,0.01,0.01,0.0
1731946580.5860846,0.01,0.01,0.0
1731946580.5862303,0.01,0.01,0.0
1731946580.5863204,0.01,0.01,0.0
1731946580.5864055,0.01,0.01,0.0
1731946580.586488,0.01,0.01,0.0
1731946580.587619,0.01,0.01,0.0
1731946580.588144,0.01,0.01,0.0
1731946580.589311,0.01,0.01,0.0
1731946580.5908868,0.01,0.01,0.0
1731946580.5962293,0.01,0.01,0.0
1731946580.5964954,0.01,0.01,0.0
1731946580.5966446,0.01,0.01,0.0
1731946580.5967872,0.01,0.01,0.0
1731946580.5974674,0.01,0.01,0.0
1731946580.5997336,0.01,0.01,0.0
1731946580.6000948,0.01,0.01,0.0
1731946580.6002831,0.01,0.01,0.0
1731946580.6004522,0.01,0.01,0.0
1731946580.6006193,0.01,0.01,0.0
1731946580.6008396,0.01,0.01,0.0
1731946580.600996,0.01,0.01,0.0
1731946580.6011395,0.01,0.01,0.0
1731946580.6035364,0.01,0.01,0.0
1731946580.6037796,0.01,0.01,0.0
1731946580.6084514,0.01,0.01,0.0
1731946580.6086886,0.01,0.01,0.0
1731946580.6088254,0.01,0.01,0.0
1731946580.608951,0.01,0.01,0.0
1731946580.6090665,0.01,0.01,0.0
1731946580.6097171,0.01,0.01,0.0
1731946580.6100008,0.01,0.01,0.0
1731946580.6121967,0.01,0.01,0.0
1731946580.612511,0.01,0.01,0.0
1731946580.614879,0.01,0.01,0.0
1731946580.6151018,0.01,0.01,0.0
1731946580.6187818,0.01,0.01,0.0
1731946580.6189363,0.01,0.01,0.0
1731946580.6190336,0.01,0.01,0.0
1731946580.6191185,0.01,0.01,0.0
1731946580.6192,0.01,0.01,0.0
1731946580.619282,0.01,0.01,0.0
1731946580.6200097,0.01,0.01,0.0
1731946580.6226013,0.01,0.01,0.0
1731946580.6250188,0.01,0.01,0.0
1731946580.6288548,0.01,0.01,0.0
1731946580.6292684,0.01,0.01,0.0
1731946580.6296413,0.01,0.01,0.0
1731946580.6307507,0.01,0.01,0.0
1731946580.6317453,0.01,0.01,0.0
1731946580.632926,0.01,0.01,0.0
1731946580.6357179,0.01,0.01,0.0
1731946580.6394403,0.01,0.01,0.0
1731946580.6401162,0.01,0.01,0.0
1731946580.6425676,0.01,0.01,0.0
1731946580.6432548,0.01,0.01,0.0
1731946580.6449783,0.01,0.01,0.0
1731946580.650579,0.01,0.01,0.0
1731946580.6509311,0.01,0.01,0.0
1731946580.6515505,0.01,0.01,0.0
1731946580.6518855,0.01,0.01,0.0
1731946580.6524158,0.01,0.01,0.0
1731946580.6525657,0.01,0.01,0.0
1731946580.652691,0.01,0.01,0.0
1731946580.65438,0.01,0.01,0.0
1731946580.6560113,0.01,0.01,0.0
1731946580.656789,0.01,0.01,0.0
1731946580.6619542,0.01,0.01,0.0
1731946580.6622145,0.01,0.01,0.0
1731946580.662414,0.01,0.01,0.0
1731946580.6625414,0.01,0.01,0.0
1731946580.6626654,0.01,0.01,0.0
1731946580.6629796,0.01,0.01,0.0
1731946580.6637878,0.01,0.01,0.0
1731946580.6676338,0.01,0.01,0.0
1731946580.6679173,0.01,0.01,0.0
1731946580.6689343,0.01,0.01,0.0
1731946580.671483,0.01,0.01,0.0
1731946580.6718225,0.01,0.01,0.0
1731946580.672863,0.01,0.01,0.0
1731946580.6744013,0.01,0.01,0.0
1731946580.6797726,0.01,0.01,0.0
1731946580.6801314,0.01,0.01,0.0
1731946580.6818466,0.01,0.01,0.0
1731946580.6826458,0.01,0.01,0.0
1731946580.6841078,0.01,0.01,0.0
1731946580.687642,0.01,0.01,0.0
1731946580.6893566,0.01,0.01,0.0
1731946580.6897528,0.01,0.01,0.0
1731946580.6912723,0.01,0.01,0.0
1731946580.692909,0.01,0.01,0.0
1731946580.6940267,0.01,0.01,0.0
1731946580.6956854,0.01,0.01,0.0
1731946580.6981003,0.01,0.01,0.0
1731946580.700162,0.01,0.01,0.0
1731946580.7005131,0.01,0.01,0.0
1731946580.7008688,0.01,0.01,0.0
1731946580.70258,0.01,0.01,0.0
1731946580.709606,0.01,0.01,0.0
1731946580.71156,0.01,0.01,0.0
1731946580.713449,0.01,0.01,0.0
1731946580.717558,0.01,0.01,0.0
1731946580.7196531,0.01,0.01,0.0
1731946580.7213867,0.01,0.01,0.0
1731946580.72546,0.01,0.01,0.0
1731946580.7281373,0.01,0.01,0.0
1731946580.7287967,0.01,0.01,0.0
1731946580.729723,0.01,0.01,0.0
1731946580.731202,0.01,0.01,0.0
1731946580.7370691,0.01,0.01,0.0
1731946580.7384067,0.01,0.01,0.0
1731946580.7387054,0.01,0.01,0.0
1731946580.739701,0.01,0.01,0.0
1731946580.7404714,0.01,0.01,0.0
1731946580.7418709,0.01,0.01,0.0
1731946580.744543,0.01,0.01,0.0
1731946580.7456052,0.01,0.01,0.0
1731946580.7467833,0.01,0.01,0.0
1731946580.7471483,0.01,0.01,0.0
1731946580.7474434,0.01,0.01,0.0
1731946580.7492392,0.01,0.01,0.0
1731946580.749888,0.01,0.01,0.0
1731946580.7524326,0.01,0.01,0.0
1731946580.7541678,0.01,0.01,0.0
1731946580.757261,0.01,0.01,0.0
1731946580.7589798,0.01,0.01,0.0
1731946580.7592177,0.01,0.01,0.0
1731946580.7596598,0.01,0.01,0.0
1731946580.7608407,0.01,0.01,0.0
1731946580.7623703,0.01,0.01,0.0
1731946580.7638345,0.01,0.01,0.0
1731946580.7654724,0.01,0.01,0.0
1731946580.7674823,0.01,0.01,0.0
1731946580.7696297,0.01,0.01,0.0
1731946580.7704167,0.01,0.01,0.0
1731946580.772834,0.01,0.01,0.0
1731946580.775329,0.01,0.01,0.0
1731946580.7756844,0.01,0.01,0.0
1731946580.7760205,0.01,0.01,0.0
1731946580.7762358,0.01,0.01,0.0
1731946580.7763476,0.01,0.01,0.0
1731946580.7764425,0.01,0.01,0.0
1731946580.7778037,0.01,0.01,0.0
1731946580.7798157,0.01,0.01,0.0
1731946580.7801416,0.01,0.01,0.0
1731946580.7806711,0.01,0.01,0.0
1731946580.7844412,0.01,0.01,0.0
1731946580.7863905,0.01,0.01,0.0
1731946580.834754,0.01,0.01,0.0
1731946580.8390846,0.01,0.01,-0.0
1731946580.8415606,0.01,0.01,-0.0
1731946580.842266,0.01,0.01,-0.0
1731946580.844604,0.01,0.01,-0.0
1731946580.844896,0.01,0.01,-0.0
1731946580.8476284,0.01,0.01,-0.0
1731946580.8507836,0.01,0.01,-0.0
1731946580.8514764,0.01,0.01,-0.0
1731946580.8557627,0.01,0.01,-0.0
1731946580.8578737,0.01,0.01,-0.0
1731946580.8581874,0.01,0.01,-0.0
1731946580.8596032,0.01,0.01,-0.0
1731946580.8615735,0.01,0.01,-0.0
1731946580.8626678,0.01,0.01,-0.0
1731946580.864462,0.01,0.01,-0.0
1731946580.8675125,0.01,0.01,-0.0
1731946580.8678372,0.01,0.01,-0.0
1731946580.869088,0.01,0.01,-0.0
1731946580.8709,0.01,0.01,-0.0
1731946580.872445,0.01,0.01,-0.0
1731946580.8745031,0.01,0.01,-0.0
1731946580.8750997,0.01,0.01,-0.0
1731946580.878831,0.01,0.01,-0.0
1731946580.880172,0.01,0.01,-0.0
1731946580.8825989,0.01,0.01,-0.0
1731946580.8840163,0.01,0.01,-0.0
1731946580.8860838,0.01,0.01,-0.0
1731946580.8918478,0.01,0.01,-0.0
1731946580.892171,0.01,0.01,-0.0
1731946580.8923068,0.01,0.01,-0.0
1731946580.8924215,0.01,0.01,-0.0
1731946580.8925362,0.01,0.01,-0.0
1731946580.892686,0.01,0.01,-0.0
1731946580.8928225,0.01,0.01,-0.0
1731946580.8929083,0.01,0.01,-0.0
1731946580.893366,0.01,0.01,-0.0
1731946580.893544,0.01,0.01,-0.0
1731946580.9004214,0.01,0.01,-0.0
1731946580.9008389,0.01,0.01,-0.0
1731946580.901054,0.01,0.01,-0.0
1731946580.9012399,0.01,0.01,-0.0
1731946580.9014115,0.01,0.01,-0.0
1731946580.901579,0.01,0.01,-0.0
1731946580.9017417,0.01,0.01,-0.0
1731946580.9019094,0.01,0.01,-0.0
1731946580.9020753,0.01,0.01,-0.0
1731946580.9022424,0.01,0.01,-0.0
1731946580.9063437,0.01,0.01,-0.0
1731946580.9096107,0.01,0.01,-0.0
1731946580.9098792,0.01,0.01,-0.0
1731946580.9109914,0.01,0.01,-0.0
1731946580.9137173,0.01,0.01,-0.0
1731946580.9140856,0.01,0.01,-0.0
1731946580.9142709,0.01,0.01,-0.0
1731946580.914449,0.01,0.01,-0.0
1731946580.914631,0.01,0.01,-0.0
1731946580.9187083,0.01,0.01,-0.0
1731946580.9189363,0.01,0.01,-0.0
1731946580.9200106,0.01,0.01,-0.0
1731946580.9243531,0.01,0.01,-0.0
1731946580.9247086,0.01,0.01,-0.0
1731946580.9248996,0.01,0.01,-0.0
1731946580.9250722,0.01,0.01,-0.0
1731946580.9254067,0.01,0.01,-0.0
1731946580.9321666,0.01,0.01,-0.0
1731946580.9356346,0.01,0.01,-0.0
1731946580.9358933,0.01,0.01,-0.0
1731946580.9362662,0.01,0.01,-0.0
1731946580.9366024,0.01,0.01,-0.0
1731946580.9371564,0.01,0.01,-0.0
1731946580.9375966,0.01,0.01,-0.0
1731946580.9377317,0.01,0.01,-0.0
1731946580.9378316,0.01,0.01,-0.0
1731946580.9379208,0.01,0.01,-0.0
1731946580.9380078,0.01,0.01,-0.0
1731946580.9402463,0.01,0.01,-0.0
1731946580.9408615,0.01,0.01,-0.0
1731946580.942136,0.01,0.01,-0.0
1731946580.9428623,0.01,0.01,-0.0
1731946580.9450586,0.01,0.01,-0.0
1731946580.9463494,0.01,0.01,-0.0
1731946580.946611,0.01,0.01,-0.0
1731946580.9490957,0.01,0.01,-0.0
1731946580.9493744,0.01,0.01,-0.0
1731946580.9496381,0.01,0.01,-0.0
1731946580.950993,0.01,0.01,-0.0
1731946580.9520302,0.01,0.01,-0.0
1731946580.952487,0.01,0.01,-0.0
1731946580.9556642,0.01,0.01,-0.0
1731946580.9559548,0.01,0.01,-0.0
1731946580.9566321,0.01,0.01,-0.0
1731946580.957332,0.01,0.01,-0.0
1731946580.957582,0.01,0.01,-0.0
1731946580.9591715,0.01,0.01,-0.0
1731946580.959598,0.01,0.01,-0.0
1731946580.960238,0.01,0.01,-0.0
1731946580.9608417,0.01,0.01,-0.0
1731946580.9613464,0.01,0.01,-0.0
1731946580.9623718,0.01,0.01,-0.0
1731946580.9626222,0.01,0.01,-0.0
1731946580.9636626,0.01,0.01,-0.0
1731946580.9644017,0.01,0.01,-0.0
1731946580.9652386,0.01,0.01,-0.0
1731946580.9672136,0.01,0.01,-0.0
1731946580.967549,0.01,0.01,-0.0
1731946580.9676547,0.01,0.01,-0.0
1731946580.9687846,0.01,0.01,-0.0
1731946580.969569,0.01,0.01,-0.0
1731946580.9707406,0.01,0.01,-0.0
1731946580.9728293,0.01,0.01,-0.0
1731946580.9731472,0.01,0.01,-0.0
1731946580.973606,0.01,0.01,-0.0
1731946580.97525,0.01,0.01,-0.0
1731946580.9755504,0.01,0.01,-0.0
1731946580.978793,0.01,0.01,-0.0
1731946580.9803882,0.01,0.01,-0.0
1731946580.9809177,0.01,0.01,-0.0
1731946580.981782,0.01,0.01,-0.0
1731946580.9838376,0.01,0.01,-0.0
1731946580.9844222,0.01,0.01,-0.0
1731946580.984723,0.01,0.01,-0.0
1731946580.9849987,0.01,0.01,-0.0
1731946580.987905,0.01,0.01,-0.0
1731946580.9883382,0.01,0.01,-0.0
1731946580.988648,0.01,0.01,-0.0
1731946580.988921,0.01,0.01,-0.0
1731946580.9911053,0.01,0.01,-0.0
1731946580.9914057,0.01,0.01,-0.0
1731946580.9916766,0.01,0.01,-0.0
1731946580.992795,0.01,0.01,-0.0
1731946580.9932282,0.01,0.01,-0.0
1731946580.9941738,0.01,0.01,-0.0
1731946580.9963148,0.01,0.01,-0.0
1731946580.9967382,0.01,0.01,-0.0
1731946580.9971335,0.01,0.01,-0.0
1731946580.9974263,0.01,0.01,-0.0
1731946580.9990685,0.01,0.01,-0.0
1731946580.9993625,0.01,0.01,-0.0
1731946581.0012195,0.01,0.01,-0.0
1731946581.0017147,0.01,0.01,-0.0
1731946581.002748,0.01,0.01,-0.0
1731946581.0042098,0.01,0.01,-0.0
1731946581.004625,0.01,0.01,-0.0
1731946581.0064528,0.01,0.01,-0.0
1731946581.0069664,0.01,0.01,-0.0
1731946581.0072696,0.01,0.01,-0.0
1731946581.0083363,0.01,0.01,-0.0
1731946581.009182,0.01,0.01,-0.0
1731946581.010015,0.01,0.01,-0.0
1731946581.0110037,0.01,0.01,-0.0
1731946581.0121737,0.01,0.01,-0.0
1731946581.0155878,0.01,0.01,-0.0
1731946581.0160937,0.01,0.01,-0.0
1731946581.016581,0.01,0.01,-0.0
1731946581.0171645,0.01,0.01,-0.0
1731946581.0176306,0.01,0.01,-0.0
1731946581.0179238,0.01,0.01,-0.0
1731946581.0183716,0.01,0.01,-0.0
1731946581.0211363,0.01,0.01,-0.0
1731946581.0216503,0.01,0.01,-0.0
1731946581.0223203,0.01,0.01,-0.0
1731946581.022987,0.01,0.01,-0.0
1731946581.02375,0.01,0.01,-0.0
1731946581.0246062,0.01,0.01,-0.0
1731946581.0253634,0.01,0.01,-0.0
1731946581.0290916,0.01,0.01,-0.0
1731946581.031008,0.01,0.01,-0.0
1731946581.031253,0.01,0.01,-0.0
1731946581.0321877,0.01,0.01,-0.0
1731946581.0325122,0.01,0.01,-0.0
1731946581.0327117,0.01,0.01,-0.0
1731946581.0334945,0.01,0.01,-0.0
1731946581.0342052,0.01,0.01,-0.0
1731946581.0344763,0.01,0.01,-0.0
1731946581.0350463,0.01,0.01,-0.0
1731946581.0357382,0.01,0.01,-0.0
1731946581.0365422,0.01,0.01,-0.0
1731946581.0375993,0.01,0.01,-0.0
1731946581.037921,0.01,0.01,-0.0
1731946581.038822,0.01,0.01,-0.0
1731946581.0403981,0.01,0.01,-0.0
1731946581.0412495,0.01,0.01,-0.0
1731946581.0420907,0.01,0.01,-0.0
1731946581.0429637,0.01,0.01,-0.0
1731946581.0439358,0.01,0.01,-0.0
1731946581.044879,0.01,0.01,-0.0
1731946581.0459983,0.01,0.01,-0.0
1731946581.0478663,0.01,0.01,-0.0
1731946581.0498128,0.01,0.01,-0.0
1731946581.0513506,0.01,0.01,-0.0
1731946581.0546925,0.01,0.01,-0.0
1731946581.0554936,0.01,0.01,-0.0
1731946581.0563605,0.01,0.01,-0.0
1731946581.0581167,0.01,0.01,-0.0
1731946581.058925,0.01,0.01,-0.0
1731946581.0597801,0.01,0.01,-0.0
1731946581.0606682,0.01,0.01,-0.0
1731946581.0622163,0.01,0.01,-0.0
1731946581.0630603,0.01,0.01,-0.0
1731946581.0639055,0.01,0.01,-0.0
1731946581.064776,0.01,0.01,-0.0
1731946581.0656488,0.01,0.01,-0.0
1731946581.0668037,0.01,0.01,-0.0
1731946581.0688856,0.01,0.01,-0.0
1731946581.0691707,0.01,0.01,-0.0
1731946581.0709798,0.01,0.01,-0.0
1731946581.0717065,0.01,0.01,-0.0
1731946581.0739665,0.01,0.01,-0.0
1731946581.0754883,0.01,0.01,-0.0
1731946581.0812693,0.01,0.01,-0.0
1731946581.0815609,0.01,0.01,-0.0
1731946581.0818472,0.01,0.01,-0.0
1731946581.0827956,0.01,0.01,-0.0
1731946581.0839055,0.01,0.01,-0.0
1731946581.0852873,0.01,0.01,-0.0
1731946581.086433,0.01,0.01,-0.0
1731946581.0879176,0.01,0.01,-0.0
1731946581.0897233,0.01,0.01,-0.0
1731946581.092951,0.01,0.01,-0.0
1731946581.0939085,0.01,0.01,-0.0
1731946581.094889,0.01,0.01,-0.0
1731946581.0958586,0.01,0.01,-0.0
1731946581.096894,0.01,0.01,-0.0
1731946581.0978925,0.01,0.01,-0.0
1731946581.0989354,0.01,0.01,-0.0
1731946581.1006105,0.01,0.01,-0.0
1731946581.1016197,0.01,0.01,-0.0
1731946581.1026056,0.01,0.01,-0.0
1731946581.1035757,0.01,0.01,-0.0
1731946581.1046193,0.01,0.01,-0.0
1731946581.1056688,0.01,0.01,-0.0
1731946581.1112237,0.01,0.01,-0.0
1731946581.1124334,0.01,0.01,-0.0
1731946581.1142795,0.01,0.01,-0.0
1731946581.1149843,0.01,0.01,-0.0
1731946581.1197894,0.01,0.01,-0.0
1731946581.1202228,0.01,0.01,-0.0
1731946581.1216428,0.01,0.01,-0.0
1731946581.1223567,0.01,0.01,-0.0
1731946581.1234362,0.01,0.01,-0.0
1731946581.1243804,0.01,0.01,-0.0
1731946581.125226,0.01,0.01,-0.0
1731946581.127119,0.01,0.01,-0.0
1731946581.1292424,0.01,0.01,-0.0
1731946581.129771,0.01,0.01,-0.0
1731946581.1304607,0.01,0.01,-0.0
1731946581.1315908,0.01,0.01,-0.0
1731946581.132557,0.01,0.01,-0.0
1731946581.1335812,0.01,0.01,-0.0
1731946581.1354513,0.01,0.01,-0.0
1731946581.1364992,0.01,0.01,-0.0
1731946581.137518,0.01,0.01,-0.0
1731946581.1385126,0.01,0.01,-0.0
1731946581.139517,0.01,0.01,-0.0
1731946581.1405473,0.01,0.01,-0.0
1731946581.1415393,0.01,0.01,-0.0
1731946581.1452365,0.01,0.01,-0.0
1731946581.1468375,0.01,0.01,-0.0
1731946581.1474614,0.01,0.01,-0.0
1731946581.1482115,0.01,0.01,-0.0
1731946581.1987517,0.01,0.0,0.0
1731946581.2007143,0.01,0.0,0.0
1731946581.2016523,0.01,0.0,0.0
1731946581.2025995,0.01,0.0,0.0
1731946581.2035668,0.01,0.0,0.0
1731946581.2045794,0.01,0.0,0.0
1731946581.205581,0.01,0.0,0.0
1731946581.2068002,0.01,0.0,0.0
1731946581.209005,0.01,0.0,0.0
1731946581.2100134,0.01,0.0,0.0
1731946581.211018,0.01,0.0,0.0
1731946581.2142065,0.01,0.0,0.0
1731946581.214516,0.01,0.0,0.0
1731946581.2148113,0.01,0.0,0.0
1731946581.215606,0.01,0.0,0.0
1731946581.2181926,0.01,0.0,0.0
1731946581.2185266,0.01,0.0,0.0
1731946581.2197766,0.01,0.0,0.0
1731946581.2221527,0.01,0.0,0.0
1731946581.2227702,0.01,0.0,0.0
1731946581.2235165,0.01,0.0,0.0
1731946581.2250414,0.01,0.0,0.0
1731946581.226889,0.01,0.0,0.0
1731946581.2286685,0.01,0.0,0.0
1731946581.230766,0.01,0.0,0.0
1731946581.2324831,0.01,0.0,0.0
1731946581.2328892,0.01,0.0,0.0
1731946581.2358968,0.01,0.0,0.0
1731946581.2362154,0.01,0.0,0.0
1731946581.2375236,0.01,0.0,0.0
1731946581.238305,0.01,0.0,0.0
1731946581.2389543,0.01,0.0,0.0
1731946581.2398264,0.01,0.0,0.0
1731946581.241405,0.01,0.0,0.0
1731946581.242429,0.01,0.0,0.0
1731946581.2433705,0.01,0.0,0.0
1731946581.244395,0.01,0.0,0.0
1731946581.24591,0.01,0.0,0.0
1731946581.2468631,0.01,0.0,0.0
1731946581.248531,0.01,0.0,0.0
1731946581.2494848,0.01,0.0,0.0
1731946581.2503505,0.01,0.0,0.0
1731946581.251196,0.01,0.0,0.0
1731946581.2527318,0.01,0.0,0.0
1731946581.2535698,0.01,0.0,0.0
1731946581.2544222,0.01,0.0,0.0
1731946581.2552917,0.01,0.0,0.0
1731946581.2568474,0.01,0.0,0.0
1731946581.257689,0.01,0.0,0.0
1731946581.258543,0.01,0.0,0.0
1731946581.2593737,0.01,0.0,0.0
1731946581.2602525,0.01,0.0,0.0
1731946581.2610846,0.01,0.0,0.0
1731946581.2619436,0.01,0.0,0.0
1731946581.2636387,0.01,0.0,0.0
1731946581.2647152,0.01,0.0,0.0
1731946581.2655687,0.01,0.0,0.0
1731946581.26646,0.01,0.0,0.0
1731946581.2675617,0.01,0.0,0.0
1731946581.2682915,0.01,0.0,0.0
1731946581.2691398,0.01,0.0,0.0
1731946581.2706757,0.01,0.0,0.0
1731946581.2715592,0.01,0.0,0.0
1731946581.2724447,0.01,0.0,0.0
1731946581.273317,0.01,0.0,0.0
1731946581.2741873,0.01,0.0,0.0
1731946581.2759514,0.01,0.0,0.0
1731946581.2799408,0.01,0.0,0.0
1731946581.2803388,0.01,0.0,0.0
1731946581.28127,0.01,0.0,0.0
1731946581.2819185,0.01,0.0,0.0
1731946581.2831242,0.01,0.0,0.0
1731946581.2849886,0.01,0.0,0.0
1731946581.286019,0.01,0.0,0.0
1731946581.2869816,0.01,0.0,0.0
1731946581.2878585,0.01,0.0,0.0
1731946581.2887456,0.01,0.0,0.0
1731946581.2896187,0.01,0.0,0.0
1731946581.290504,0.01,0.0,0.0
1731946581.2913952,0.01,0.0,0.0
1731946581.2928994,0.01,0.0,0.0
1731946581.2940028,0.01,0.0,0.0
1731946581.2943277,0.01,0.0,0.0
1731946581.2957149,0.01,0.0,0.0
1731946581.2965412,0.01,0.0,0.0
1731946581.300023,0.01,0.0,0.0
1731946581.3007731,0.01,0.0,0.0
1731946581.3022494,0.01,0.0,0.0
1731946581.302949,0.01,0.0,0.0
1731946581.3036702,0.01,0.0,0.0
1731946581.3043988,0.01,0.0,0.0
1731946581.305142,0.01,0.0,0.0
1731946581.3059282,0.01,0.0,0.0
1731946581.3078775,0.01,0.0,0.0
1731946581.3093874,0.01,0.0,0.0
1731946581.3102136,0.01,0.0,0.0
1731946581.3109286,0.01,0.0,0.0
1731946581.311266,0.01,0.0,0.0
1731946581.3120039,0.01,0.0,0.0
1731946581.3129654,0.01,0.0,0.0
1731946581.3138604,0.01,0.0,0.0
1731946581.315477,0.01,0.0,0.0
1731946581.3174481,0.01,0.0,0.0
1731946581.3182535,0.01,0.0,0.0
1731946581.3191314,0.01,0.0,0.0
1731946581.3200192,0.01,0.0,0.0
1731946581.322154,0.01,0.0,0.0
1731946581.323137,0.01,0.0,0.0
1731946581.3245616,0.01,0.0,0.0
1731946581.3332438,0.01,0.0,0.0
1731946581.3365064,0.01,0.0,0.0
1731946581.3372185,0.01,0.0,0.0
1731946581.3373525,0.01,0.0,0.0
1731946581.33746,0.01,0.0,0.0
1731946581.3378623,0.01,0.0,0.0
1731946581.3392746,0.01,0.0,0.0
1731946581.339529,0.01,0.0,0.0
1731946581.340623,0.01,0.0,0.0
1731946581.3417854,0.01,0.0,0.0
1731946581.3428965,0.01,0.0,0.0
1731946581.3430932,0.01,0.0,0.0
1731946581.344382,0.01,0.0,0.0
1731946581.345266,0.01,0.0,0.0
1731946581.3460002,0.01,0.0,0.0
1731946581.3496308,0.01,0.0,0.0
1731946581.3552256,0.01,0.0,0.0
1731946581.3556097,0.01,0.0,0.0
1731946581.3566482,0.01,0.0,0.0
1731946581.3567948,0.01,0.0,0.0
1731946581.3569264,0.01,0.0,0.0
1731946581.3570204,0.01,0.0,0.0
1731946581.3571057,0.01,0.0,0.0
1731946581.357189,0.01,0.0,0.0
1731946581.3572695,0.01,0.0,0.0
1731946581.3573484,0.01,0.0,0.0
1731946581.3574266,0.01,0.0,0.0
1731946581.369401,0.01,0.0,0.0
1731946581.3711398,0.01,0.0,0.0
1731946581.3713374,0.01,0.0,0.0
1731946581.371515,0.01,0.0,0.0
1731946581.3717995,0.01,0.0,0.0
1731946581.3720078,0.01,0.0,0.0
1731946581.3721755,0.01,0.0,0.0
1731946581.3723512,0.01,0.0,0.0
1731946581.3725204,0.01,0.0,0.0
1731946581.3726919,0.01,0.0,0.0
1731946581.3729346,0.01,0.0,0.0
1731946581.3799763,0.01,0.0,0.0
1731946581.380825,0.01,0.0,0.0
1731946581.3810616,0.01,0.0,0.0
1731946581.382844,0.01,0.0,0.0
1731946581.383044,0.01,0.0,0.0
1731946581.383223,0.01,0.0,0.0
1731946581.3834786,0.01,0.0,0.0
1731946581.383752,0.01,0.0,0.0
1731946581.3839474,0.01,0.0,0.0
1731946581.3841865,0.01,0.0,0.0
1731946581.3844545,0.01,0.0,0.0
1731946581.3856845,0.01,0.0,0.0
1731946581.3876877,0.01,0.0,0.0
1731946581.388817,0.01,0.0,0.0
1731946581.3894534,0.01,0.0,0.0
1731946581.3902907,0.01,0.0,0.0
1731946581.3911426,0.01,0.0,0.0
1731946581.3920002,0.01,0.0,0.0
1731946581.392834,0.01,0.0,0.0
1731946581.3937597,0.01,0.0,0.0
1731946581.3953161,0.01,0.0,0.0
1731946581.3961337,0.01,0.0,0.0
1731946581.3970995,0.01,0.0,0.0
1731946581.3978102,0.01,0.0,0.0
1731946581.3986578,0.01,0.0,0.0
1731946581.399493,0.01,0.0,0.0
1731946581.4003704,0.01,0.0,0.0
1731946581.401853,0.01,0.0,0.0
1731946581.4027555,0.01,0.0,0.0
1731946581.4035761,0.01,0.0,0.0
1731946581.4055765,0.01,0.0,0.0
1731946581.4065487,0.01,0.0,0.0
1731946581.4099333,0.01,0.0,0.0
1731946581.4115438,0.01,0.0,0.0
1731946581.4248466,0.01,0.0,0.0
1731946581.425026,0.01,0.0,0.0
1731946581.425128,0.01,0.0,0.0
1731946581.4267297,0.01,0.0,0.0
1731946581.426906,0.01,0.0,0.0
1731946581.4270666,0.01,0.0,0.0
1731946581.4272196,0.01,0.0,0.0
1731946581.4273736,0.01,0.0,0.0
1731946581.42752,0.01,0.0,0.0
1731946581.427642,0.01,0.0,0.0
1731946581.434867,0.01,0.0,0.0
1731946581.4365177,0.01,0.0,0.0
1731946581.436736,0.01,0.0,0.0
1731946581.4369087,0.01,0.0,0.0
1731946581.4370744,0.01,0.0,0.0
1731946581.4378405,0.01,0.0,0.0
1731946581.438015,0.01,0.0,0.0
1731946581.4381802,0.01,0.0,0.0
1731946581.4383423,0.01,0.0,0.0
1731946581.4385052,0.01,0.0,0.0
1731946581.4483063,0.01,0.0,0.0
1731946581.4485323,0.01,0.0,0.0
1731946581.4488037,0.01,0.0,0.0
1731946581.4496439,0.01,0.0,0.0
1731946581.4506004,0.01,0.0,0.0
1731946581.4507735,0.01,0.0,0.0
1731946581.4614277,0.01,0.0,0.0
1731946581.462693,0.01,0.0,0.0
1731946581.462909,0.01,0.0,0.0
1731946581.4630647,0.01,0.0,0.0
1731946581.4632225,0.01,0.0,0.0
1731946581.4633834,0.01,0.0,0.0
1731946581.497983,0.01,0.0,-0.0
1731946581.4985843,0.01,0.0,-0.0
1731946581.499543,0.01,0.0,-0.0
1731946581.4997034,0.01,0.0,-0.0
1731946581.499867,0.01,0.0,-0.0
1731946581.499986,0.01,0.0,-0.0
1731946581.5001109,0.01,0.0,-0.0
1731946581.5011604,0.01,0.0,-0.0
1731946581.5015824,0.01,0.0,-0.0
1731946581.501721,0.01,0.0,-0.0
1731946581.501886,0.01,0.0,-0.0
1731946581.5020123,0.01,0.0,-0.0
1731946581.5024066,0.01,0.0,-0.0
1731946581.5025175,0.01,0.0,-0.0
1731946581.502733,0.01,0.0,-0.0
1731946581.5029004,0.01,0.0,-0.0
1731946581.5031352,0.01,0.0,-0.0
1731946581.5033112,0.01,0.0,-0.0
1731946581.507264,0.01,0.0,-0.0
1731946581.507895,0.01,0.0,-0.0
1731946581.5087025,0.01,0.0,-0.0
1731946581.5100124,0.01,0.0,-0.0
1731946581.5125399,0.01,0.0,-0.0
1731946581.5134485,0.01,0.0,-0.0
1731946581.5149655,0.01,0.0,-0.0
1731946581.519412,0.01,0.0,-0.0
1731946581.5214348,0.01,0.0,-0.0
1731946581.522667,0.01,0.0,-0.0
1731946581.5244265,0.01,0.0,-0.0
1731946581.5246387,0.01,0.0,-0.0
1731946581.528285,0.01,0.0,-0.0
1731946581.5291672,0.01,0.0,-0.0
1731946581.5321782,0.01,0.0,-0.0
1731946581.5336707,0.01,0.0,-0.0
1731946581.5338757,0.01,0.0,-0.0
1731946581.5374444,0.01,0.0,-0.0
1731946581.5381792,0.01,0.0,-0.0
1731946581.5390594,0.01,0.0,-0.0
1731946581.5405936,0.01,0.0,-0.0
1731946581.542422,0.01,0.0,-0.0
1731946581.544255,0.01,0.0,-0.0
1731946581.5470765,0.01,0.0,-0.0
1731946581.5485628,0.01,0.0,-0.0
1731946581.549643,0.01,0.0,-0.0
1731946581.5536125,0.01,0.0,-0.0
1731946581.5544243,0.01,0.0,-0.0
1731946581.5566914,0.01,0.0,-0.0
1731946581.5577292,0.01,0.0,-0.0
1731946581.558137,0.01,0.0,-0.0
1731946581.558953,0.01,0.0,-0.0
1731946581.559629,0.01,0.0,-0.0
1731946581.560422,0.01,0.0,-0.0
1731946581.56159,0.01,0.0,-0.0
1731946581.562779,0.01,0.0,-0.0
1731946581.5642352,0.01,0.0,-0.0
1731946581.5658147,0.01,0.0,-0.0
1731946581.566582,0.01,0.0,-0.0
1731946581.5680985,0.01,0.0,-0.0
1731946581.5683262,0.01,0.0,-0.0
1731946581.5733232,0.01,0.0,-0.0
1731946581.5740771,0.01,0.0,-0.0
1731946581.5746517,0.01,0.0,-0.0
1731946581.5758567,0.01,0.0,-0.0
1731946581.57849,0.01,0.0,-0.0
1731946581.5809057,0.01,0.0,-0.0
1731946581.581718,0.01,0.0,-0.0
1731946581.582613,0.01,0.0,-0.0
1731946581.58389,0.01,0.0,-0.0
1731946581.5884752,0.01,0.0,-0.0
1731946581.5906537,0.01,0.0,-0.0
1731946581.5931036,0.01,0.0,-0.0
1731946581.594364,0.01,0.0,-0.0
1731946581.5946317,0.01,0.0,-0.0
1731946581.5961194,0.01,0.0,-0.0
1731946581.5971198,0.01,0.0,-0.0
1731946581.6000645,0.01,0.0,-0.0
1731946581.601204,0.01,0.0,-0.0
1731946581.603072,0.01,0.0,-0.0
1731946581.6044989,0.01,0.0,-0.0
1731946581.6072521,0.01,0.0,-0.0
1731946581.6078887,0.01,0.0,-0.0
1731946581.611463,0.01,0.0,-0.0
1731946581.6117995,0.01,0.0,-0.0
1731946581.6120732,0.01,0.0,-0.0
1731946581.6136432,0.01,0.0,-0.0
1731946581.6151283,0.01,0.0,-0.0
1731946581.6178946,0.01,0.0,-0.0
1731946581.6201468,0.01,0.0,-0.0
1731946581.6242836,0.01,0.0,-0.0
1731946581.6295564,0.01,0.0,-0.0
1731946581.6330483,0.01,0.0,-0.0
1731946581.6383207,0.01,0.0,-0.0
1731946581.6424696,0.01,0.0,-0.0
1731946581.643229,0.01,0.0,-0.0
1731946581.644774,0.01,0.0,-0.0
1731946581.6451294,0.01,0.0,-0.0
1731946581.6472049,0.01,0.0,-0.0
1731946581.6473973,0.01,0.0,-0.0
1731946581.647625,0.01,0.0,-0.0
1731946581.649556,0.01,0.0,-0.0
1731946581.6510699,0.01,0.0,-0.0
1731946581.6545157,0.01,0.0,-0.0
1731946581.654786,0.01,0.0,-0.0
1731946581.65622,0.01,0.0,-0.0
1731946581.657951,0.01,0.0,-0.0
1731946581.6582491,0.01,0.0,-0.0
1731946581.6674309,0.01,0.0,-0.0
1731946581.6697628,0.01,0.0,-0.0
1731946581.6712523,0.01,0.0,-0.0
1731946581.6715605,0.01,0.0,-0.0
1731946581.6728897,0.01,0.0,-0.0
1731946581.674413,0.01,0.0,-0.0
1731946581.6756568,0.01,0.0,-0.0
1731946581.6804707,0.01,0.0,-0.0
1731946581.6824374,0.01,0.0,-0.0
1731946581.6831093,0.01,0.0,-0.0
1731946581.684015,0.01,0.0,-0.0
1731946581.6860356,0.01,0.0,-0.0
1731946581.6863704,0.01,0.0,-0.0
1731946581.6874557,0.01,0.0,-0.0
1731946581.6888714,0.01,0.0,-0.0
1731946581.6908684,0.01,0.0,-0.0
1731946581.6913183,0.01,0.0,-0.0
1731946581.6924288,0.01,0.0,-0.0
1731946581.693352,0.01,0.0,-0.0
1731946581.6942005,0.01,0.0,-0.0
1731946581.695159,0.01,0.0,-0.0
1731946581.696099,0.01,0.0,-0.0
1731946581.6974497,0.01,0.0,-0.0
1731946581.6984417,0.01,0.0,-0.0
1731946581.6992931,0.01,0.0,-0.0
1731946581.7001665,0.01,0.0,-0.0
1731946581.7010803,0.01,0.0,-0.0
1731946581.7019742,0.01,0.0,-0.0
1731946581.7028482,0.01,0.0,-0.0
1731946581.704277,0.01,0.0,-0.0
1731946581.7051988,0.01,0.0,-0.0
1731946581.7069423,0.01,0.0,-0.0
1731946581.7092001,0.01,0.0,-0.0
1731946581.7094576,0.01,0.0,-0.0
1731946581.709762,0.01,0.0,-0.0
1731946581.7099993,0.01,0.0,-0.0
1731946581.7113147,0.01,0.0,-0.0
1731946581.7125053,0.01,0.0,-0.0
1731946581.7133775,0.01,0.0,-0.0
1731946581.7142966,0.01,0.0,-0.0
1731946581.7151396,0.01,0.0,-0.0
1731946581.716182,0.01,0.0,-0.0
1731946581.717278,0.01,0.0,-0.0
1731946581.7181985,0.01,0.0,-0.0
1731946581.7194622,0.01,0.0,-0.0
1731946581.7198448,0.01,0.0,-0.0
1731946581.7210171,0.01,0.0,-0.0
1731946581.722126,0.01,0.0,-0.0
1731946581.7232335,0.01,0.0,-0.0
1731946581.7245905,0.01,0.0,-0.0
1731946581.725639,0.01,0.0,-0.0
1731946581.726707,0.01,0.0,-0.0
1731946581.728221,0.01,0.0,-0.0
1731946581.7301927,0.01,0.0,-0.0
1731946581.7309694,0.01,0.0,-0.0
1731946581.732247,0.01,0.0,-0.0
1731946581.7334442,0.01,0.0,-0.0
1731946581.7343962,0.01,0.0,-0.0
1731946581.7353113,0.01,0.0,-0.0
1731946581.7362518,0.01,0.0,-0.0
1731946581.7373474,0.01,0.0,-0.0
1731946581.7381008,0.01,0.0,-0.0
1731946581.738969,0.01,0.0,-0.0
1731946581.7403715,0.01,0.0,-0.0
1731946581.7413013,0.01,0.0,-0.0
1731946581.7422097,0.01,0.0,-0.0
1731946581.7431347,0.01,0.0,-0.0
1731946581.7440832,0.01,0.0,-0.0
1731946581.745541,0.01,0.0,-0.0
1731946581.7466102,0.01,0.0,-0.0
1731946581.7472045,0.01,0.0,-0.0
1731946581.7490745,0.01,0.0,-0.0
1731946581.7513337,0.01,0.0,-0.0
1731946581.752316,0.01,0.0,-0.0
1731946581.7527595,0.01,0.0,-0.0
1731946581.7538054,0.01,0.0,-0.0
1731946581.7547731,0.01,0.0,-0.0
1731946581.7557278,0.01,0.0,-0.0
1731946581.7573576,0.01,0.0,-0.0
1731946581.7582011,0.01,0.0,-0.0
1731946581.7588866,0.01,0.0,-0.0
1731946581.7603042,0.01,0.0,-0.0
1731946581.761236,0.01,0.0,-0.0
1731946581.7623434,0.01,0.0,-0.0
1731946581.7678385,0.01,0.0,-0.0
1731946581.7713091,0.01,0.0,-0.0
1731946581.7728078,0.01,0.0,-0.0
1731946581.773056,0.01,0.0,-0.0
1731946581.7732584,0.01,0.0,-0.0
1731946581.7734516,0.01,0.0,-0.0
1731946581.7737527,0.01,0.0,-0.0
1731946581.773962,0.01,0.0,-0.0
1731946581.7741554,0.01,0.0,-0.0
1731946581.7747366,0.01,0.0,-0.0
1731946581.7750742,0.01,0.0,-0.0
1731946581.7752957,0.01,0.0,-0.0
1731946581.7754955,0.01,0.0,-0.0
1731946581.7764196,0.01,0.0,-0.0
1731946581.7766614,0.01,0.0,-0.0
1731946581.7768183,0.01,0.0,-0.0
1731946581.781094,0.01,0.0,-0.0
1731946581.782351,0.01,0.0,-0.0
1731946581.7826595,0.01,0.0,-0.0
1731946581.7832773,0.01,0.0,-0.0
1731946581.7835329,0.01,0.0,-0.0
1731946581.7837265,0.01,0.0,-0.0
1731946581.7849371,0.01,0.0,-0.0
1731946581.7872252,0.01,0.0,-0.0
1731946581.787674,0.01,0.0,-0.0
1731946581.7907908,0.01,0.0,-0.0
1731946581.7910874,0.01,0.0,-0.0
1731946581.7924562,0.01,0.0,-0.0
1731946581.7947674,0.01,0.0,-0.0
1731946581.7950587,0.01,0.0,-0.0
1731946581.79525,0.01,0.0,-0.0
1731946581.7973745,0.01,0.0,-0.0
1731946581.7988455,0.01,0.0,-0.0
1731946581.800153,0.01,0.0,-0.0
1731946581.8013303,0.01,0.0,-0.0
1731946581.8023543,0.01,0.0,-0.0
1731946581.8035603,0.01,0.0,-0.0
1731946581.804595,0.01,0.0,-0.0
1731946581.8082714,0.01,0.0,-0.0
1731946581.8114903,0.01,0.0,-0.0
1731946581.8123846,0.01,0.0,-0.0
1731946581.8136148,0.01,0.0,-0.0
1731946581.816202,0.01,0.0,-0.0
1731946581.8177989,0.01,0.0,-0.0
1731946581.8181293,0.01,0.0,-0.0
1731946581.8185387,0.01,0.0,-0.0
1731946581.820106,0.01,0.0,-0.0
1731946581.8247232,0.01,0.0,-0.0
1731946581.8249986,0.01,0.0,-0.0
1731946581.8251626,0.01,0.0,-0.0
1731946581.8285003,0.01,0.0,-0.0
1731946581.829127,0.01,0.0,-0.0
1731946581.830932,0.01,0.0,-0.0
1731946581.8445313,0.01,0.0,-0.0
1731946581.8471453,0.01,0.0,-0.0
1731946581.850746,0.01,0.0,-0.0
1731946581.8511086,0.01,0.0,-0.0
1731946581.851247,0.01,0.0,-0.0
1731946581.8759906,0.01,0.0,-0.0
1731946581.8785248,0.01,0.0,0.0
1731946581.8792727,0.01,0.0,0.0
1731946581.8795195,0.01,0.0,0.0
1731946581.8818302,0.01,0.0,0.0
1731946581.882096,0.01,0.0,0.0
1731946581.8913603,0.01,0.0,0.0
1731946581.891525,0.01,0.0,0.0
1731946581.8945158,0.01,0.0,0.0
1731946581.8948517,0.01,0.0,0.0
1731946581.895738,0.01,0.0,0.0
1731946581.8958886,0.01,0.0,0.0
1731946581.8993518,0.01,0.0,0.0
1731946581.9015727,0.01,0.0,0.0
1731946581.905264,0.01,0.0,0.0
1731946581.9070654,0.01,0.0,0.0
1731946581.9072359,0.01,0.0,0.0
1731946581.9073722,0.01,0.0,0.0
1731946581.907508,0.01,0.0,0.0
1731946581.9077284,0.01,0.0,0.0
1731946581.9079275,0.01,0.0,0.0
1731946581.908096,0.01,0.0,0.0
1731946581.9082103,0.01,0.0,0.0
1731946581.9084897,0.01,0.0,0.0
1731946581.908729,0.01,0.0,0.0
1731946581.910757,0.01,0.0,0.0
1731946581.9109237,0.01,0.0,0.0
1731946581.912834,0.01,0.0,0.0
1731946581.9180624,0.01,0.0,0.0
1731946581.9187999,0.01,0.0,0.0
1731946581.9201572,0.01,0.0,0.0
1731946581.9228818,0.01,0.0,0.0
1731946581.923698,0.01,0.0,0.0
1731946581.9248097,0.01,0.0,0.0
1731946581.9340446,0.01,0.0,0.0
1731946581.9342206,0.01,0.0,0.0
1731946581.9343176,0.01,0.0,0.0
1731946581.9344032,0.01,0.0,0.0
1731946581.9344842,0.01,0.0,0.0
1731946581.9345636,0.01,0.0,0.0
1731946581.934643,0.01,0.0,0.0
1731946581.9347234,0.01,0.0,0.0
1731946581.9348016,0.01,0.0,0.0
1731946581.9348793,0.01,0.0,0.0
1731946581.9349577,0.01,0.0,0.0
1731946581.9358802,0.01,0.0,0.0
1731946581.9457264,0.01,0.0,0.0
1731946581.9460564,0.01,0.0,0.0
1731946581.946239,0.01,0.0,0.0
1731946581.9464123,0.01,0.0,0.0
1731946581.9465148,0.01,0.0,0.0
1731946581.9466012,0.01,0.0,0.0
1731946581.946683,0.01,0.0,0.0
1731946581.9467626,0.01,0.0,0.0
1731946581.9468536,0.01,0.0,0.0
1731946581.946937,0.01,0.0,0.0
1731946581.9524271,0.01,0.0,0.0
1731946581.9527194,0.01,0.0,0.0
1731946581.9529154,0.01,0.0,0.0
1731946581.9532,0.01,0.0,0.0
1731946581.9534001,0.01,0.0,0.0
1731946581.9535735,0.01,0.0,0.0
1731946581.9537451,0.01,0.0,0.0
1731946581.9539208,0.01,0.0,0.0
1731946581.9553187,0.01,0.0,0.0
1731946581.9564657,0.01,0.0,0.0
1731946581.9575133,0.01,0.0,0.0
1731946581.9584837,0.01,0.0,0.0
1731946581.960185,0.01,0.0,0.0
1731946581.960459,0.01,0.0,0.0
1731946581.9610531,0.01,0.0,0.0
1731946581.962161,0.01,0.0,0.0
1731946581.9631388,0.01,0.0,0.0
1731946581.9641643,0.01,0.0,0.0
1731946581.9651065,0.01,0.0,0.0
1731946581.9675353,0.01,0.0,0.0
1731946581.967837,0.01,0.0,0.0
1731946581.9688,0.01,0.0,0.0
1731946581.9695892,0.01,0.0,0.0
1731946581.9713595,0.01,0.0,0.0
1731946581.9739556,0.01,0.0,0.0
1731946581.9750786,0.01,0.0,0.0
1731946581.976036,0.01,0.0,0.0
1731946581.979879,0.01,0.0,0.0
1731946581.9816444,0.01,0.0,0.0
1731946581.9823701,0.01,0.0,0.0
1731946581.9841068,0.01,0.0,0.0
1731946581.9851038,0.01,0.0,0.0
1731946581.9874024,0.01,0.0,0.0
1731946581.9888043,0.01,0.0,0.0
1731946581.9914508,0.01,0.0,0.0
1731946581.9921815,0.01,0.0,0.0
1731946581.9929066,0.01,0.0,0.0
1731946581.9940476,0.01,0.0,0.0
1731946581.995137,0.01,0.0,0.0
1731946582.000148,0.01,0.0,0.0
1731946582.0005229,0.01,0.0,0.0
1731946582.0008087,0.01,0.0,0.0
1731946582.0014691,0.01,0.0,0.0
1731946582.002618,0.01,0.0,0.0
1731946582.003954,0.01,0.0,0.0
1731946582.0127785,0.01,0.0,0.0
1731946582.0137818,0.01,0.0,0.0
1731946582.0158374,0.01,0.0,0.0
1731946582.0172298,0.01,0.0,0.0
1731946582.0175757,0.01,0.0,0.0
1731946582.0193589,0.01,0.0,0.0
1731946582.0217576,0.01,0.0,0.0
1731946582.0229042,0.01,0.0,0.0
1731946582.0239305,0.01,0.0,0.0
1731946582.0263824,0.01,0.0,0.0
1731946582.03585,0.01,0.0,0.0
1731946582.03739,0.01,0.0,0.0
1731946582.0376089,0.01,0.0,0.0
1731946582.0384953,0.01,0.0,0.0
1731946582.0393002,0.01,0.0,0.0
1731946582.040142,0.01,0.0,0.0
1731946582.0410016,0.01,0.0,0.0
1731946582.0412328,0.01,0.0,0.0
1731946582.056793,0.01,0.0,0.0
1731946582.0590441,0.01,0.0,0.0
1731946582.0596879,0.01,0.0,0.0
1731946582.0598528,0.01,0.0,0.0
1731946582.0600326,0.01,0.0,0.0
1731946582.060236,0.01,0.0,0.0
1731946582.0604122,0.01,0.0,0.0
1731946582.0606039,0.01,0.0,0.0
1731946582.060798,0.01,0.0,0.0
1731946582.0609884,0.01,0.0,0.0
1731946582.062026,0.01,0.0,0.0
1731946582.0628617,0.01,0.0,0.0
1731946582.0630789,0.01,0.0,0.0
1731946582.0633543,0.01,0.0,0.0
1731946582.0638704,0.01,0.0,0.0
1731946582.068456,0.01,0.0,0.0
1731946582.0688307,0.01,0.0,0.0
1731946582.069162,0.01,0.0,0.0
1731946582.0709627,0.01,0.0,0.0
1731946582.0749638,0.01,0.0,0.0
1731946582.0752077,0.01,0.0,0.0
1731946582.0753362,0.01,0.0,0.0
1731946582.0774772,0.01,0.0,0.0
1731946582.0818272,0.01,0.0,0.0
1731946582.0821652,0.01,0.0,0.0
1731946582.0827024,0.01,0.0,0.0
1731946582.0838826,0.01,0.0,0.0
1731946582.0851514,0.01,0.0,0.0
1731946582.0920374,0.01,0.0,0.0
1731946582.0945249,0.01,0.0,0.0
1731946582.1000113,0.01,0.0,0.0
1731946582.1006548,0.01,0.0,0.0
1731946582.1009424,0.01,0.0,0.0
1731946582.101523,0.01,0.0,0.0
1731946582.1017659,0.01,0.0,0.0
1731946582.1030023,0.01,0.0,0.0
1731946582.1048076,0.01,0.0,0.0
1731946582.107397,0.01,0.0,0.0
1731946582.1081822,0.01,0.0,0.0
1731946582.1091907,0.01,0.0,0.0
1731946582.1098628,0.01,0.0,0.0
1731946582.110197,0.01,0.0,0.0
1731946582.1111212,0.01,0.0,0.0
1731946582.1127214,0.01,0.0,0.0
1731946582.113412,0.01,0.0,0.0
1731946582.1142688,0.01,0.0,0.0
1731946582.115498,0.01,0.0,0.0
1731946582.1167428,0.01,0.0,0.0
1731946582.119256,0.01,0.0,0.0
1731946582.1204932,0.01,0.0,0.0
1731946582.1218822,0.01,0.0,0.0
1731946582.1238232,0.01,0.0,0.0
1731946582.124688,0.01,0.0,0.0
1731946582.1298406,0.01,0.0,0.0
1731946582.13169,0.01,0.0,0.0
1731946582.137155,0.01,0.0,0.0
1731946582.138015,0.01,0.0,0.0
1731946582.164123,0.01,0.0,0.0
1731946582.1667154,0.01,0.0,0.0
1731946582.1681654,0.01,0.0,0.0
1731946582.1690545,0.01,0.0,0.0
1731946582.1697907,0.01,0.0,0.0
1731946582.171583,0.01,0.0,0.0
1731946582.1718745,0.01,0.0,0.0
1731946582.173952,0.01,0.0,0.0
1731946582.175295,0.01,0.0,0.0
1731946582.179163,0.01,0.0,0.0
1731946582.1801612,0.01,0.0,0.0
1731946582.181923,0.01,0.0,0.0
1731946582.1832817,0.01,0.0,0.0
1731946582.1859074,0.01,0.0,0.0
1731946582.1886585,0.01,0.0,0.0
1731946582.1909866,0.01,0.0,0.0
1731946582.192326,0.01,0.0,0.0
1731946582.1942003,0.01,0.0,0.0
1731946582.196784,0.01,0.0,0.0
1731946582.1980958,0.01,0.0,0.0
1731946582.1994052,0.01,0.0,0.0
1731946582.2007132,0.01,0.0,0.0
1731946582.2023218,0.01,0.0,0.0
1731946582.203269,0.01,0.0,0.0
1731946582.2045727,0.01,0.0,0.0
1731946582.2074637,0.01,0.0,0.0
1731946582.2087848,0.01,0.0,0.0
1731946582.2100747,0.01,0.0,0.0
1731946582.2113402,0.01,0.0,0.0
1731946582.2126365,0.01,0.0,0.0
1731946582.2138789,0.01,0.0,0.0
1731946582.2151747,0.01,0.0,0.0
1731946582.2164745,0.01,0.0,0.0
1731946582.2185917,0.01,0.0,0.0
1731946582.2198834,0.01,0.0,0.0
1731946582.2218466,0.01,0.0,0.0
1731946582.2231622,0.01,0.0,0.0
1731946582.224445,0.01,0.0,0.0
1731946582.2260957,0.01,0.0,0.0
1731946582.2282884,0.01,0.0,0.0
1731946582.2301557,0.01,0.0,0.0
1731946582.2310705,0.01,0.0,0.0
1731946582.2333531,0.01,0.0,0.0
1731946582.2345939,0.01,0.0,0.0
1731946582.2375576,0.01,0.0,0.0
1731946582.2394235,0.01,0.0,0.0
1731946582.240748,0.01,0.0,0.0
1731946582.2420518,0.01,0.0,0.0
1731946582.2433197,0.01,0.0,0.0
1731946582.2445922,0.01,0.0,0.0
1731946582.246191,0.01,0.0,0.0
1731946582.2483141,0.01,0.0,0.0
1731946582.2496607,0.01,0.0,0.0
1731946582.2509518,0.01,0.0,0.0
1731946582.2522385,0.01,0.0,0.0
1731946582.25351,0.01,0.0,0.0
1731946582.254775,0.01,0.0,0.0
1731946582.2560322,0.01,0.0,0.0
1731946582.2579868,0.01,0.0,0.0
1731946582.2592666,0.01,0.0,0.0
1731946582.2605264,0.01,0.0,0.0
1731946582.2617683,0.01,0.0,0.0
1731946582.2629929,0.01,0.0,0.0
1731946582.2642422,0.01,0.0,0.0
1731946582.2657022,0.01,0.0,0.0
1731946582.2678583,0.01,0.0,0.0
1731946582.2691698,0.01,0.0,0.0
1731946582.272964,0.01,0.0,0.0
1731946582.274862,0.01,0.0,0.0
1731946582.276169,0.01,0.0,0.0
1731946582.2774734,0.01,0.0,0.0
1731946582.278901,0.01,0.0,0.0
1731946582.280257,0.01,0.0,0.0
1731946582.281825,0.01,0.0,0.0
1731946582.2831314,0.01,0.0,0.0
1731946582.2852945,0.01,0.0,0.0
1731946582.2866437,0.01,0.0,0.0
1731946582.2878354,0.01,0.0,0.0
1731946582.2890668,0.01,0.0,0.0
1731946582.2903655,0.01,0.0,0.0
1731946582.2916355,0.01,0.0,0.0
1731946582.2927008,0.01,0.0,0.0
1731946582.2941504,0.01,0.0,0.0
1731946582.294987,0.01,0.0,0.0
1731946582.2958972,0.01,0.0,0.0
1731946582.296704,0.01,0.0,0.0
1731946582.2974832,0.01,0.0,0.0
1731946582.2983449,0.01,0.0,0.0
1731946582.2992167,0.01,0.0,0.0
1731946582.30072,0.01,0.0,0.0
1731946582.3016474,0.01,0.0,0.0
1731946582.3026035,0.01,0.0,0.0
1731946582.3034487,0.01,0.0,0.0
1731946582.304347,0.01,0.0,0.0
1731946582.3058734,0.01,0.0,0.0
1731946582.3071017,0.01,0.0,0.0
1731946582.3073914,0.01,0.0,0.0
1731946582.3098755,0.01,0.0,0.0
1731946582.3105729,0.01,0.0,0.0
1731946582.3113954,0.01,0.0,0.0
1731946582.31528,0.01,0.0,0.0
1731946582.3156736,0.01,0.0,0.0
1731946582.3158941,0.01,0.0,0.0
1731946582.3161278,0.01,0.0,0.0
1731946582.31642,0.01,0.0,0.0
1731946582.3198037,0.01,0.0,0.0
1731946582.3201172,0.01,0.0,0.0
1731946582.3203185,0.01,0.0,0.0
1731946582.322322,0.01,0.0,0.0
1731946582.3236692,0.01,0.0,0.0
1731946582.3258576,0.01,0.0,0.0
1731946582.3265076,0.01,0.0,0.0
1731946582.3288538,0.01,0.0,0.0
1731946582.3296776,0.01,0.0,0.0
1731946582.3307004,0.01,0.0,0.0
1731946582.3315337,0.01,0.0,0.0
1731946582.332721,0.01,0.0,0.0
1731946582.333528,0.01,0.0,0.0
1731946582.337249,0.01,0.0,0.0
1731946582.3381865,0.01,0.0,0.0
1731946582.3407137,0.01,0.0,0.0
1731946582.3408473,0.01,0.0,0.0
1731946582.3411043,0.01,0.0,0.0
1731946582.342284,0.01,0.0,0.0
1731946582.3436177,0.01,0.0,0.0
1731946582.343799,0.01,0.0,0.0
1731946582.3471384,0.01,0.0,0.0
1731946582.3494782,0.01,0.0,0.0
1731946582.350787,0.01,0.0,0.0
1731946582.3521671,0.01,0.0,0.0
1731946582.35331,0.01,0.0,0.0
1731946582.3551276,0.01,0.0,0.0
1731946582.3561463,0.01,0.0,0.0
1731946582.3570797,0.01,0.0,0.0
1731946582.3657224,0.01,0.0,0.0
1731946582.36684,0.01,0.0,0.0
1731946582.3670602,0.01,0.0,0.0
1731946582.3671975,0.01,0.0,0.0
1731946582.3673108,0.01,0.0,0.0
1731946582.3674169,0.01,0.0,0.0
1731946582.3675437,0.01,0.0,0.0
1731946582.367709,0.01,0.0,0.0
1731946582.3678536,0.01,0.0,0.0
1731946582.3681183,0.01,0.0,0.0
1731946582.3685305,0.01,0.0,0.0
1731946582.3687475,0.01,0.0,0.0
1731946582.3690126,0.01,0.0,0.0
1731946582.3693717,0.01,0.0,0.0
1731946582.3695984,0.01,0.0,0.0
1731946582.3702574,0.01,0.0,0.0
1731946582.3706014,0.01,0.0,0.0
1731946582.3743403,0.01,0.0,0.0
1731946582.377304,0.01,0.0,0.0
1731946582.378229,0.01,0.0,0.0
1731946582.3784766,0.01,0.0,0.0
1731946582.3786592,0.01,0.0,0.0
1731946582.3788064,0.01,0.0,0.0
1731946582.3798153,0.01,0.0,0.0
1731946582.381463,0.01,0.0,0.0
1731946582.3839393,0.01,0.0,0.0
1731946582.3857656,0.01,0.0,0.0
1731946582.3898032,0.01,0.0,0.0
1731946582.3902473,0.01,0.0,0.0
1731946582.396104,0.01,0.0,0.0
1731946582.3976705,0.01,0.0,0.0
1731946582.3981168,0.01,0.0,0.0
1731946582.3983147,0.01,0.0,0.0
1731946582.3992367,0.01,0.0,0.0
1731946582.400148,0.01,0.0,0.0
1731946582.402971,0.01,0.0,0.0
1731946582.4047403,0.01,0.0,0.0
1731946582.406858,0.01,0.0,0.0
1731946582.4072227,0.01,0.0,0.0
1731946582.4088955,0.01,0.0,0.0
1731946582.409712,0.01,0.0,0.0
1731946582.4115813,0.01,0.0,0.0
1731946582.4119442,0.01,0.0,0.0
1731946582.4220562,0.01,0.0,0.0
1731946582.4224114,0.01,0.0,0.0
1731946582.4226375,0.01,0.0,0.0
1731946582.423057,0.01,0.0,0.0
1731946582.4275434,0.01,0.0,0.0
1731946582.4289553,0.01,0.0,0.0
1731946582.4366202,0.01,0.0,0.0
1731946582.437217,0.01,0.0,0.0
1731946582.4407964,0.01,0.0,0.0
1731946582.4429898,0.01,0.0,0.0
1731946582.443258,0.01,0.0,0.0
1731946582.4447043,0.01,0.0,0.0
1731946582.4455225,0.01,0.0,0.0
1731946582.4457335,0.01,0.0,0.0
1731946582.446546,0.01,0.0,0.0
1731946582.4471152,0.01,0.0,0.0
1731946582.4484584,0.01,0.0,0.0
1731946582.4508712,0.01,0.0,0.0
1731946582.4514744,0.01,0.0,0.0
1731946582.4519491,0.01,0.0,0.0
1731946582.4524865,0.01,0.0,0.0
1731946582.4540048,0.01,0.0,0.0
1731946582.454504,0.01,0.0,0.0
1731946582.455164,0.01,0.0,0.0
1731946582.4566395,0.01,0.0,0.0
1731946582.4623864,0.01,0.0,0.0
1731946582.462627,0.01,0.0,0.0
1731946582.4628098,0.01,0.0,0.0
1731946582.4651859,0.01,0.0,0.0
1731946582.4677217,0.01,0.0,0.0
1731946582.4708612,0.01,0.0,0.0
1731946582.4710393,0.01,0.0,0.0
1731946582.4711628,0.01,0.0,0.0
1731946582.4713047,0.01,0.0,0.0
1731946582.4717226,0.01,0.0,0.0
1731946582.4718418,0.01,0.0,0.0
1731946582.472019,0.01,0.0,0.0
1731946582.4721293,0.01,0.0,0.0
1731946582.4723356,0.01,0.0,0.0
1731946582.4725223,0.01,0.0,0.0
1731946582.4827101,0.01,0.0,0.0
1731946582.523187,0.01,0.0,0.0
1731946582.5235214,0.01,0.0,0.0
1731946582.52619,0.01,0.0,0.0
1731946582.5314627,0.01,0.0,0.0
1731946582.533316,0.01,0.0,0.0
1731946582.533637,0.01,0.0,0.0
1731946582.533789,0.01,0.0,0.0
1731946582.5338988,0.01,0.0,0.0
1731946582.534062,0.01,0.0,0.0
1731946582.5342252,0.01,0.0,0.0
1731946582.5343895,0.01,0.0,0.0
1731946582.5403812,0.01,0.0,0.0
1731946582.540875,0.01,0.0,0.0
1731946582.541069,0.01,0.0,0.0
1731946582.541239,0.01,0.0,0.0
1731946582.5413973,0.01,0.0,0.0
1731946582.5415583,0.01,0.0,0.0
1731946582.5417209,0.01,0.0,0.0
1731946582.5420375,0.01,0.0,0.0
1731946582.5422018,0.01,0.0,0.0
1731946582.5423658,0.01,0.0,0.0
1731946582.5426066,0.01,0.0,0.0
1731946582.5428455,0.01,0.0,0.0
1731946582.5430224,0.01,0.0,0.0
1731946582.5468338,0.01,0.0,0.0
1731946582.5479834,0.01,0.0,0.0
1731946582.5482998,0.01,0.0,0.0
1731946582.5489054,0.01,0.0,0.0
1731946582.5502605,0.01,0.0,0.0
1731946582.5516508,0.01,0.0,0.0
1731946582.5534124,0.01,0.0,0.0
1731946582.5545342,0.01,0.0,0.0
1731946582.555795,0.01,0.0,0.0
1731946582.5571067,0.01,0.0,0.0
1731946582.5584147,0.01,0.0,0.0
1731946582.5597985,0.01,0.0,0.0
1731946582.561648,0.01,0.0,0.0
1731946582.5630136,0.01,0.0,0.0
1731946582.564417,0.01,0.0,0.0
1731946582.566654,0.01,0.0,0.0
1731946582.5680385,0.01,0.0,0.0
1731946582.5694032,0.01,0.0,0.0
1731946582.570757,0.01,0.0,0.0
1731946582.572736,0.01,0.0,0.0
1731946582.573979,0.01,0.0,0.0
1731946582.5757046,0.01,0.0,0.0
1731946582.5770967,0.01,0.0,0.0
1731946582.5787804,0.01,0.0,0.0
1731946582.5801268,0.01,0.0,0.0
1731946582.5815187,0.01,0.0,0.0
1731946582.5831676,0.01,0.0,0.0
1731946582.584329,0.01,0.0,0.0
1731946582.5870192,0.01,0.0,0.0
1731946582.5882518,0.01,0.0,0.0
1731946582.5896177,0.01,0.0,0.0
1731946582.5907776,0.01,0.0,0.0
1731946582.5920422,0.01,0.0,0.0
1731946582.593386,0.01,0.0,0.0
1731946582.5946987,0.01,0.0,0.0
1731946582.5960386,0.01,0.0,0.0
1731946582.597313,0.01,0.0,0.0
1731946582.5986478,0.01,0.0,0.0
1731946582.6000016,0.01,0.0,0.0
1731946582.6013865,0.01,0.0,0.0
1731946582.6027284,0.01,0.0,0.0
1731946582.604116,0.01,0.0,0.0
1731946582.6062486,0.01,0.0,0.0
1731946582.6079707,0.01,0.0,0.0
1731946582.6092463,0.01,0.0,0.0
1731946582.61058,0.01,0.0,0.0
1731946582.6119115,0.01,0.0,0.0
1731946582.613265,0.01,0.0,0.0
1731946582.6146288,0.01,0.0,0.0
1731946582.616503,0.01,0.0,0.0
1731946582.6170125,0.01,0.0,0.0
1731946582.6183536,0.01,0.0,0.0
1731946582.618864,0.01,0.0,0.0
1731946582.6206431,0.01,0.0,0.0
1731946582.623452,0.01,0.0,0.0
1731946582.6236775,0.01,0.0,0.0
1731946582.6239085,0.01,0.0,0.0
1731946582.6251442,0.01,0.0,0.0
1731946582.627693,0.01,0.0,0.0
1731946582.6310809,0.01,0.0,0.0
1731946582.6336184,0.01,0.0,0.0
1731946582.6355834,0.01,0.0,0.0
1731946582.6357837,0.01,0.0,0.0
1731946582.6359158,0.01,0.0,0.0
1731946582.636445,0.01,0.0,0.0
1731946582.6372128,0.01,0.0,0.0
1731946582.63743,0.01,0.0,0.0
1731946582.6376088,0.01,0.0,0.0
1731946582.6377761,0.01,0.0,0.0
1731946582.6383312,0.01,0.0,0.0
1731946582.6388586,0.01,0.0,0.0
1731946582.6394234,0.01,0.0,0.0
1731946582.640485,0.01,0.0,0.0
1731946582.6419592,0.01,0.0,0.0
1731946582.6425505,0.01,0.0,0.0
1731946582.6444118,0.01,0.0,0.0
1731946582.644791,0.01,0.0,0.0
1731946582.6497555,0.01,0.0,0.0
1731946582.65092,0.01,0.0,0.0
1731946582.651896,0.01,0.0,0.0
1731946582.6529202,0.01,0.0,0.0
1731946582.6544344,0.01,0.0,0.0
1731946582.655922,0.01,0.0,0.0
1731946582.6568549,0.01,0.0,0.0
1731946582.6590905,0.01,0.0,0.0
1731946582.6596336,0.01,0.0,0.0
1731946582.6608782,0.01,0.0,0.0
1731946582.662368,0.01,0.0,0.0
1731946582.6634128,0.01,0.0,0.0
1731946582.6645045,0.01,0.0,0.0
1731946582.6673183,0.01,0.0,0.0
1731946582.6683693,0.01,0.0,0.0
1731946582.6699357,0.01,0.0,0.0
1731946582.6709464,0.01,0.0,0.0
1731946582.6722233,0.01,0.0,0.0
1731946582.673295,0.01,0.0,0.0
1731946582.6742318,0.01,0.0,0.0
1731946582.6751966,0.01,0.0,0.0
1731946582.6763031,0.01,0.0,0.0
1731946582.677969,0.01,0.0,0.0
1731946582.6800292,0.01,0.0,0.0
1731946582.6809945,0.01,0.0,0.0
1731946582.683078,0.01,0.0,0.0
1731946582.6842256,0.01,0.0,0.0
1731946582.6881926,0.01,0.0,0.0
1731946582.7101247,0.01,0.0,0.0
1731946582.710383,0.01,0.0,0.0
1731946582.710565,0.01,0.0,0.0
1731946582.7106721,0.01,0.0,0.0
1731946582.710779,0.01,0.0,0.0
1731946582.7111163,0.01,0.0,0.0
1731946582.711211,0.01,0.0,0.0
1731946582.711295,0.01,0.0,0.0
1731946582.7113757,0.01,0.0,0.0
1731946582.7146237,0.01,0.0,0.0
1731946582.7149446,0.01,0.0,0.0
1731946582.715237,0.01,0.0,0.0
1731946582.715422,0.01,0.0,0.0
1731946582.7155907,0.01,0.0,0.0
1731946582.7157466,0.01,0.0,0.0
1731946582.715907,0.01,0.0,0.0
1731946582.7160797,0.01,0.0,0.0
1731946582.716236,0.01,0.0,0.0
1731946582.7284067,0.01,0.0,0.0
1731946582.7287443,0.01,0.0,0.0
1731946582.7289264,0.01,0.0,0.0
1731946582.7290947,0.01,0.0,0.0
1731946582.7292614,0.01,0.0,0.0
1731946582.7294238,0.01,0.0,0.0
1731946582.7295856,0.01,0.0,0.0
1731946582.7297478,0.01,0.0,0.0
1731946582.7299018,0.01,0.0,0.0
1731946582.73005,0.01,0.0,0.0
1731946582.7301948,0.01,0.0,0.0
1731946582.730844,0.01,0.0,0.0
1731946582.7364626,0.01,0.0,0.0
1731946582.7365673,0.01,0.0,0.0
1731946582.736765,0.01,0.0,0.0
1731946582.737134,0.01,0.0,0.0
1731946582.737323,0.01,0.0,0.0
1731946582.7374892,0.01,0.0,0.0
1731946582.7375946,0.01,0.0,0.0
1731946582.7377467,0.01,0.0,0.0
1731946582.7379265,0.01,0.0,0.0
1731946582.73884,0.01,0.0,0.0
1731946582.740138,0.01,0.0,0.0
1731946582.7409728,0.01,0.0,0.0
1731946582.7419925,0.01,0.0,0.0
1731946582.744223,0.01,0.0,0.0
1731946582.7450223,0.01,0.0,0.0
1731946582.746156,0.01,0.0,0.0
1731946582.7470562,0.01,0.0,0.0
1731946582.747742,0.01,0.0,0.0
1731946582.748332,0.01,0.0,0.0
1731946582.748987,0.01,0.0,0.0
1731946582.7503092,0.01,0.0,0.0
1731946582.751277,0.01,0.0,0.0
1731946582.751798,0.01,0.0,0.0
1731946582.7523534,0.01,0.0,0.0
1731946582.7533548,0.01,0.0,0.0
1731946582.7541313,0.01,0.0,0.0
1731946582.7578614,0.01,0.0,0.0
1731946582.75966,0.01,0.0,0.0
1731946582.7599332,0.01,0.0,0.0
1731946582.7601311,0.01,0.0,0.0
1731946582.760301,0.01,0.0,0.0
1731946582.7605615,0.01,0.0,0.0
1731946582.761613,0.01,0.0,0.0
1731946582.7625976,0.01,0.0,0.0
1731946582.763524,0.01,0.0,0.0
1731946582.7648299,0.01,0.0,0.0
1731946582.7774956,0.01,0.0,0.0
1731946582.7789109,0.01,0.0,0.0
1731946582.7795503,0.01,0.0,0.0
1731946582.7800703,0.01,0.0,0.0
1731946582.7802076,0.01,0.0,0.0
1731946582.7803006,0.01,0.0,0.0
1731946582.7804346,0.01,0.0,0.0
1731946582.7805786,0.01,0.0,0.0
1731946582.7807274,0.01,0.0,0.0
1731946582.780876,0.01,0.0,0.0
1731946582.7810338,0.01,0.0,0.0
1731946582.7811902,0.01,0.0,0.0
1731946582.78135,0.01,0.0,0.0
1731946582.781627,0.01,0.0,0.0
1731946582.7819219,0.01,0.0,0.0
1731946582.7826183,0.01,0.0,0.0
1731946582.7888877,0.01,0.0,0.0
1731946582.79067,0.01,0.0,0.0
1731946582.7907887,0.01,0.0,0.0
1731946582.7909374,0.01,0.0,0.0
1731946582.791038,0.01,0.0,0.0
1731946582.791125,0.01,0.0,0.0
1731946582.7912095,0.01,0.0,0.0
1731946582.8206546,0.01,0.0,0.0
1731946582.823391,0.01,0.0,0.0
1731946582.8237405,0.01,0.0,0.0
1731946582.8240292,0.01,0.0,0.0
1731946582.82419,0.01,0.0,0.0
1731946582.8274279,0.01,0.0,-0.0
1731946582.8290634,0.01,0.0,-0.0
1731946582.8304863,0.01,0.0,-0.0
1731946582.8333118,0.01,0.0,-0.0
1731946582.834937,0.01,0.0,-0.0
1731946582.8359396,0.01,0.0,-0.0
1731946582.8371084,0.01,0.0,-0.0
1731946582.8382757,0.01,0.0,-0.0
1731946582.8399558,0.01,0.0,-0.0
1731946582.8412762,0.01,0.0,-0.0
1731946582.8415127,0.01,0.0,-0.0
1731946582.8487215,0.01,0.0,-0.0
1731946582.849349,0.01,0.0,-0.0
1731946582.849667,0.01,0.0,-0.0
1731946582.850446,0.01,0.0,-0.0
1731946582.8510516,0.01,0.0,-0.0
1731946582.8512514,0.01,0.0,-0.0
1731946582.8514247,0.01,0.0,-0.0
1731946582.8515697,0.01,0.0,-0.0
1731946582.851659,0.01,0.0,-0.0
1731946582.8517427,0.01,0.0,-0.0
1731946582.8547544,0.01,0.0,-0.0
1731946582.8550003,0.01,0.0,-0.0
1731946582.8551207,0.01,0.0,-0.0
1731946582.8552542,0.01,0.0,-0.0
1731946582.8570328,0.01,0.0,-0.0
1731946582.8572214,0.01,0.0,-0.0
1731946582.8596246,0.01,0.0,-0.0
1731946582.8614118,0.01,0.0,-0.0
1731946582.8616335,0.01,0.0,-0.0
1731946582.8674772,0.01,0.0,-0.0
1731946582.8676665,0.01,0.0,-0.0
1731946582.8693159,0.01,0.0,-0.0
1731946582.8709342,0.01,0.0,-0.0
1731946582.8722734,0.01,0.0,-0.0
1731946582.873632,0.01,0.0,-0.0
1731946582.874606,0.01,0.0,-0.0
1731946582.880206,0.01,0.0,-0.0
1731946582.8804495,0.01,0.0,-0.0
1731946582.8837912,0.01,0.0,-0.0
1731946582.8865314,0.01,0.0,-0.0
1731946582.8890395,0.01,0.0,-0.0
1731946582.8901527,0.01,0.0,-0.0
1731946582.8931084,0.01,0.0,-0.0
1731946582.8935971,0.01,0.0,-0.0
1731946582.8937845,0.01,0.0,-0.0
1731946582.89394,0.01,0.0,-0.0
1731946582.9013832,0.01,0.0,-0.0
1731946582.902324,0.01,0.0,-0.0
1731946582.9025483,0.01,0.0,-0.0
1731946582.9027333,0.01,0.0,-0.0
1731946582.9028382,0.01,0.0,-0.0
1731946582.9029279,0.01,0.0,-0.0
1731946582.903063,0.01,0.0,-0.0
1731946582.9083858,0.01,0.0,-0.0
1731946582.9089,0.01,0.0,-0.0
1731946582.910837,0.01,0.0,-0.0
1731946582.911588,0.01,0.0,-0.0
1731946582.9126296,0.01,0.0,-0.0
1731946582.9137669,0.01,0.0,-0.0
1731946582.915232,0.01,0.0,-0.0
1731946582.9163165,0.01,0.0,-0.0
1731946582.92015,0.01,0.0,-0.0
1731946582.9219248,0.01,0.0,-0.0
1731946582.9231915,0.01,0.0,-0.0
1731946582.9276004,0.01,0.0,-0.0
1731946582.928426,0.01,0.0,-0.0
1731946582.9290528,0.01,0.0,-0.0
1731946582.9341094,0.01,0.0,-0.0
1731946582.9344687,0.01,0.0,-0.0
1731946582.9375215,0.01,0.0,-0.0
1731946582.9377916,0.01,0.0,-0.0
1731946582.9379485,0.01,0.0,-0.0
1731946582.9380507,0.01,0.0,-0.0
1731946582.9421668,0.01,0.0,-0.0
1731946582.9424345,0.01,0.0,-0.0
1731946582.9425952,0.01,0.0,-0.0
1731946582.9435718,0.01,0.0,-0.0
1731946582.952511,0.01,0.0,-0.0
1731946582.9529593,0.01,0.0,-0.0
1731946582.9538467,0.01,0.0,-0.0
1731946582.954252,0.01,0.0,-0.0
1731946582.9564083,0.01,0.0,-0.0
1731946582.9589372,0.01,0.0,-0.0
1731946582.9598122,0.01,0.0,-0.0
1731946582.9603615,0.01,0.0,-0.0
1731946582.967595,0.01,0.0,-0.0
1731946582.968602,0.01,0.0,-0.0
1731946582.9689343,0.01,0.0,-0.0
1731946582.970425,0.01,0.0,-0.0
1731946582.9707463,0.01,0.0,-0.0
1731946582.97102,0.01,0.0,-0.0
1731946582.9712393,0.01,0.0,-0.0
1731946582.9714277,0.01,0.0,-0.0
1731946582.9715466,0.01,0.0,-0.0
1731946582.9732077,0.01,0.0,-0.0
1731946582.9746957,0.01,0.0,-0.0
1731946582.9788811,0.01,0.0,-0.0
1731946582.981058,0.01,0.0,-0.0
1731946582.9828842,0.01,0.0,-0.0
1731946582.9842167,0.01,0.0,-0.0
1731946582.9890852,0.01,0.0,-0.0
1731946582.990898,0.01,0.0,-0.0
1731946582.9912128,0.01,0.0,-0.0
1731946582.9987144,0.01,0.0,-0.0
1731946583.0002904,0.01,0.0,-0.0
1731946583.000865,0.01,0.0,-0.0
1731946583.0010204,0.01,0.0,-0.0
1731946583.0012228,0.01,0.0,-0.0
1731946583.0014102,0.01,0.0,-0.0
1731946583.001685,0.01,0.0,-0.0
1731946583.0028596,0.01,0.0,-0.0
1731946583.0057974,0.01,0.0,-0.0
1731946583.0071676,0.01,0.0,-0.0
1731946583.0082827,0.01,0.0,-0.0
1731946583.0107906,0.01,0.0,-0.0
1731946583.0110874,0.01,0.0,-0.0
1731946583.0122795,0.01,0.0,-0.0
1731946583.0143242,0.01,0.0,-0.0
1731946583.0146432,0.01,0.0,-0.0
1731946583.019185,0.01,0.0,-0.0
1731946583.0194812,0.01,0.0,-0.0
1731946583.0197537,0.01,0.0,-0.0
1731946583.0219195,0.01,0.0,-0.0
1731946583.0222647,0.01,0.0,-0.0
1731946583.022463,0.01,0.0,-0.0
1731946583.0226386,0.01,0.0,-0.0
1731946583.0232835,0.01,0.0,-0.0
1731946583.0268958,0.01,0.0,-0.0
1731946583.028853,0.01,0.0,-0.0
1731946583.0302622,0.01,0.0,-0.0
1731946583.0304677,0.01,0.0,-0.0
1731946583.0306377,0.01,0.0,-0.0
1731946583.032441,0.01,0.0,-0.0
1731946583.0327678,0.01,0.0,-0.0
1731946583.0344577,0.01,0.0,-0.0
1731946583.0450149,0.01,0.0,-0.0
1731946583.04532,0.01,0.0,-0.0
1731946583.0454893,0.01,0.0,-0.0
1731946583.045695,0.01,0.0,-0.0
1731946583.0458837,0.01,0.0,-0.0
1731946583.0460758,0.01,0.0,-0.0
1731946583.0462687,0.01,0.0,-0.0
1731946583.0464573,0.01,0.0,-0.0
1731946583.0466182,0.01,0.0,-0.0
1731946583.0467346,0.01,0.0,-0.0
1731946583.04763,0.01,0.0,-0.0
1731946583.0479841,0.01,0.0,-0.0
1731946583.0481536,0.01,0.0,-0.0
1731946583.048338,0.01,0.0,-0.0
1731946583.0489876,0.01,0.0,-0.0
1731946583.0502129,0.01,0.0,-0.0
1731946583.0511146,0.01,0.0,-0.0
1731946583.054312,0.01,0.0,-0.0
1731946583.0574286,0.01,0.0,-0.0
1731946583.059197,0.01,0.0,-0.0
1731946583.0595133,0.01,0.0,-0.0
1731946583.0669415,0.01,0.0,-0.0
1731946583.067241,0.01,0.0,-0.0
1731946583.0692122,0.01,0.0,-0.0
1731946583.0712264,0.01,0.0,-0.0
1731946583.0741847,0.01,0.0,-0.0
1731946583.0758858,0.01,0.0,-0.0
1731946583.0832965,0.01,0.0,-0.0
1731946583.085408,0.01,0.0,-0.0
1731946583.0861316,0.01,0.0,-0.0
1731946583.0862796,0.01,0.0,-0.0
1731946583.0898366,0.01,0.0,-0.0
1731946583.0916243,0.01,0.0,-0.0
1731946583.0918493,0.01,0.0,-0.0
1731946583.0920825,0.01,0.0,-0.0
1731946583.0929487,0.01,0.0,-0.0
1731946583.0931518,0.01,0.0,-0.0
1731946583.0933223,0.01,0.0,-0.0
1731946583.0935762,0.01,0.0,-0.0
1731946583.0937405,0.01,0.0,-0.0
1731946583.095287,0.01,0.0,-0.0
1731946583.1014705,0.01,0.0,-0.0
1731946583.1017282,0.01,0.0,-0.0
1731946583.1019602,0.01,0.0,-0.0
1731946583.1022065,0.01,0.0,-0.0
1731946583.1024528,0.01,0.0,-0.0
1731946583.1027308,0.01,0.0,-0.0
1731946583.102919,0.01,0.0,-0.0
1731946583.1030986,0.01,0.0,-0.0
1731946583.103278,0.01,0.0,-0.0
1731946583.1034567,0.01,0.0,-0.0
1731946583.104432,0.01,0.0,-0.0
1731946583.1046672,0.01,0.0,-0.0
1731946583.109388,0.01,0.0,-0.0
1731946583.1125696,0.01,0.0,-0.0
1731946583.112958,0.01,0.0,-0.0
1731946583.115325,0.01,0.0,-0.0
1731946583.1212037,0.01,0.0,-0.0
1731946583.1220524,0.01,0.0,-0.0
1731946583.1227555,0.01,0.0,-0.0
1731946583.123002,0.01,0.0,-0.0
1731946583.1231802,0.01,0.0,-0.0
1731946583.1275384,0.01,0.0,-0.0
1731946583.127919,0.01,0.0,-0.0
1731946583.1426039,0.01,0.0,-0.0
1731946583.142901,0.01,0.0,-0.0
1731946583.1430867,0.01,0.0,-0.0
1731946583.1432545,0.01,0.0,-0.0
1731946583.143418,0.01,0.0,-0.0
1731946583.143606,0.01,0.0,-0.0
1731946583.1446965,0.01,0.0,-0.0
1731946583.1448798,0.01,0.0,-0.0
1731946583.1450562,0.01,0.0,-0.0
1731946583.1452222,0.01,0.0,-0.0
1731946583.1484096,0.01,0.0,-0.0
1731946583.1488006,0.01,0.0,-0.0
1731946583.1489956,0.01,0.0,-0.0
1731946583.1491551,0.01,0.0,-0.0
1731946583.149313,0.01,0.0,-0.0
1731946583.1504502,0.01,0.0,-0.0
1731946583.1508121,0.01,0.0,-0.0
1731946583.1510234,0.01,0.0,-0.0
1731946583.1595974,0.01,0.0,-0.0
1731946583.160542,0.01,0.0,-0.0
1731946583.1609006,0.01,0.0,-0.0
1731946583.1611023,0.01,0.0,-0.0
1731946583.1617098,0.01,0.0,-0.0
1731946583.1619034,0.01,0.0,-0.0
1731946583.1620753,0.01,0.0,-0.0
1731946583.162243,0.01,0.0,-0.0
1731946583.162409,0.01,0.0,-0.0
1731946583.1625738,0.01,0.0,-0.0
1731946583.1680067,0.01,0.0,-0.0
1731946583.2269545,0.01,0.0,-0.0
1731946583.2301035,0.01,0.0,-0.0
1731946583.233198,0.01,0.0,-0.0
1731946583.2349026,0.01,0.0,-0.0
1731946583.2355528,0.01,0.0,-0.0
1731946583.2362273,0.01,0.0,-0.0
1731946583.2377505,0.01,0.0,-0.0
1731946583.237991,0.01,0.0,-0.0
1731946583.2383065,0.01,0.0,-0.0
1731946583.2399843,0.01,0.0,-0.0
1731946583.2427495,0.01,0.0,-0.0
1731946583.2449582,0.01,0.0,-0.0
1731946583.2453475,0.01,0.0,-0.0
1731946583.2455828,0.01,0.0,-0.0
1731946583.2457743,0.01,0.0,-0.0
1731946583.2459412,0.01,0.0,-0.0
1731946583.2535963,0.01,0.0,-0.0
1731946583.2541678,0.01,0.0,-0.0
1731946583.2576892,0.01,0.0,-0.0
1731946583.2602262,0.01,0.0,-0.0
1731946583.2609453,0.01,0.0,-0.0
1731946583.261281,0.01,0.0,-0.0
1731946583.2856457,0.01,0.0,-0.0
1731946583.2866583,0.01,0.0,-0.0
1731946583.2869272,0.01,0.0,-0.0
1731946583.2871227,0.01,0.0,-0.0
1731946583.2872927,0.01,0.0,-0.0
1731946583.2874556,0.01,0.0,-0.0
1731946583.2876084,0.01,0.0,-0.0
1731946583.2877,0.01,0.0,-0.0
1731946583.2888706,0.01,0.0,-0.0
1731946583.296244,0.01,0.0,-0.0
1731946583.298076,0.01,0.0,-0.0
1731946583.2991414,0.01,0.0,-0.0
1731946583.3008745,0.01,0.0,-0.0
1731946583.3020678,0.01,0.0,-0.0
1731946583.3025258,0.01,0.0,-0.0
1731946583.3040502,0.01,0.0,-0.0
1731946583.3073425,0.01,0.0,-0.0
1731946583.3090212,0.01,0.0,-0.0
1731946583.3108697,0.01,0.0,-0.0
1731946583.3124835,0.01,0.0,-0.0
1731946583.3153348,0.01,0.0,-0.0
1731946583.3168125,0.01,0.0,-0.0
1731946583.3175304,0.01,0.0,-0.0
1731946583.3210962,0.01,0.0,-0.0
1731946583.3212967,0.01,0.0,-0.0
1731946583.3225214,0.01,0.0,-0.0
1731946583.3266819,0.01,0.0,-0.0
1731946583.327057,0.01,0.0,-0.0
1731946583.3273065,0.01,0.0,-0.0
1731946583.3324697,0.01,0.0,-0.0
1731946583.335431,0.01,0.0,-0.0
1731946583.3358502,0.01,0.0,-0.0
1731946583.3361864,0.01,0.0,-0.0
1731946583.336436,0.01,0.0,-0.0
1731946583.3366094,0.01,0.0,-0.0
1731946583.3367631,0.01,0.0,-0.0
1731946583.3369007,0.01,0.0,-0.0
1731946583.3369882,0.01,0.0,-0.0
1731946583.3397117,0.01,0.0,-0.0
1731946583.3400068,0.01,0.0,-0.0
1731946583.3401837,0.01,0.0,-0.0
1731946583.3403046,0.01,0.0,-0.0
1731946583.3404562,0.01,0.0,-0.0
1731946583.3406482,0.01,0.0,-0.0
1731946583.3447735,0.01,0.0,-0.0
1731946583.3450525,0.01,0.0,-0.0
1731946583.3453066,0.01,0.0,-0.0
1731946583.3456333,0.01,0.0,-0.0
1731946583.3542368,0.01,0.0,-0.0
1731946583.3550594,0.01,0.0,-0.0
1731946583.355518,0.01,0.0,-0.0
1731946583.356003,0.01,0.0,-0.0
1731946583.3584855,0.01,0.0,-0.0
1731946583.3593538,0.01,0.0,-0.0
1731946583.3602886,0.01,0.0,-0.0
1731946583.3618326,0.01,0.0,-0.0
1731946583.3637886,0.01,0.0,-0.0
1731946583.3691263,0.01,0.0,-0.0
1731946583.3702178,0.01,0.0,-0.0
1731946583.3724246,0.01,0.0,-0.0
1731946583.3739662,0.01,0.0,-0.0
1731946583.377478,0.01,0.0,-0.0
1731946583.3793101,0.01,0.0,-0.0
1731946583.3830452,0.01,0.0,-0.0
1731946583.3843887,0.01,0.0,-0.0
1731946583.3848336,0.01,0.0,-0.0
1731946583.393181,0.01,0.0,-0.0
1731946583.395293,0.01,0.0,-0.0
1731946583.3971834,0.01,0.0,-0.0
1731946583.3975008,0.01,0.0,-0.0
1731946583.4008033,0.01,0.0,-0.0
1731946583.4016092,0.01,0.0,-0.0
1731946583.4038455,0.01,0.0,-0.0
1731946583.410349,0.01,0.0,-0.0
1731946583.4131858,0.01,0.0,-0.0
1731946583.4138896,0.01,0.0,-0.0
1731946583.418628,0.01,0.0,-0.0
1731946583.4189987,0.01,0.0,-0.0
1731946583.4197674,0.01,0.0,-0.0
1731946583.4227338,0.01,0.0,-0.0
1731946583.4233747,0.01,0.0,-0.0
1731946583.4236102,0.01,0.0,-0.0
1731946583.4314926,0.01,0.0,-0.0
1731946583.4363213,0.01,0.0,-0.0
1731946583.440161,0.01,0.0,-0.0
1731946583.4407024,0.01,0.0,-0.0
1731946583.4424536,0.01,0.0,-0.0
1731946583.444058,0.01,0.0,-0.0
1731946583.4503977,0.01,0.0,-0.0
1731946583.4511425,0.01,0.0,-0.0
1731946583.452491,0.01,0.0,-0.0
1731946583.454523,0.01,0.0,-0.0
1731946583.4687474,0.01,0.0,-0.0
