1732028741.1773024,-0.01,0.16,0.79
1732028741.1793888,0.0,0.16,0.79
1732028741.23048,0.02,0.17,0.79
1732028741.2814345,0.04,0.18,0.79
1732028741.3339503,0.06,0.19,0.79
1732028741.378738,0.08,0.2,0.79
1732028741.4296267,0.11,0.22,0.79
1732028741.479867,0.13,0.23,0.79
1732028741.5290954,0.16,0.25,0.79
1732028741.5796022,0.19,0.27,0.79
1732028741.630791,0.22,0.29,0.78
1732028741.6799006,0.25,0.31,0.78
1732028741.7289188,0.28,0.33,0.78
1732028741.7826529,0.31,0.35,0.78
1732028741.8318212,0.34,0.37,0.78
1732028741.880377,0.37,0.39,0.78
1732028741.9288359,0.4,0.41,0.78
1732028741.980263,0.44,0.43,0.78
1732028742.0294368,0.47,0.45,0.77
1732028742.0806665,0.5,0.47,0.77
1732028742.1300418,0.53,0.49,0.77
1732028742.1815171,0.56,0.51,0.77
1732028742.2298045,0.59,0.53,0.76
1732028742.280178,0.63,0.55,0.76
1732028742.330811,0.66,0.57,0.76
1732028742.378752,0.69,0.59,0.76
1732028742.429615,0.72,0.61,0.75
1732028742.4797432,0.75,0.63,0.75
1732028742.5295913,0.79,0.65,0.75
1732028742.5802186,0.82,0.67,0.74
1732028742.6289282,0.85,0.69,0.74
1732028742.6788774,0.89,0.71,0.74
1732028742.7293506,0.92,0.73,0.73
1732028742.7792819,0.96,0.75,0.73
1732028742.8311796,0.99,0.78,0.73
1732028742.8802607,1.02,0.8,0.72
1732028742.9289088,1.06,0.82,0.72
1732028742.9789124,1.09,0.84,0.71
1732028743.0300467,1.13,0.86,0.71
1732028743.079034,1.17,0.88,0.7
1732028743.1291828,1.2,0.9,0.7
1732028743.1789465,1.24,0.92,0.7
1732028743.2309382,1.28,0.94,0.69
1732028743.2809308,1.31,0.96,0.69
1732028743.3295813,1.35,0.99,0.68
1732028743.3788488,1.39,1.01,0.68
1732028743.4297209,1.43,1.03,0.67
1732028743.4800406,1.47,1.05,0.67
1732028743.530044,1.51,1.07,0.66
1732028743.5787795,1.55,1.09,0.66
1732028743.6301658,1.59,1.11,0.65
1732028743.6791098,1.63,1.14,0.65
1732028743.729302,1.67,1.16,0.64
1732028743.7790308,1.71,1.18,0.64
1732028743.831178,1.75,1.2,0.63
1732028743.8793287,1.79,1.22,0.63
1732028743.932137,1.84,1.24,0.62
1732028743.9801211,1.88,1.27,0.62
1732028744.0294263,1.92,1.29,0.61
1732028744.0792599,1.97,1.31,0.61
1732028744.131266,2.01,1.33,0.6
1732028744.1796448,2.06,1.35,0.59
1732028744.2288733,2.1,1.38,0.59
1732028744.2791605,2.15,1.4,0.58
1732028744.3302789,2.2,1.42,0.58
1732028744.3793314,2.24,1.44,0.57
1732028744.429124,2.29,1.46,0.57
1732028744.4814262,2.34,1.49,0.56
1732028744.5356627,2.39,1.51,0.56
1732028744.5838451,2.44,1.53,0.55
1732028744.6303053,2.49,1.55,0.55
1732028744.6818385,2.54,1.58,0.54
1732028744.7299268,2.59,1.6,0.54
1732028744.7796626,2.64,1.62,0.53
1732028744.830941,2.69,1.64,0.53
1732028744.8788395,2.74,1.66,0.52
1732028744.9309826,2.8,1.69,0.52
1732028744.9795835,2.85,1.71,0.51
1732028745.0298438,2.9,1.73,0.51
1732028745.0789459,2.96,1.75,0.51
1732028745.1302826,3.01,1.77,0.5
1732028745.1787035,3.07,1.8,0.5
1732028745.2307844,3.12,1.82,0.49
1732028745.279479,3.18,1.84,0.49
1732028745.3296297,3.24,1.86,0.48
1732028745.3806899,3.29,1.88,0.48
1732028745.4294646,3.35,1.91,0.48
1732028745.4788156,3.41,1.93,0.47
1732028745.5303576,3.47,1.95,0.47
1732028745.5802915,3.52,1.97,0.47
1732028745.6295311,3.58,1.99,0.46
1732028745.6795106,3.64,2.01,0.46
1732028745.7304006,3.7,2.04,0.46
1732028745.7799575,3.76,2.06,0.45
1732028745.8298483,3.82,2.08,0.45
1732028745.880127,3.88,2.1,0.45
1732028745.9292703,3.94,2.12,0.44
1732028745.978743,4.0,2.14,0.44
1732028746.0302413,4.06,2.16,0.44
1732028746.0792825,4.13,2.18,0.44
1732028746.1312938,4.19,2.21,0.43
1732028746.179296,4.25,2.23,0.43
1732028746.2341115,4.31,2.25,0.43
1732028746.279729,4.38,2.27,0.43
1732028746.3290584,4.44,2.29,0.43
1732028746.378937,4.5,2.31,0.43
1732028746.4314308,4.57,2.33,0.42
1732028746.4799523,4.63,2.35,0.42
1732028746.5292559,4.69,2.37,0.42
1732028746.5799446,4.76,2.39,0.42
1732028746.6309547,4.82,2.42,0.42
1732028746.6801214,4.89,2.44,0.42
1732028746.7298665,4.95,2.46,0.42
1732028746.7800634,5.01,2.48,0.42
1732028746.829653,5.08,2.5,0.42
1732028746.8793972,5.14,2.52,0.42
1732028746.929962,5.21,2.54,0.42
1732028746.980133,5.27,2.56,0.42
1732028747.0294747,5.34,2.58,0.42
1732028747.0795622,5.41,2.61,0.42
1732028747.130596,5.47,2.63,0.42
1732028747.1789534,5.54,2.65,0.42
1732028747.2307558,5.6,2.67,0.42
1732028747.2808738,5.67,2.69,0.42
1732028747.3299515,5.73,2.71,0.42
1732028747.3797636,5.8,2.73,0.42
1732028747.4310586,5.87,2.76,0.42
1732028747.480705,5.93,2.78,0.42
1732028747.5290709,6.0,2.8,0.42
1732028747.5791047,6.06,2.82,0.42
1732028747.6299636,6.13,2.84,0.42
1732028747.6791806,6.2,2.86,0.42
1732028747.7291064,6.26,2.89,0.43
1732028747.7804875,6.33,2.91,0.43
1732028747.830365,6.4,2.93,0.43
1732028747.8826685,6.46,2.95,0.43
1732028747.9303603,6.53,2.98,0.43
1732028747.9800255,6.59,3.0,0.43
1732028748.0296795,6.66,3.02,0.44
1732028748.0787838,6.73,3.05,0.44
1732028748.1310203,6.79,3.07,0.44
1732028748.180011,6.86,3.09,0.44
1732028748.2314394,6.93,3.12,0.44
1732028748.2802234,6.99,3.14,0.45
1732028748.329768,7.06,3.16,0.45
1732028748.3790839,7.12,3.19,0.45
1732028748.4287736,7.19,3.21,0.45
1732028748.4787903,7.26,3.23,0.45
1732028748.5315819,7.32,3.26,0.46
1732028748.579321,7.39,3.28,0.46
1732028748.629591,7.45,3.31,0.46
1732028748.6800787,7.52,3.33,0.46
1732028748.7305481,7.58,3.36,0.47
1732028748.780555,7.65,3.38,0.47
1732028748.8319306,7.72,3.41,0.47
1732028748.8787615,7.78,3.43,0.47
1732028748.9295053,7.85,3.46,0.48
1732028748.9788299,7.91,3.48,0.48
1732028749.0293736,7.98,3.51,0.48
1732028749.0789607,8.04,3.54,0.48
1732028749.1290994,8.11,3.56,0.49
1732028749.1789749,8.17,3.59,0.49
1732028749.2299018,8.24,3.62,0.49
1732028749.2789037,8.3,3.64,0.49
1732028749.3295045,8.37,3.67,0.5
1732028749.3786733,8.43,3.7,0.5
1732028749.4305022,8.5,3.72,0.5
1732028749.4795003,8.56,3.75,0.5
1732028749.5288928,8.62,3.78,0.51
1732028749.5791318,8.69,3.8,0.51
1732028749.6290395,8.75,3.83,0.51
1732028749.680095,8.82,3.86,0.52
1732028749.7294903,8.88,3.89,0.52
1732028749.7792053,8.94,3.91,0.52
1732028749.831074,9.01,3.94,0.52
1732028749.8790429,9.07,3.97,0.53
1732028749.9289951,9.13,4.0,0.53
1732028749.979053,9.2,4.03,0.53
1732028750.0326912,9.26,4.06,0.53
1732028750.078904,9.32,4.08,0.53
1732028750.1298192,9.38,4.11,0.54
1732028750.1794562,9.45,4.14,0.54
1732028750.2300303,9.51,4.17,0.54
1732028750.2790694,9.57,4.2,0.54
1732028750.3299887,9.63,4.23,0.55
1732028750.38026,9.69,4.26,0.55
1732028750.4300838,9.76,4.29,0.55
1732028750.4790916,9.82,4.32,0.55
1732028750.530051,9.88,4.34,0.55
1732028750.5790257,9.94,4.37,0.56
1732028750.6297297,10.0,4.4,0.56
1732028750.6794395,10.06,4.43,0.56
1732028750.7315526,10.12,4.46,0.56
1732028750.7797282,10.19,4.49,0.56
1732028750.829512,10.25,4.52,0.57
1732028750.879606,10.31,4.55,0.57
1732028750.9288824,10.37,4.58,0.57
1732028750.9788952,10.43,4.61,0.57
1732028751.0298595,10.49,4.64,0.57
1732028751.0817175,10.55,4.67,0.57
1732028751.1300857,10.61,4.7,0.57
1732028751.1798475,10.67,4.73,0.58
1732028751.2292428,10.73,4.76,0.58
1732028751.2816765,10.79,4.79,0.58
1732028751.3294559,10.84,4.82,0.58
1732028751.3792164,10.9,4.85,0.58
1732028751.430449,10.96,4.88,0.58
1732028751.4797597,11.02,4.91,0.58
1732028751.529929,11.08,4.94,0.58
1732028751.5804598,11.14,4.97,0.59
1732028751.63086,11.2,5.0,0.59
1732028751.680121,11.26,5.03,0.59
1732028751.7334116,11.32,5.06,0.59
1732028751.7787094,11.37,5.09,0.59
1732028751.8295226,11.43,5.12,0.59
1732028751.8827567,11.49,5.15,0.59
1732028751.9291217,11.55,5.18,0.59
1732028751.9809546,11.61,5.21,0.59
1732028752.0307963,11.66,5.24,0.59
1732028752.079784,11.72,5.27,0.59
1732028752.1298282,11.78,5.3,0.59
1732028752.1787229,11.84,5.33,0.59
1732028752.2303398,11.9,5.36,0.59
1732028752.278787,11.95,5.39,0.59
1732028752.3300133,12.01,5.42,0.59
1732028752.3816159,12.07,5.45,0.6
1732028752.4290268,12.13,5.48,0.6
1732028752.478931,12.18,5.51,0.6
1732028752.5322826,12.24,5.54,0.6
1732028752.5801322,12.3,5.57,0.6
1732028752.6305192,12.35,5.6,0.6
1732028752.6843817,12.41,5.63,0.6
1732028752.7310832,12.47,5.66,0.6
1732028752.780796,12.53,5.69,0.6
1732028752.831106,12.58,5.72,0.6
1732028752.8802059,12.64,5.75,0.6
1732028752.9299667,12.7,5.78,0.6
1732028752.9794958,12.75,5.81,0.6
1732028753.0295305,12.81,5.84,0.6
1732028753.07892,12.87,5.87,0.6
1732028753.129904,12.92,5.9,0.6
1732028753.1803102,12.98,5.93,0.6
1732028753.2296162,13.04,5.96,0.6
1732028753.2788901,13.1,5.99,0.59
1732028753.3299303,13.15,6.02,0.59
1732028753.3790722,13.21,6.05,0.59
1732028753.4299667,13.27,6.08,0.59
1732028753.4804025,13.32,6.11,0.59
1732028753.5310686,13.38,6.14,0.59
1732028753.5800607,13.44,6.16,0.59
1732028753.62884,13.49,6.19,0.59
1732028753.679467,13.55,6.22,0.59
1732028753.7292798,13.61,6.25,0.59
1732028753.7789304,13.66,6.28,0.59
1732028753.8291097,13.72,6.31,0.59
1732028753.8790846,13.78,6.34,0.59
1732028753.9313755,13.83,6.37,0.59
1732028753.9794314,13.89,6.4,0.59
1732028754.029223,13.95,6.43,0.59
1732028754.0800414,14.01,6.46,0.59
1732028754.1290975,14.06,6.49,0.59
1732028754.1789675,14.12,6.52,0.59
1732028754.2302597,14.18,6.55,0.59
1732028754.2790182,14.23,6.57,0.59
1732028754.3298748,14.29,6.6,0.58
1732028754.3788352,14.35,6.63,0.58
1732028754.4310308,14.41,6.66,0.58
1732028754.4815326,14.46,6.69,0.58
1732028754.5303664,14.52,6.72,0.58
1732028754.5795481,14.58,6.75,0.58
1732028754.6293821,14.64,6.78,0.58
1732028754.6799455,14.69,6.81,0.58
1732028754.731287,14.75,6.84,0.58
1732028754.7802327,14.81,6.86,0.58
1732028754.8307123,14.87,6.89,0.58
1732028754.8795094,14.92,6.92,0.58
1732028754.9302237,14.98,6.95,0.58
1732028754.9800801,15.04,6.98,0.58
1732028755.0306594,15.1,7.01,0.58
1732028755.079954,15.15,7.04,0.58
1732028755.1300876,15.21,7.07,0.57
1732028755.178964,15.27,7.1,0.57
1732028755.2325153,15.33,7.12,0.57
1732028755.2810378,15.39,7.15,0.57
1732028755.3322003,15.44,7.18,0.57
1732028755.3825865,15.5,7.21,0.57
1732028755.4332519,15.56,7.24,0.57
1732028755.4825528,15.62,7.27,0.57
1732028755.5328605,15.68,7.3,0.57
1732028755.5813842,15.73,7.33,0.57
1732028755.630686,15.79,7.35,0.57
1732028755.6808863,15.85,7.38,0.57
1732028755.7315533,15.91,7.41,0.57
1732028755.780279,15.97,7.44,0.57
1732028755.8293996,16.03,7.47,0.57
1732028755.8802285,16.08,7.5,0.57
1732028755.931524,16.14,7.53,0.57
1732028755.9793751,16.2,7.55,0.57
1732028756.0308862,16.26,7.58,0.56
1732028756.078875,16.32,7.61,0.56
1732028756.1291182,16.38,7.64,0.56
1732028756.179355,16.44,7.67,0.56
1732028756.2316408,16.5,7.7,0.56
1732028756.281252,16.55,7.72,0.56
1732028756.3290474,16.61,7.75,0.56
1732028756.3793912,16.67,7.78,0.56
1732028756.4309843,16.73,7.81,0.56
1732028756.479578,16.79,7.84,0.56
1732028756.532559,16.85,7.87,0.56
1732028756.5809014,16.91,7.9,0.56
1732028756.629354,16.97,7.92,0.56
1732028756.6811225,17.03,7.95,0.56
1732028756.7291558,17.09,7.98,0.56
1732028756.7827866,17.14,8.01,0.56
1732028756.8297687,17.2,8.04,0.56
1732028756.8805819,17.26,8.07,0.56
1732028756.9293044,17.32,8.09,0.56
1732028756.9794753,17.38,8.12,0.56
1732028757.0301201,17.44,8.15,0.56
1732028757.0802133,17.5,8.18,0.56
1732028757.1294296,17.56,8.21,0.56
1732028757.179251,17.62,8.24,0.56
1732028757.2309456,17.68,8.27,0.56
1732028757.2796633,17.74,8.29,0.56
1732028757.3310072,17.8,8.32,0.56
1732028757.379799,17.86,8.35,0.56
1732028757.4296153,17.92,8.38,0.56
1732028757.479105,17.98,8.41,0.56
1732028757.5291548,18.04,8.44,0.56
1732028757.5796218,18.1,8.46,0.56
1732028757.6322415,18.16,8.49,0.56
1732028757.679337,18.22,8.52,0.56
1732028757.7289512,18.27,8.55,0.56
1732028757.7813034,18.33,8.58,0.56
